Frequency Power
1.517358581513191496e+01 1.519566963089853445e-04
3.338188879329021574e+01 9.500506022992043253e-05
4.855547460842213070e+01 1.682727265158564855e-05
5.765962609750128109e+01 1.677648049455622535e-05
7.586792907565957478e+01 1.160619711286932987e-05
9.711094921684426140e+01 1.459310228608942648e-05
1.122845350319761764e+02 7.754121813579528341e-06
1.335275551731608630e+02 4.643715785993516374e-06
1.547705753143455354e+02 6.300584716874298418e-07
1.699441611294774646e+02 8.789332973553172582e-06
1.820830297815829795e+02 4.170633868611501003e-06
1.972566155967149086e+02 2.594374186653016928e-06
2.276037872269787385e+02 1.558544530709156471e-06
2.397426558790842819e+02 2.319215628205989208e-06
2.549162416942161826e+02 9.947416624025070476e-06
2.731245446723744976e+02 6.957418537527058932e-06
2.852634133244800410e+02 5.315653019934615018e-06
3.125758677917174850e+02 7.177794005296045085e-06
3.307841707698757432e+02 5.221299875197114690e-06
3.429230394219812865e+02 3.048625007096233632e-06
3.550619080740868299e+02 5.006715265823630762e-06
3.702354938892187306e+02 9.403751625698004098e-06
3.823743625413242739e+02 9.234246021805272110e-06
3.975479483564561747e+02 2.295573355675520318e-06
4.096868170085617180e+02 1.804208502999842720e-06
4.248604028236936188e+02 3.444176683551361915e-06
4.369992714757991621e+02 8.539865574185484569e-07
4.491381401279047054e+02 5.113747956912436337e-06
4.673464431060630204e+02 1.555657260284804620e-06
4.794853117581685638e+02 1.867770495392536612e-06
5.007283318993532362e+02 1.688067214941107450e-06
5.219713520405379086e+02 3.069930746835416282e-06
5.371449378556698093e+02 4.656894592455013513e-06
5.553532408338280675e+02 1.209778775156085965e-06
5.765962609750127967e+02 2.894873403025683512e-06
5.948045639531710549e+02 2.125202833674797696e-06
6.130128669313294267e+02 2.449728073128859232e-06
6.372906042355405134e+02 5.534873856762974425e-06
6.524641900506724141e+02 5.097103181861483620e-06
6.676377758658043149e+02 3.284413917622032867e-06
6.828113616809362156e+02 2.082467020143080569e-06
7.010196646590944738e+02 6.078013769485399379e-07
7.222626848002792030e+02 3.809614138852853500e-06
7.404709877784374612e+02 4.111240220420142229e-06
7.677834422456749053e+02 4.573848517473780115e-06
7.829570280608068060e+02 6.120255977607054912e-07
7.950958967129123494e+02 7.215692463838952765e-06
8.102694825280442501e+02 2.990317077604078477e-06
8.224083511801497934e+02 3.254363009422696641e-06
8.345472198322553368e+02 9.292544080873341993e-06
8.497208056473872375e+02 1.750715900353502275e-05
8.739985429515983242e+02 1.325205114283164293e-04
8.922068459297566960e+02 4.916429322796942326e-04
9.134498660709413116e+02 5.592413387112801142e-05
9.286234518860732123e+02 1.308918055429576395e-05
9.407623205381787557e+02 5.396167167822106580e-06
9.529011891902842990e+02 1.418031944878388222e-05
9.680747750054161997e+02 2.309613098685078721e-06
9.893177951466009290e+02 1.344646007590572687e-06
1.004491380961732830e+03 2.329306040748655337e-06
1.034838552591996631e+03 4.835183427412537246e-07
1.056081572733181247e+03 1.330760401307625067e-06
1.068220441385286904e+03 9.677241692389536802e-07
1.092498178689497990e+03 1.580622572561063283e-06
1.107671764504629891e+03 9.212151431677651951e-06
1.122845350319761792e+03 3.038906830041176211e-06
1.134984218971867222e+03 1.472722064445912333e-06
1.150157804786999122e+03 4.276486985435093041e-06
1.171400824928183965e+03 2.322777727889754124e-06
1.189609127906342110e+03 7.320916150612575500e-07
1.198713279395421296e+03 7.292292287281772621e-07
1.213886865210553196e+03 5.215783729268599921e-07
1.226025733862658853e+03 4.057895041056510912e-07
1.238164602514764283e+03 5.338873514608749123e-07
1.253338188329896184e+03 3.365793877458937856e-06
1.277615925634107271e+03 7.422430986525594779e-06
1.292789511449239171e+03 4.581764648489415207e-06
1.317067248753450258e+03 2.606931430099481330e-06
1.329206117405555915e+03 3.556747534388880480e-06
1.344379703220687816e+03 2.322988134949988510e-06
1.365622723361872431e+03 3.822614986884489151e-06
1.386865743503057047e+03 5.623298504209825825e-06
1.408108763644241890e+03 2.821678734876912629e-06
1.423282349459373791e+03 1.881083214517568649e-06
1.447560086763584877e+03 7.854245441678894468e-06
1.462733672578716778e+03 4.180844946176880857e-06
1.477907258393848679e+03 2.648018584617588202e-06
1.490046127045954108e+03 2.819965355606735527e-06
1.502184995698059765e+03 6.049015876716858608e-07
1.514323864350165195e+03 3.971226671840628915e-07
1.523428015839244381e+03 6.597564055825309832e-07
1.538601601654376282e+03 2.892319039677995197e-06
1.550740470306481711e+03 6.911986526891113065e-06
1.562879338958587368e+03 4.913740304562639673e-06
1.575018207610692798e+03 3.163607622082166848e-06
1.587157076262798455e+03 4.111885049324406679e-06
1.599295944914903885e+03 1.118282848326067099e-05
1.611434813567009542e+03 7.673618503554198824e-06
1.623573682219114971e+03 3.088762457269690682e-06
1.647851419523326058e+03 6.966749024888366141e-06
1.669094439664510674e+03 4.652932888198501995e-06
1.684268025479642574e+03 8.854194472521453949e-06
1.696406894131748231e+03 1.448712334906738704e-05
1.708545762783853661e+03 2.054671117079062882e-05
1.720684631435959318e+03 5.810066757010119752e-05
1.741927651577143934e+03 2.020701214470825395e-03
1.757101237392275834e+03 2.626886206964792569e-04
1.781378974696486921e+03 1.380437103063502334e-02
1.802621994837671537e+03 4.788406892282963198e-07
1.817795580652803437e+03 3.153630528907515718e-06
1.823865014978856379e+03 2.830034451741528790e-06
1.842073317957014524e+03 7.607610475817912593e-06
1.854212186609120181e+03 9.215916752907699912e-06
1.872420489587278325e+03 6.981816329184647310e-06
1.890628792565436697e+03 5.459153169002055562e-07
1.911871812706621313e+03 2.294545372155040126e-06
1.927045398521753214e+03 2.200576067182076352e-06
1.936149550010832399e+03 1.695603252515460266e-06
1.951323135825964300e+03 1.253262339414176084e-07
1.975600873130175387e+03 4.652986395443052497e-06
1.993809176108333759e+03 1.014002464051163747e-06
2.012017479086492131e+03 1.620828190090494235e-06
2.033260499227676746e+03 7.207335570599883636e-07
2.048434085042808420e+03 6.098344982009388969e-06
2.060572953694914304e+03 3.881158574762955685e-06
2.075746539510046205e+03 3.107240297888080628e-06
2.090920125325178105e+03 1.494572370990296913e-06
2.106093711140310006e+03 1.298903860282408398e-06
2.124302014118468378e+03 1.445546509814397627e-06
2.157683902911758651e+03 5.211218378589806550e-06
2.178926923052943039e+03 1.187974106852570830e-06
2.206239377520180369e+03 1.813396154797235136e-06
2.218378246172286254e+03 3.045849090058987912e-06
2.236586549150444171e+03 4.036098964426328878e-06
2.251760134965576526e+03 2.074327482584274583e-06
2.273003155106760914e+03 2.143183566368102278e-06
2.291211458084919286e+03 1.621656612328796401e-06
2.309419761063077658e+03 1.058183986272183049e-06
2.327628064041236030e+03 4.646903683076511903e-06
2.354940518508473360e+03 2.123054301422181318e-06
2.376183538649658203e+03 2.564766296097133206e-06
2.394391841627816120e+03 2.707563629176034849e-06
2.409565427442948021e+03 1.884195169221263690e-06
2.433843164747159335e+03 3.021325815036694661e-06
2.455086184888344178e+03 2.430151309167474848e-06
2.473294487866502095e+03 6.465399491859321408e-07
2.494537508007686938e+03 4.494350597289319299e-06
2.512745810985845310e+03 4.782614538567815279e-07
2.524884679637950740e+03 4.788403161661174544e-07
2.552197134105188070e+03 8.950052146367406812e-07
2.564336002757293954e+03 4.386160320952892463e-07
2.579509588572425855e+03 9.540396200353647205e-07
2.591648457224531285e+03 7.130265229038350389e-06
2.606822043039663185e+03 7.029231956519863778e-06
2.618960911691768615e+03 2.364534831094376889e-05
2.634134497506900516e+03 2.982309105996778782e-04
2.652342800485058888e+03 2.181629715408787420e-04
2.670551103463217260e+03 3.023704011799701377e-05
2.691794123604401648e+03 5.678401606726767637e-06
2.716071860908612962e+03 5.300517590327576412e-06
2.743384315375850292e+03 4.295662787324491564e-06
2.758557901190982193e+03 3.955640804519003425e-06
2.791939789984272466e+03 4.092308241483772187e-06
2.807113375799404366e+03 3.748281279807830282e-06
2.819252244451509796e+03 2.871143177057381138e-06
2.831391113103615680e+03 1.294516847316630946e-06
2.846564698918747581e+03 4.573936147771813344e-06
2.858703567570853011e+03 9.659999951891299926e-07
2.873877153385984911e+03 5.119024794838414785e-06
2.892085456364143283e+03 7.123113652227514329e-06
2.910293759342301655e+03 5.046998171318307734e-06
2.943675648135591473e+03 3.872198946130095102e-06
2.958849233950723374e+03 2.821988408678744152e-06
2.974022819765855729e+03 2.874208127511274899e-06
2.992231122744013646e+03 6.166362008924905332e-07
3.013474142885198489e+03 2.465244894227401807e-06
3.037751880189409349e+03 2.151436558549854093e-06
3.049890748841515233e+03 1.007648994563297189e-06
3.062029617493620663e+03 2.003166141713216605e-06
3.077203203308752563e+03 3.083425243576269309e-06
3.089342071960857993e+03 2.217460154354759456e-06
3.110585092102042836e+03 1.004983565512135501e-06
3.122723960754148266e+03 6.580301810641713136e-07
3.134862829406253695e+03 1.708332736824482360e-06
3.150036415221385596e+03 4.934152376533236203e-06
3.162175283873491480e+03 1.082557513620249357e-06
3.186453021177702340e+03 2.017962786143140409e-06
3.210730758481913199e+03 5.007650554244325306e-06
3.225904344297045100e+03 8.884587267340369922e-07
3.244112647275203472e+03 4.719529856661371977e-06
3.259286233090335372e+03 2.695342731049451425e-06
3.274459818905467273e+03 1.064569125705482795e-06
3.295702839046652116e+03 1.012746233660621278e-06
3.316945859187836959e+03 2.161485286941922833e-06
3.332119445002968860e+03 1.812067564823939286e-06
3.353362465144153248e+03 2.526607138781519540e-06
3.377640202448364562e+03 7.500440914254735187e-07
3.398883222589548950e+03 6.879287588564138990e-06
3.411022091241654834e+03 1.182265890688880281e-06
3.423160959893760264e+03 3.358929934213470614e-06
3.435299828545865694e+03 1.572166734228389165e-05
3.450473414360997594e+03 1.469677931152529983e-05
3.462612283013103024e+03 1.060951882142063085e-05
3.471716434502182437e+03 1.616991218743859136e-05
3.486890020317314338e+03 9.393865754724014833e-05
3.499028888969419768e+03 1.363304415954846979e-04
3.511167757621525197e+03 1.960919331543696834e-04
3.523306626273631082e+03 7.341752704266132391e-03
3.544549646414815470e+03 1.665746776921536368e-05
3.562757949392973842e+03 5.304671684002158657e-05
3.577931535208105743e+03 5.158214627490099007e-06
3.590070403860211172e+03 1.429531900511579445e-06
3.605243989675343073e+03 2.531017471442319705e-06
3.614348141164422486e+03 4.809720954678964112e-06
3.638625878468633346e+03 7.303948269453608312e-06
3.653799464283765246e+03 5.762898501938405656e-06
3.668973050098897147e+03 6.320875166854153350e-07
3.681111918751002577e+03 2.022841751432648891e-07
3.699320221729160949e+03 6.886406364789322098e-07
3.726632676196398734e+03 2.210473940272153981e-06
3.738771544848504163e+03 1.745283557371621313e-06
3.750910413500609593e+03 1.673000792960322783e-06
3.763049282152715023e+03 4.556683427999017817e-06
3.787327019456926337e+03 4.119141567182962284e-06
3.805535322435084709e+03 5.428616280857516436e-06
3.817674191087190138e+03 1.157599416905124732e-06
3.832847776902322039e+03 5.382170130038193530e-07
3.844986645554427469e+03 1.629966656088615127e-07
3.863194948532585840e+03 1.545703957296868251e-06
3.899611554488902584e+03 5.163388062318330737e-06
3.914785140304034485e+03 6.220451489096510603e-06
3.929958726119166386e+03 2.553242766424231674e-06
3.954236463423377245e+03 1.565926981511880487e-06
3.969410049238509146e+03 1.705958966637174889e-06
3.981548917890614575e+03 5.200471262498287200e-07
3.993687786542720460e+03 3.428426309780695134e-06
4.014930806683904848e+03 2.426711029196677745e-06
4.033139109662063220e+03 3.863389931993469845e-06
4.075625149944432451e+03 8.074694862017652331e-06
4.099902887248643310e+03 1.178987845885857459e-05
4.115076473063775666e+03 2.422553222133782328e-06
4.130250058878907112e+03 2.133690444353541030e-06
4.142388927531012996e+03 7.802182759151480253e-07
4.154527796183118880e+03 4.153347058872937683e-07
4.166666664835223855e+03 2.516896767638999343e-06
4.181840250650356211e+03 5.488569269905543939e-07
4.193979119302461186e+03 2.527386218281123479e-07
4.206117987954567070e+03 4.359445691729480097e-07
4.227361008095751458e+03 1.704751157027243892e-06
4.263777614052068202e+03 1.706330977143114373e-06
4.291090068519305532e+03 3.829384506973306544e-06
4.309298371497464359e+03 5.079083787851802539e-06
4.333576108801675218e+03 7.655254524591941347e-06
4.348749694616806664e+03 2.736250023746566407e-06
4.360888563268912549e+03 3.757125385655873667e-07
4.376062149084044904e+03 2.951429970832603638e-06
4.397305169225229292e+03 2.693113211874003765e-05
4.415513472203387209e+03 1.501760621674312287e-06
4.433721775181546036e+03 5.262483371054713183e-06
4.451930078159703953e+03 1.940876357378067670e-06
4.464068946811809838e+03 6.106576562792428976e-07
4.479242532626941284e+03 3.428918013386315972e-06
4.494416118442073639e+03 1.712864355902203930e-06
4.515659138583258027e+03 1.119894964209014497e-06
4.546006310213521829e+03 8.498157182546738498e-07
4.558145178865627713e+03 1.292331266962143261e-06
4.573318764680759159e+03 4.595769556061454995e-06
4.588492350495891515e+03 4.854850808647255309e-06
4.603665936311022961e+03 3.307283659034686625e-06
4.615804804963128845e+03 3.053433853349221248e-06
4.630978390778260291e+03 4.761308247659548561e-06
4.652221410919445589e+03 1.629967052935566290e-06
4.664360279571550564e+03 1.785062273737045624e-06
4.688638016875762332e+03 2.028796791018277980e-06
4.703811602690893778e+03 2.701583159125609162e-06
4.718985188506026134e+03 8.309260027812421439e-07
4.734158774321157580e+03 1.609665210451479389e-06
4.755401794462342878e+03 1.165304426285127437e-06
4.770575380277474324e+03 1.702950004893745279e-06
4.785748966092606679e+03 1.413648429071780670e-06
4.797887834744711654e+03 3.228301587624761664e-07
4.813061420559844009e+03 3.338552492720173810e-06
4.843408592190107811e+03 4.152351518710961276e-06
4.888929349635503058e+03 1.611424095320891224e-06
4.913207086939713918e+03 1.239248955271116774e-06
4.940519541406952158e+03 2.654863135158773131e-07
4.955693127222083604e+03 8.354763067220579025e-07
4.967831995874189488e+03 2.064101002376985032e-06
4.983005581689320934e+03 2.324429458631589755e-06
4.998179167504453289e+03 1.806675134151825368e-06
5.007283318993531793e+03 2.074138169416987588e-06
5.022456904808664149e+03 8.343782518551439157e-07
5.037630490623796504e+03 2.707611131859892559e-06
5.052804076438927950e+03 1.361568565918222908e-06
5.071012379417085867e+03 5.592188786371141025e-07
5.098324833884324107e+03 2.115609840081879530e-06
5.119567854025508495e+03 4.942671428038094704e-06
5.134741439840639941e+03 2.089721058806978904e-06
5.152949742818798768e+03 1.589666282525873714e-06
5.195435783101167544e+03 3.860129072845069636e-06
5.210609368916299900e+03 3.051471102097833914e-06
5.222748237568405784e+03 2.900370239818406559e-06
5.237921823383537230e+03 6.865935547454093592e-06
5.268268995013801032e+03 1.578861626541343689e-04
5.283442580828933387e+03 8.379502955747034239e-05
5.301650883807091304e+03 3.222150422000903637e-05
5.313789752459197189e+03 3.859397662327592578e-06
5.328963338274328635e+03 2.859099928192637344e-06
5.335032772600381577e+03 2.802083220205790826e-06
5.350206358415513932e+03 4.878091600325504552e-06
5.365379944230645378e+03 1.033438830650460700e-06
5.377518812882751263e+03 1.198907146781159357e-06
5.392692398697882709e+03 2.066040927864495078e-06
5.407865984513015064e+03 1.153466347381264619e-06
5.423039570328146510e+03 1.416837692862320481e-06
5.447317307632357370e+03 6.315342316028689952e-06
5.462490893447489725e+03 2.037620138166683566e-06
5.486768630751700584e+03 3.986617597747968491e-06
5.501942216566832940e+03 7.687332217021254754e-07
5.523185236708017328e+03 7.076654610086506452e-06
5.553532408338281130e+03 5.346957139207942633e-06
5.586914297131571402e+03 2.739538939789836725e-06
5.608157317272755790e+03 1.225328596392184636e-06
5.623330903087888146e+03 2.084700948420099990e-07
5.638504488903019592e+03 1.117281955825705247e-06
5.656712791881178418e+03 2.007065572114385304e-06
5.671886377696309864e+03 2.777606231524318200e-06
5.693129397837495162e+03 3.437353955900589840e-07
5.708302983652626608e+03 8.991483326355544288e-07
5.729546003793810996e+03 3.310109664819129337e-06
5.744719589608943352e+03 2.019456187594141405e-06
5.759893175424075707e+03 1.861309138015865541e-06
5.772032044076180682e+03 4.058563370128944980e-06
5.787205629891313038e+03 3.680510462898602644e-06
5.799344498543418013e+03 5.058131094120402387e-07
5.817552801521576839e+03 2.796912250487804612e-06
5.838795821662761227e+03 1.308582491268422377e-06
5.853969407477893583e+03 4.411538218126882534e-06
5.881281861945130913e+03 4.530974584295036431e-06
5.896455447760262359e+03 1.602301644247066728e-06
5.911629033575394715e+03 4.328441421486866219e-06
5.929837336553552632e+03 1.647992654900855083e-06
5.957149791020789962e+03 1.244111649187817410e-05
5.975358093998948789e+03 3.782188890383653526e-06
5.984462245488027293e+03 2.469848703080937609e-06
6.002670548466186119e+03 1.904889895481925585e-06
6.014809417118291094e+03 7.325341194552126268e-07
6.029983002933423450e+03 1.139176247277471005e-06
6.045156588748554896e+03 3.230257018020142395e-06
6.066399608889740193e+03 2.223093341551696943e-06
6.087642629030924581e+03 4.353970100553910852e-07
6.099781497683030466e+03 3.480150874416210006e-06
6.114955083498161912e+03 1.980234368284168814e-06
6.124059234987241325e+03 7.404483671449967363e-07
6.136198103639347210e+03 9.067408585888785648e-06
6.154406406617505127e+03 1.972248910100922738e-05
6.178684143921715986e+03 5.303538373550673875e-05
6.196892446899874813e+03 8.511013484680833769e-06
6.212066032715006259e+03 5.277124178395957499e-06
6.233309052856190647e+03 4.311524659337896600e-06
6.257586790160402415e+03 3.299084026533509808e-06
6.294003396116718250e+03 8.744968082351639130e-06
6.318281133420930018e+03 3.013793845878917664e-06
6.339524153562114407e+03 2.043407512456688328e-06
6.351663022214220291e+03 1.607044716823808605e-06
6.372906042355404679e+03 2.178436457633360180e-06
6.406287931148694952e+03 5.845710849346276031e-06
6.454843405757116670e+03 4.298268997783237895e-06
6.485190577387380472e+03 2.550246069500438385e-06
6.500364163202512827e+03 2.782674018387568858e-06
6.512503031854618712e+03 1.542326087172066181e-06
6.527676617669750158e+03 6.531081227834458332e-07
6.539815486321856042e+03 1.808138760944975253e-06
6.554989072136987488e+03 6.625898140256106958e-07
6.567127940789093373e+03 2.260538461557960792e-06
6.579266809441198347e+03 1.907826378628314159e-06
6.603544546745410116e+03 3.754936928584963024e-06
6.618718132560541562e+03 2.359243718807020152e-06
6.642995869864752422e+03 3.573343135557678483e-06
6.661204172842911248e+03 2.926138583639715827e-06
6.676377758658042694e+03 4.052483998922518332e-06
6.691551344473175050e+03 5.227044773033943775e-06
6.715829081777385909e+03 2.699996713300972642e-06
6.737072101918570297e+03 3.095544876884799178e-06
6.770453990711860570e+03 2.746217551703604322e-06
6.800801162342124371e+03 2.033755681303740904e-06
6.815974748157256727e+03 2.072557483970250724e-06
6.828113616809361702e+03 4.993296181306387410e-07
6.843287202624494057e+03 5.363392915548844737e-07
6.855426071276599941e+03 6.211253943408826638e-07
6.885773242906863743e+03 1.387325524713778027e-06
6.897912111558968718e+03 3.661602451849681105e-06
6.925224566026206048e+03 4.331811116880595629e-06
6.940398151841338404e+03 3.899793197868352885e-07
6.958606454819496321e+03 4.819233516580534767e-06
6.991988343612786593e+03 1.229027177623757621e-06
7.016266080916997453e+03 2.392093691411502605e-06
7.031439666732129808e+03 1.312491678290056840e-05
7.046613252547262164e+03 7.454403346680477690e-05
7.070890989851473023e+03 9.160299629900172850e-06
7.089099292829630940e+03 4.134333342169458672e-06
7.101238161481736824e+03 5.196847434236070055e-07
7.113377030133841799e+03 1.859515762168388399e-06
7.128550615948974155e+03 1.235406754422822966e-06
7.155863070416211485e+03 1.450032512203294341e-06
7.183175524883448816e+03 1.722724888569765930e-06
7.195314393535554700e+03 1.631146387845452345e-06
7.222626848002792030e+03 2.715764557529423095e-06
7.252974019633055832e+03 2.565303166863797501e-06
7.268147605448187278e+03 1.598622565323159631e-06
7.283321191263319633e+03 3.022957260154258012e-07
7.295460059915425518e+03 1.100009780768631535e-06
7.319737797219636377e+03 7.667863716209406272e-08
7.331876665871741352e+03 2.244679489132619425e-07
7.344015534523847236e+03 3.599765759409013385e-07
7.362223837502005154e+03 2.386594448756746356e-06
7.377397423317137509e+03 9.662293574706956138e-07
7.392571009132268955e+03 2.232022259544626449e-06
7.407744594947401310e+03 6.310636840367153207e-06
7.422918180762533666e+03 1.429139927918011235e-06
7.435057049414638641e+03 2.609916755914758414e-06
7.453265352392797467e+03 1.816761984894871113e-06
7.468438938207928913e+03 1.465431243523626791e-06
7.483612524023061269e+03 1.538024920437914668e-06
7.507890261327272128e+03 1.554635539584350634e-06
7.523063847142403574e+03 4.924214166293806445e-07
7.538237432957535930e+03 2.215662044818570290e-06
7.547341584446615343e+03 2.246771473626973778e-06
7.568584604587799731e+03 5.833299567045783329e-07
7.592862341892010591e+03 2.371638336900216054e-06
7.611070644870169417e+03 3.072427484234632966e-06
7.620174796359247921e+03 4.379663509240734652e-06
7.635348382174380276e+03 6.608178765576270022e-06
7.650521967989511722e+03 2.084412642574546912e-06
7.662660836641617607e+03 4.097105151087604241e-06
7.674799705293722582e+03 4.665845200979496121e-06
7.693008008271881408e+03 9.767225549209658110e-06
7.717285745576092268e+03 3.546287925362925206e-06
7.738528765717276656e+03 6.293069093986935634e-07
7.759771785858461953e+03 1.769664874161092356e-06
7.774945371673593399e+03 1.416381967414851773e-06
7.790118957488725755e+03 6.417890159664740213e-07
7.802257826140830730e+03 2.021138727984824872e-06
7.817431411955963085e+03 9.757332365555711356e-07
7.829570280608068970e+03 2.607486000108742996e-06
7.853848017912279829e+03 2.136861375301533985e-06
7.887229906705570102e+03 4.576880382015822948e-06
7.902403492520701548e+03 1.166681485224881331e-05
7.929715946987938878e+03 3.850848736716551985e-06
7.944889532803071234e+03 2.421446480856112568e-06
7.960063118618202679e+03 2.596187577105874838e-06
7.987375573085440919e+03 4.318252328982436762e-06
8.023792179041756754e+03 4.098064340994294301e-06
8.042000482019915580e+03 4.761186490633844236e-06
8.069312936487152911e+03 2.694839852311449940e-06
8.084486522302284357e+03 1.960071712221040412e-06
8.102694825280443183e+03 3.729012635817490966e-06
8.117868411095574629e+03 2.830298517724975764e-06
8.136076714073733456e+03 2.627276454416439678e-06
8.160354451377944315e+03 9.096324772625846725e-07
8.175528037193076671e+03 6.836495996480954605e-06
8.187666905845181645e+03 4.849538953497945325e-06
8.205875208823339563e+03 7.081193714321791974e-06
8.224083511801498389e+03 2.526691539896934411e-06
8.239257097616629835e+03 2.135056192006621269e-06
8.251395966268735719e+03 2.312999918982023787e-06
8.272638986409920108e+03 1.794260271363271154e-06
8.293882006551104496e+03 1.550551541127126413e-06
8.315125026692290703e+03 1.626684518429118521e-06
8.336368046833475091e+03 4.779060541954739563e-06
8.366715218463737983e+03 5.126951053349473514e-06
8.384923521441896810e+03 5.396722464314517413e-06
8.409201258746108579e+03 1.932049972545645810e-06
8.424374844561240025e+03 1.020830372485855017e-06
8.442583147539398851e+03 1.187686200210420768e-06
8.457756733354530297e+03 1.246587141912270048e-06
8.475965036332687305e+03 2.861644435111694623e-06
8.494173339310846131e+03 2.288403853052925879e-06
8.509346925125977577e+03 2.288691626804312957e-06
8.524520510941110842e+03 8.434742253277463181e-07
8.539694096756242288e+03 3.235455924228693363e-06
8.557902399734401115e+03 2.420129726775661493e-06
8.573075985549532561e+03 3.980053616299333293e-07
8.588249571364664007e+03 3.135373252507884808e-06
8.618596742994928718e+03 4.234748863614623402e-06
8.648943914625191610e+03 5.346310106404082343e-07
8.664117500440323056e+03 3.875749496610117817e-06
8.679291086255456321e+03 1.432313644732703804e-06
8.691429954907562205e+03 1.399355756257098761e-06
8.703568823559666271e+03 1.747526190397444722e-06
8.718742409374799536e+03 2.105969247389799241e-06
8.730881278026903601e+03 5.520966310627684587e-07
8.752124298168089808e+03 1.194544714285893474e-06
8.767297883983221254e+03 1.086163675640464187e-06
8.782471469798352700e+03 1.515274247010100010e-06
8.797645055613484146e+03 6.945874832370211033e-07
8.827992227243748857e+03 1.264321559565481434e-05
8.849235247384933245e+03 9.619203259540121377e-07
8.876547701852170576e+03 2.796370224181600063e-06
8.906894873482435287e+03 2.004646557777630931e-06
8.922068459297566733e+03 2.557716749806395028e-06
8.940276762275725559e+03 1.132645185506526627e-06
8.958485065253882567e+03 6.143809472345982888e-07
8.976693368232041394e+03 2.437636716877762410e-06
8.991866954047172840e+03 2.746145202905465643e-06
9.010075257025331666e+03 1.666255542236607134e-06
9.037387711492568997e+03 1.093261622923538066e-07
9.058630731633753385e+03 1.424009103590102582e-06
9.076839034611912211e+03 2.387689726703117206e-06
9.095047337590071038e+03 1.752530579817367755e-06
9.122359792057308368e+03 1.111947090870308726e-05
9.149672246524545699e+03 7.473600609973949498e-07
9.173949983828755649e+03 2.718818982177314650e-06
9.192158286806914475e+03 3.426529089487081739e-06
9.207331872622045921e+03 9.310907506141344644e-08
9.216436024111126244e+03 1.840513542807115083e-07
9.228574892763230309e+03 1.547696020814700625e-06
9.243748478578363574e+03 1.885967619908517995e-06
9.268026215882573524e+03 1.317370935748307022e-06
9.283199801697706789e+03 1.204067647325792796e-07
9.292303953186785293e+03 6.024643580413351440e-07
9.307477539001916739e+03 3.200020835620218430e-06
9.325685841980075566e+03 1.359853343417995242e-06
9.349963579284287334e+03 3.398544757537830123e-06
9.371206599425471722e+03 5.125052703021039790e-06
9.389414902403628730e+03 2.496863822835446833e-06
9.410657922544814937e+03 2.723553750510359589e-06
9.437970377012052268e+03 3.034411414318870442e-06
9.453143962827183714e+03 3.001998136406794167e-06
9.468317548642315160e+03 3.723632280653534634e-06
9.486525851620473986e+03 2.601941689536552124e-06
9.510803588924685755e+03 3.940661770147381449e-07
9.525977174739817201e+03 1.471720477193450343e-06
9.541150760554948647e+03 2.332143612092305836e-07
9.550254912044027151e+03 5.347490770517302949e-07
9.562393780696133035e+03 4.444330870895511733e-07
9.577567366511264481e+03 2.384076323895564494e-06
9.595775669489423308e+03 1.292789337892290448e-06
9.617018689630607696e+03 1.678993434790790639e-06
9.641296426934819465e+03 3.781095913799846853e-06
9.659504729912978291e+03 3.322969152476553551e-06
9.671643598565082357e+03 7.440727273208574146e-06
9.683782467217188241e+03 3.792462544031103662e-06
9.701990770195347068e+03 7.011219080689708928e-06
9.720199073173505894e+03 1.030458153923343258e-06
9.738407376151662902e+03 4.612696069352340652e-07
9.759650396292849109e+03 1.631953116022648575e-06
9.786962850760086440e+03 2.562713201577282144e-06
9.796067002249164943e+03 1.841236843459718633e-06
9.814275305227323770e+03 9.895208513381978404e-06
9.841587759694561100e+03 3.374580056605997782e-06
9.871934931324823992e+03 5.185866241728687004e-07
9.884073799976929877e+03 4.335353312897934833e-07
9.899247385792061323e+03 3.495010797241089386e-06
9.914420971607194588e+03 1.349239135465844102e-06
9.926559840259298653e+03 2.570142156012290656e-06
9.941733426074431918e+03 2.782551871316126516e-06
9.953872294726535984e+03 6.881214199055543569e-07
9.969045880541669248e+03 7.480396665086509871e-07
9.984219466356800694e+03 2.840900576545566887e-06
1.000546248649798508e+04 5.771579294129454159e-07
1.002367078947614391e+04 1.868333496853125580e-06
1.005098324394338124e+04 2.813084995346430654e-06
1.007829569841061857e+04 3.105611413075597020e-06
1.010257343571483034e+04 2.596134809943074170e-06
1.014202475883417173e+04 3.574113195149760629e-07
1.015416362748627762e+04 4.274963911027956745e-07
1.016933721330141088e+04 2.335972486775317729e-06
1.019361495060562083e+04 1.266168826809423882e-06
1.020878853642075228e+04 3.176579389543598946e-07
1.023003155656193849e+04 1.306484468741416083e-06
1.024520514237706993e+04 1.524177169537628998e-06
1.025734401102917582e+04 2.165871777008072110e-06
1.027251759684430726e+04 4.157658416017439508e-06
1.028465646549641315e+04 1.318942501950940382e-07
1.029679533414851721e+04 6.334275309113854539e-06
1.033321194010483487e+04 1.874270582349983327e-07
1.034535080875694075e+04 1.688954767313782906e-06
1.036962854606115070e+04 3.329717036766699954e-06
1.039390628336536247e+04 1.129763137813898260e-06
1.040604515201746835e+04 2.405491930066352156e-06
1.042121873783259980e+04 3.854482150640808323e-06
1.043639232364773125e+04 5.939604146436135848e-06
1.045156590946286451e+04 5.578473854549767854e-06
1.046673949527799596e+04 5.070714446345478159e-06
1.048191308109312740e+04 3.764317442027180506e-06
1.049405194974523329e+04 3.376921762148861566e-06
1.051832968704944324e+04 3.194267909308743099e-06
1.054867685867970795e+04 1.881396483512447892e-06
1.057295459598391972e+04 2.055737207861668449e-06
1.061544063626628849e+04 4.333666850882099617e-06
1.062757950491839438e+04 3.620705561384676696e-07
1.064275309073352582e+04 4.489110063149063093e-06
1.065792667654865727e+04 3.256674982015293363e-06
1.067310026236378872e+04 6.461809760283455076e-07
1.069737799966800048e+04 1.192560126228351625e-06
1.071558630264615931e+04 1.222276781972731664e-06
1.073075988846129076e+04 3.570646756629201007e-06
1.074593347427642220e+04 3.085119726380222177e-06
1.075807234292852809e+04 2.725798240203881874e-06
1.077628064590668691e+04 3.148841652823344118e-06
1.081876668618905569e+04 4.134607306491360648e-06
1.084607914065629302e+04 2.278003043284567247e-06
1.086428744363445185e+04 2.564322684419442534e-06
1.087642631228655773e+04 1.125414779540963933e-06
1.089159989810168918e+04 1.777393907869069086e-06
1.090677348391682062e+04 4.797923892916327761e-07
1.092194706973195389e+04 3.948729883293936177e-07
1.093712065554708533e+04 1.887361419126873300e-06
1.095532895852524234e+04 1.516555094250068862e-06
1.097050254434037561e+04 4.970917103720919924e-06
1.099174556448156000e+04 1.801538337120126927e-06
1.101298858462274438e+04 6.065882735042315827e-07
1.103726632192695615e+04 2.355309448433477258e-06
1.105850934206814054e+04 9.865267319582734471e-07
1.107671764504629937e+04 6.480977013694409277e-06
1.110403009951353670e+04 3.652975236960605204e-06
1.112830783681774665e+04 2.459486502236797245e-07
1.115865500844801136e+04 4.427263073664681296e-06
1.119810633156735457e+04 2.090220829766940028e-06
1.121631463454551158e+04 2.456661623435431621e-06
1.123148822036064485e+04 1.907563134655193169e-06
1.124362708901274891e+04 1.961458752893950594e-06
1.125880067482788218e+04 6.934183712169914627e-06
1.128307841213209213e+04 9.541240043815283513e-07
1.129521728078419801e+04 1.070704800520079732e-06
1.131039086659932946e+04 1.755396717928899593e-07
1.132252973525143534e+04 9.250208726974353291e-07
1.133770332106656679e+04 1.733944670430253218e-06
1.136198105837077856e+04 2.115010684764717310e-06
1.138929351283801589e+04 1.466240420488424311e-06
1.141357125014222765e+04 1.244407087249639752e-06
1.142874483595735910e+04 5.270276353996476929e-06
1.144391842177249055e+04 4.260299420927838739e-06
1.145909200758762199e+04 5.185491797335637170e-06
1.147730031056578082e+04 1.961785918964134361e-06
1.150157804786999259e+04 2.582078986562321058e-06
1.151675163368512403e+04 1.166286896960687470e-06
1.154406408815236136e+04 7.631568020759109606e-06
1.156227239113052019e+04 1.148484578820252791e-06
1.158958484559775752e+04 1.528284607473388616e-07
1.160475843141288897e+04 2.105638359805439107e-06
1.161993201722802041e+04 4.873544652479208033e-07
1.162903616871710074e+04 3.443655660082967559e-07
1.164420975453223218e+04 1.205520486165147417e-06
1.166848749183644395e+04 1.214684069246451765e-06
1.168366107765157540e+04 3.052346218312416381e-06
1.169579994630368128e+04 2.047894530346870339e-06
1.172614711793394417e+04 3.544480823529859879e-06
1.175042485523815594e+04 3.941988047358539795e-06
1.177470259254236589e+04 3.771262791935420433e-06
1.179594561268355210e+04 1.214779016926971921e-05
1.181718863282473649e+04 1.094708278936510795e-06
1.183236221863986793e+04 3.108293647988967072e-07
1.186270939027013264e+04 2.403403685685641686e-06
1.187788297608526409e+04 1.368566382112834513e-07
1.189305656190039554e+04 3.539192948467342563e-06
1.190823014771552698e+04 3.062801632773363653e-06
1.192036901636763287e+04 2.419481421127265142e-06
1.193857731934579169e+04 1.866276069173146175e-06
1.195375090516092314e+04 1.318571325869993916e-06
1.197499392530210753e+04 1.119968358372917546e-06
1.199927166260631930e+04 5.186996097059028226e-06
1.202354939991052925e+04 5.309266444798482467e-07
1.203872298572566251e+04 1.224843331868213709e-06
1.205389657154079396e+04 9.388416827360283480e-07
1.207210487451895278e+04 4.629654676474399678e-06
1.208727846033408423e+04 4.540547329036336902e-06
1.210548676331224306e+04 2.024872378240201017e-06
1.213583393494250595e+04 7.345253188416962790e-07
1.215100752075763739e+04 1.733997515572716484e-06
1.217225054089882360e+04 7.685516180628240923e-07
1.218438940955092767e+04 1.577124812206308124e-06
1.220259771252908649e+04 2.316067208632306915e-06
1.222687544983329826e+04 9.001279964962999871e-07
1.226329205578961410e+04 2.409457594640249002e-06
1.228150035876777292e+04 2.589759260728157153e-07
1.229667394458290437e+04 2.129235284251224856e-06
1.232095168188711614e+04 5.634990927425412408e-07
1.233309055053922202e+04 1.993680697754754461e-06
1.236040300500645935e+04 3.223873751179178733e-06
1.238771545947369668e+04 3.184149143447832886e-06
1.240895847961488107e+04 1.326745455754397158e-06
1.243930565124514396e+04 5.392622635636163982e-06
1.246054867138633017e+04 3.848611024856704428e-06
1.247268754003843424e+04 1.779025711510696938e-06
1.248786112585356750e+04 2.938195204662195170e-06
