Frequency Power
1.517358581513191496e+01 6.295236043815093975e-03
3.338188879329021574e+01 3.251397526735693311e-03
5.765962609750128109e+01 5.617577047556070310e-04
7.890264623868596061e+01 3.727698190409974130e-04
9.711094921684426140e+01 5.444308016527330636e-04
1.153192521950025622e+02 2.985119977130472183e-04
1.335275551731608630e+02 1.688026920590919328e-04
1.547705753143455354e+02 5.059192915262267757e-05
1.699441611294774646e+02 3.312371321119670503e-04
1.820830297815829795e+02 1.184440482639658690e-04
1.972566155967149086e+02 9.657366293771185890e-05
2.124302014118468094e+02 7.698430282327385228e-06
2.276037872269787385e+02 5.621153100069777242e-05
2.397426558790842819e+02 1.244085140146358737e-04
2.549162416942161826e+02 4.129694580901310504e-04
2.731245446723744976e+02 2.833391283266735797e-04
2.852634133244800410e+02 1.434733713217912132e-04
3.125758677917174850e+02 2.069337466442186123e-04
3.277494536068493858e+02 1.454530915388563609e-04
3.429230394219812865e+02 1.047363229866953672e-04
3.550619080740868299e+02 2.193486863567942766e-04
3.702354938892187306e+02 3.033609032233093735e-04
3.823743625413242739e+02 2.709451223988981750e-04
3.975479483564561747e+02 7.439816529155411358e-05
4.096868170085617180e+02 8.931561007552958555e-05
4.248604028236936188e+02 1.021863219675343804e-04
4.491381401279047054e+02 1.721196888497709087e-04
4.673464431060630204e+02 5.892748024871617468e-05
4.825200289211949212e+02 1.055919896543114486e-04
4.976936147363268219e+02 5.108822455987338469e-05
5.067977662254060078e+02 3.584391990500109318e-05
5.219713520405379086e+02 1.116655324437185323e-04
5.371449378556698093e+02 2.106178137759479063e-04
5.523185236708017101e+02 7.440637370751536459e-05
5.735615438119864393e+02 1.186545365359399911e-04
5.978392811161975260e+02 1.388736537532300416e-04
6.160475840943557841e+02 1.031281774365335304e-04
6.372906042355405134e+02 2.372865107175455295e-04
6.524641900506724141e+02 1.513802450617410592e-04
6.646030587027779575e+02 8.692829752432572473e-05
6.858460788439625730e+02 3.664317698126681489e-05
6.979849474960681164e+02 3.137747571318654985e-05
7.222626848002792030e+02 1.250030925509899794e-04
7.374362706154111038e+02 1.492555085384803350e-04
7.526098564305430045e+02 4.662304748121712293e-05
7.677834422456749053e+02 1.931756435646081460e-04
7.829570280608068060e+02 6.978055536030993073e-05
7.950958967129123494e+02 3.661815546867152704e-04
8.102694825280442501e+02 1.487925477949577995e-04
8.224083511801497934e+02 2.171353256211427073e-04
8.345472198322553368e+02 5.183122068190339519e-04
8.466860884843608801e+02 8.638289022977399664e-04
8.588249571364664234e+02 2.202289396861919156e-04
8.739985429515983242e+02 6.608124246815552313e-03
8.922068459297566960e+02 1.825424989624871430e-02
9.164845832339676690e+02 1.537222638889532839e-03
9.316581690490996834e+02 5.156531094876957424e-04
9.407623205381787557e+02 2.372216236857006301e-04
9.559359063533106564e+02 6.367052770050390205e-04
9.711094921684425572e+02 2.627506300088436136e-04
9.953872294726536438e+02 1.256091368287381689e-04
1.043942704081075817e+03 1.042035096127363333e-04
1.068220441385286904e+03 7.944794556959357192e-05
1.092498178689497990e+03 1.255106414100578345e-04
1.107671764504629891e+03 2.376753321899071638e-04
1.122845350319761792e+03 9.290783925840456325e-05
1.138018936134893693e+03 4.848626450556904832e-05
1.150157804786999122e+03 2.342127067110309497e-04
1.174435542091210209e+03 1.434678842582972139e-04
1.189609127906342110e+03 1.454554968198379372e-04
1.201747996558447767e+03 5.789794935546620658e-05
1.213886865210553196e+03 7.100073410087874993e-05
1.226025733862658853e+03 5.304519533850838724e-05
1.238164602514764283e+03 1.441760167585324787e-04
1.250303471166869940e+03 1.592574565015182240e-04
1.265477056982001841e+03 1.148252487222322353e-04
1.277615925634107271e+03 4.137383456396213368e-04
1.292789511449239171e+03 1.313425865832352493e-04
1.314032531590424014e+03 1.525682136145982122e-04
1.326171400242529444e+03 1.664925880266079742e-04
1.341344986057661345e+03 1.090976176146877884e-04
1.362588006198845960e+03 1.718947518498915806e-04
1.377761592013977861e+03 1.323417386346880395e-04
1.389900460666083518e+03 1.192204455366201979e-04
1.408108763644241890e+03 7.402245416333842407e-05
1.423282349459373791e+03 8.143924387986744976e-05
1.438455935274505691e+03 1.392072341080155225e-04
1.447560086763584877e+03 1.534844023806704056e-04
1.459698955415690307e+03 1.771897843284762041e-04
1.474872541230822208e+03 6.873029882622675802e-05
1.483976692719901394e+03 6.560177435482571488e-05
1.496115561372006823e+03 2.156667772778078640e-05
1.508254430024112480e+03 6.143764215463454930e-05
1.520393298676217910e+03 1.292393545106749260e-04
1.535566884491349811e+03 2.495283247925108661e-04
1.544671035980428996e+03 2.568620567189615670e-04
1.556809904632534654e+03 2.283058657435387516e-04
1.571983490447666554e+03 1.170951058347536293e-04
1.584122359099771984e+03 1.755513220407335174e-04
1.596261227751877641e+03 3.001460617593159730e-04
1.605365379240956599e+03 1.906820940146860795e-04
1.620538965056088500e+03 5.006243464442089425e-05
1.641781985197273343e+03 3.416081084748098903e-04
1.653920853849378773e+03 2.071035336578241068e-04
1.666059722501484430e+03 4.007543571573200141e-04
1.678198591153589859e+03 5.393194954378489675e-04
1.690337459805695516e+03 8.087569157200170597e-04
1.702476328457800946e+03 1.130176382168940905e-03
1.723719348598985562e+03 2.837682990164104579e-03
1.741927651577143934e+03 6.984665384018957923e-02
1.763170671718328549e+03 1.663938251842992863e-02
1.781378974696486921e+03 5.081059056900826265e-01
1.799587277674645293e+03 1.995354758137069667e-02
1.811726146326750722e+03 7.252227729365225313e-03
1.823865014978856379e+03 2.254222627893583651e-03
1.836003883630961809e+03 1.520027032648310020e-03
1.848142752283067239e+03 1.797963220654826737e-03
1.860281620935172896e+03 1.944772117125672002e-03
1.872420489587278325e+03 1.812942788019034253e-03
1.884559358239383982e+03 5.751115849711921487e-04
1.896698226891489412e+03 3.216926967913258601e-04
1.908837095543595069e+03 8.393436097605170253e-04
1.924010681358726970e+03 3.504442852249741130e-04
1.933114832847806156e+03 4.481391675847066504e-04
1.945253701499911585e+03 1.562135810151260291e-04
1.957392570152017242e+03 2.109624256266042506e-04
1.969531438804122672e+03 5.240636595879330593e-04
1.981670307456228102e+03 2.071927425627951929e-04
1.993809176108333759e+03 2.063273485521690252e-04
2.008982761923465659e+03 3.084902876168905050e-04
2.021121630575571089e+03 3.774676727278836901e-05
2.030225782064650275e+03 6.310351342225616186e-05
2.042364650716755932e+03 2.734890911426999648e-04
2.054503519368861362e+03 3.801304019618320998e-04
2.069677105183993262e+03 1.982834087206357312e-04
2.078781256673072676e+03 1.593146857572864863e-04
2.090920125325178105e+03 1.833237222457963114e-04
2.106093711140310006e+03 1.229774864388024312e-04
2.118232579792415436e+03 9.925994872659357586e-05
2.139475599933600279e+03 5.516185620685862978e-05
2.154649185748732179e+03 3.520715972000570092e-04
2.169822771563864080e+03 3.510824351713834904e-05
2.188031074542022452e+03 9.339537231294952290e-05
2.221412963335312270e+03 1.738738906907132760e-04
2.236586549150444171e+03 1.594124164083398276e-04
2.257829569291629014e+03 5.777644236533676834e-05
2.273003155106760914e+03 1.866511627180881888e-04
2.297280892410972228e+03 7.096797783624697804e-05
2.315489195389130145e+03 1.399855500427939715e-05
2.330662781204262501e+03 2.380994924016769938e-04
2.357975235671499831e+03 1.480423359018122277e-04
2.379218255812684220e+03 1.334501036804569519e-04
2.394391841627816120e+03 1.393272724361564415e-04
2.406530710279922005e+03 1.131579714190801865e-04
2.418669578932027434e+03 1.330228267548173859e-04
2.433843164747159335e+03 2.107388862163794428e-04
2.455086184888344178e+03 1.916494298098964219e-04
2.470259770703476079e+03 7.392326686760112761e-05
2.482398639355581508e+03 7.677590977318068249e-05
2.494537508007686938e+03 1.528230578583554598e-04
2.512745810985845310e+03 3.267860101977457899e-05
2.527919396800977211e+03 5.428444625587742920e-05
2.543092982616109111e+03 8.249561663981371657e-06
2.564336002757293954e+03 2.996775180262919715e-05
2.579509588572425855e+03 3.483827039192550514e-05
2.591648457224531285e+03 2.603862078194158478e-04
2.606822043039663185e+03 3.920511840235105456e-04
2.618960911691768615e+03 6.789068587362520916e-04
2.634134497506900516e+03 1.057833742044002844e-02
2.652342800485058888e+03 8.005098885201211364e-03
2.667516386300190788e+03 1.137946205669897919e-03
2.691794123604401648e+03 1.633228495192250726e-04
2.703932992256507532e+03 2.697651749521758034e-05
2.716071860908612962e+03 2.698324572412601685e-04
2.743384315375850292e+03 1.026791599494018923e-04
2.761592618354008664e+03 3.198595974720621423e-04
2.782835638495193507e+03 9.649695779499032505e-05
2.804078658636377895e+03 7.815987330358631498e-05
2.819252244451509796e+03 3.632717693426415533e-05
2.834425830266641697e+03 5.171703054952369872e-05
2.849599416081773597e+03 1.738118223893996689e-04
2.873877153385984911e+03 1.325802191781204039e-04
2.892085456364143283e+03 1.908553023762454902e-04
2.913328476505327671e+03 1.731572984698711150e-04
2.940640930972565457e+03 9.530123778798496874e-05
2.958849233950723374e+03 1.741106349606773784e-04
2.977057536928881746e+03 1.516469551671653236e-04
2.989196405580987630e+03 2.231274637256085516e-05
3.010439425722172018e+03 7.251131292759831421e-05
3.025613011537303919e+03 6.436935851434960262e-05
3.037751880189409349e+03 8.386718955721824472e-05
3.058994900330594191e+03 4.485669927641106660e-05
3.074168486145726092e+03 1.247193207902898900e-04
3.089342071960857993e+03 5.509689086165627003e-05
3.101480940612963423e+03 1.479186433573256375e-05
3.119689243591121794e+03 9.406652327631042555e-06
3.134862829406253695e+03 4.801274860907811580e-05
3.153071132384412067e+03 1.457428945554204900e-04
3.186453021177702340e+03 7.236837778487727006e-05
3.204661324155860711e+03 1.692597576402909726e-04
3.222869627134019083e+03 2.738729358303149908e-05
3.238043212949150984e+03 6.945057068067638797e-05
3.250182081601256414e+03 7.091442555533281316e-05
3.274459818905467273e+03 4.154054217036230148e-05
3.289633404720599174e+03 3.879944584436629407e-05
3.310876424861784017e+03 1.471294713885849792e-04
3.335154162165994876e+03 9.049061720939531009e-05
3.347293030818100760e+03 1.122119507260290584e-04
3.359431899470206190e+03 1.597229283740078095e-05
3.371570768122311620e+03 7.922869685409593312e-05
3.383709636774417049e+03 1.976576606098490044e-04
3.395848505426522934e+03 5.033938414268368262e-04
3.407987374078628363e+03 1.711139002942747584e-04
3.420126242730733793e+03 3.761145670697962689e-04
3.432265111382839223e+03 1.006463588001258770e-03
3.444403980034945107e+03 7.850241844846399643e-04
3.456542848687050537e+03 5.788797509832086961e-04
3.468681717339155966e+03 1.273019416719592227e-03
3.480820585991261396e+03 3.907815957251287164e-03
3.495994171806393297e+03 3.639698732070804823e-03
3.505098323295472710e+03 1.444947647416228685e-02
3.523306626273631082e+03 2.793893406549328162e-01
3.541514929251788999e+03 1.621143948849620292e-02
3.553653797903894883e+03 4.734940119417085577e-03
3.565792666556000313e+03 5.050298840464721196e-03
3.577931535208105743e+03 1.742495678201051680e-03
3.590070403860211172e+03 7.686908815427377206e-04
3.602209272512316602e+03 1.022902907841862245e-03
3.614348141164422486e+03 8.775057200004212580e-04
3.626487009816527916e+03 1.789646599978780351e-04
3.638625878468633346e+03 9.795312524913250048e-04
3.653799464283765246e+03 6.262869575220519772e-04
3.665938332935870676e+03 2.203965417369348613e-04
3.675042484424950089e+03 1.104521166555737834e-04
3.687181353077055519e+03 1.580285616327993482e-04
3.699320221729160949e+03 2.416033610488384881e-04
3.711459090381266833e+03 8.454290656817611089e-05
3.723597959033372263e+03 2.576926707433608221e-04
3.735736827685477692e+03 3.195014251082457270e-04
3.747875696337583122e+03 2.061910261738011550e-04
3.763049282152715023e+03 3.614928967270922538e-04
3.784292302293899866e+03 3.413269940897356905e-04
3.802500605272058237e+03 2.563297040905496084e-04
3.820708908250216609e+03 5.442003298996427334e-05
3.832847776902322039e+03 9.478445378649518914e-05
3.844986645554427469e+03 7.766852865537167850e-05
3.860160231369559369e+03 1.164550357824449686e-04
3.884437968673770229e+03 7.937415226541352374e-05
3.902646271651928600e+03 2.679510298228332185e-04
3.914785140304034485e+03 2.652970091473625595e-04
3.929958726119166386e+03 8.775207418992137355e-05
3.945132311934298286e+03 6.009429855070101120e-05
3.951201746260350774e+03 7.221688832371976011e-05
3.966375332075482675e+03 1.147424949316418197e-04
3.978514200727588559e+03 7.369415847055807640e-05
3.993687786542720460e+03 8.218790358350066974e-05
4.014930806683904848e+03 2.167227208310086009e-04
4.030104392499036749e+03 1.510695215740356294e-04
4.060451564129300550e+03 5.396095599706411623e-05
4.075625149944432451e+03 4.504998294237363282e-04
4.099902887248643310e+03 6.175948273904531983e-04
4.115076473063775666e+03 1.980472596996920318e-04
4.130250058878907112e+03 1.685485584305742972e-04
4.151493079020092409e+03 2.734548871185113215e-05
4.163631947672197384e+03 1.338481980967992689e-04
4.181840250650356211e+03 3.902587150606240510e-05
4.200048553628514128e+03 3.755430078259853490e-05
4.215222139443646483e+03 2.248228742477173341e-05
4.227361008095751458e+03 9.354460336613804202e-05
4.242534593910883814e+03 1.606836923776797796e-05
4.260742896889041731e+03 1.014114388284237893e-04
4.281985917030227029e+03 1.824601158326005757e-04
4.291090068519305532e+03 1.708909366164085481e-04
4.309298371497464359e+03 2.057036813703177309e-04
4.333576108801675218e+03 3.425484247765291372e-04
4.348749694616806664e+03 1.117849217623062796e-04
4.373027431921018433e+03 7.855221164409405808e-05
4.400339886388255763e+03 9.087148096992923429e-04
4.418548189366413681e+03 6.562316583263864186e-05
4.433721775181546036e+03 2.052960538480216846e-04
4.451930078159703953e+03 1.101890427161420909e-04
4.464068946811809838e+03 3.832225603058670224e-05
4.479242532626941284e+03 1.883201700206515419e-04
4.494416118442073639e+03 6.021661244636959356e-05
4.521728572909310969e+03 5.901753437715730503e-05
4.546006310213521829e+03 4.750555627420307198e-05
4.558145178865627713e+03 9.285975620717985552e-05
4.573318764680759159e+03 2.286191956058156443e-04
4.588492350495891515e+03 1.489479792483223454e-04
4.600631219147996489e+03 9.318673413958915243e-05
4.615804804963128845e+03 1.163479917076742215e-04
4.630978390778260291e+03 1.621862098772103463e-04
4.652221410919445589e+03 6.250694201886494608e-05
4.667394996734577035e+03 4.760423452789333543e-05
4.679533865386682919e+03 3.582406642840107048e-05
4.703811602690893778e+03 9.764903735517820873e-05
4.718985188506026134e+03 4.779572551232260844e-05
4.734158774321157580e+03 5.914886673124779119e-05
4.755401794462342878e+03 2.451208069886135922e-05
4.770575380277474324e+03 9.412018338928821175e-05
4.785748966092606679e+03 6.430968111824540635e-05
4.813061420559844009e+03 7.863668985067159280e-05
4.843408592190107811e+03 1.646673895108712439e-04
4.864651612331292199e+03 4.250726675046657231e-06
4.891964066798529529e+03 6.967511042678192160e-05
4.904102935450635414e+03 6.568037881069652335e-05
4.922311238428793331e+03 7.846727226895218173e-05
4.949623692896030661e+03 7.972297637636130570e-05
4.964797278711163017e+03 3.351441635021637277e-05
4.979970864526294463e+03 5.900330545487580009e-05
4.995144450341426818e+03 6.068385208517362048e-05
5.010318036156558264e+03 8.104785211465326408e-05
5.022456904808664149e+03 5.890073685692423397e-05
5.037630490623796504e+03 8.935348957684130316e-05
5.049769359275901479e+03 5.936092005067962533e-05
5.067977662254060306e+03 4.712250639578240380e-05
5.095290116721297636e+03 6.603464172045905053e-05
5.119567854025508495e+03 1.877970028615620255e-04
5.134741439840639941e+03 1.279956995392690373e-04
5.152949742818798768e+03 7.414618849700941488e-05
5.171158045796956685e+03 8.502671847951909998e-06
5.183296914449062569e+03 3.614893111896726169e-05
5.195435783101167544e+03 1.795488066282430097e-04
5.210609368916299900e+03 9.921570145192285060e-05
5.222748237568405784e+03 8.456955507791694918e-05
5.237921823383537230e+03 2.178587821829349586e-04
5.250060692035643115e+03 2.393171998638860063e-04
5.268268995013801032e+03 5.587607760594615579e-03
5.283442580828933387e+03 2.931086928986889432e-03
5.301650883807091304e+03 1.133869154458779340e-03
5.316824469622223660e+03 5.176285099662429384e-05
5.335032772600381577e+03 9.507379363741598791e-05
5.350206358415513932e+03 1.684043036655349197e-04
5.377518812882751263e+03 8.118021382239471850e-05
5.395727115860909180e+03 1.655964799357356081e-04
5.410900701676041535e+03 2.499939868069391244e-05
5.423039570328146510e+03 8.783831072983714640e-05
5.435178438980252395e+03 5.987711220308262978e-05
5.447317307632357370e+03 2.817129012627851486e-04
5.465525610610516196e+03 1.570183464902605080e-04
5.486768630751700584e+03 2.319054430104881804e-04
5.523185236708017328e+03 2.099503239366017526e-04
5.547462974012228187e+03 1.660495268334161753e-04
5.556567125501307601e+03 2.069632663095503163e-04
5.571740711316439047e+03 3.811087024814370180e-05
5.586914297131571402e+03 1.270350724997060601e-04
5.608157317272755790e+03 4.735449855922219359e-05
5.623330903087888146e+03 5.060014102562190207e-05
5.638504488903019592e+03 7.651436001629094170e-05
5.668851660533283393e+03 2.913847034237543039e-04
5.680990529185389278e+03 1.453888439860191858e-04
5.696164115000521633e+03 7.142235371309786879e-05
5.708302983652626608e+03 4.550965762306596180e-05
5.729546003793810996e+03 2.478821808048674931e-04
5.744719589608943352e+03 4.563309739123181996e-05
5.759893175424075707e+03 1.218166084479009635e-04
5.772032044076180682e+03 2.148082369246905401e-04
5.787205629891313038e+03 1.280126621953788738e-04
5.799344498543418013e+03 4.716761419312123224e-05
5.817552801521576839e+03 7.291651741308838547e-05
5.838795821662761227e+03 2.999958266901122362e-05
5.853969407477893583e+03 1.812381429419815360e-04
5.869142993293025029e+03 2.917534228181083622e-05
5.881281861945130913e+03 1.400561306459908268e-04
5.896455447760262359e+03 1.277895705048246757e-04
5.911629033575394715e+03 8.614665423939764073e-05
5.929837336553552632e+03 7.354106717400898301e-05
5.941976205205658516e+03 9.306815193722557493e-05
5.957149791020789962e+03 5.845251027848889086e-04
5.972323376835922318e+03 1.664882504931528950e-04
5.984462245488027293e+03 8.908593598646699402e-05
6.002670548466186119e+03 1.096696493252271687e-04
6.017844134281317565e+03 5.261345021968258601e-05
6.029983002933423450e+03 6.620197595651404856e-05
6.051226023074607838e+03 1.151941890630179627e-04
6.069434326052766664e+03 1.267756565587854257e-04
6.099781497683030466e+03 1.201413145103487817e-04
6.117989800661188383e+03 6.200617627159472152e-05
6.136198103639347210e+03 3.929912708410816368e-04
6.154406406617505127e+03 6.665699824294476833e-04
6.178684143921715986e+03 1.725427447831717970e-03
6.196892446899874813e+03 3.169169171075685845e-04
6.212066032715006259e+03 2.640813773899371121e-04
6.236343770019217118e+03 1.616180508246273673e-04
6.254552072997375944e+03 1.922423949698654280e-04
6.266690941649480919e+03 2.668651547096231782e-04
6.294003396116718250e+03 6.784241099155609821e-04
6.312211699094877076e+03 1.045865538450225016e-04
6.324350567746982961e+03 1.788754103978460754e-04
6.336489436399087936e+03 1.254932977307487594e-04
6.351663022214220291e+03 6.553884789649790815e-05
6.378975476681457621e+03 3.648818663161814487e-04
6.397183779659615539e+03 4.050827305475672327e-04
6.418426799800800836e+03 2.870470948739126723e-04
6.454843405757116670e+03 2.255458281575622038e-04
6.488225294550406943e+03 1.438147918889070437e-04
6.503398880365539299e+03 1.400160661966492592e-04
6.527676617669750158e+03 4.878485165233313446e-05
6.539815486321856042e+03 1.350056977102110571e-04
6.551954354973961017e+03 2.895675982302927171e-05
6.567127940789093373e+03 1.600455713571227365e-04
6.579266809441198347e+03 9.601296115364877856e-05
6.603544546745410116e+03 2.100441617681880074e-04
6.618718132560541562e+03 1.099495031659483197e-04
6.642995869864752422e+03 1.970813523490600773e-04
6.661204172842911248e+03 8.496024884934305491e-05
6.676377758658042694e+03 2.253401579585797090e-04
6.691551344473175050e+03 2.537174221467239734e-04
6.715829081777385909e+03 1.264325539391735820e-04
6.737072101918570297e+03 8.563682125358991828e-05
6.773488707874887041e+03 9.093309362231200216e-05
6.800801162342124371e+03 9.970075982616883215e-05
6.812940030994230256e+03 8.180833415218128040e-05
6.828113616809361702e+03 8.682171755795962574e-06
6.840252485461467586e+03 1.802601417570562603e-05
6.855426071276599941e+03 1.479166126317589059e-05
6.882738525743837272e+03 4.493329671301434533e-05
6.894877394395942247e+03 1.688493544112028549e-04
6.922189848863179577e+03 1.660181408326277407e-04
6.937363434678311933e+03 2.653043326442573537e-05
6.958606454819496321e+03 1.419411501233733156e-04
6.973780040634628676e+03 1.641859816787333531e-04
6.991988343612786593e+03 8.744369268998257200e-05
7.004127212264892478e+03 2.120321679342932538e-05
7.016266080916997453e+03 1.283967490874682923e-04
7.031439666732129808e+03 4.819558971973032704e-04
7.046613252547262164e+03 2.677195317204180726e-03
7.070890989851473023e+03 2.765442212667542548e-04
7.089099292829630940e+03 1.353466673274175561e-04
7.113377030133841799e+03 7.224975916847842618e-05
7.137654767438053568e+03 3.785615364376249890e-05
7.155863070416211485e+03 6.782229185435146592e-05
7.168001939068317370e+03 4.170139023598738341e-05
7.183175524883448816e+03 1.312190224245977606e-04
7.195314393535554700e+03 1.255131742727040448e-04
7.222626848002792030e+03 6.806734189740872422e-05
7.237800433817923476e+03 1.460955145540416037e-04
7.249939302470029361e+03 2.049740913651366676e-04
7.268147605448187278e+03 1.034837479355188287e-04
7.292425342752399047e+03 7.250732076003433982e-05
7.307598928567530493e+03 7.671964288729757458e-06
7.319737797219636377e+03 1.246903801674521727e-05
7.334911383034767823e+03 1.752714259515046006e-05
7.359189120338979592e+03 2.617466044675313105e-05
7.377397423317137509e+03 2.641157768707627336e-06
7.407744594947401310e+03 3.035416381707354400e-04
7.422918180762533666e+03 8.897829427445094514e-05
7.438091766577665112e+03 1.758248581243756917e-04
7.453265352392797467e+03 7.840153807871657634e-05
7.468438938207928913e+03 3.851468653663387559e-05
7.483612524023061269e+03 2.851530743121988629e-05
7.504855544164245657e+03 3.863005400804646962e-05
7.538237432957535930e+03 6.113775698417055855e-05
7.553411018772667376e+03 5.837600743009458971e-05
7.571619321750826202e+03 2.990495531310062918e-05
7.589827624728984119e+03 5.732963908205729336e-05
7.605001210544116475e+03 1.100872535115003984e-04
7.620174796359247921e+03 1.655491277114782439e-04
7.635348382174380276e+03 3.264782720004624642e-04
7.659626119478591136e+03 1.403498451526894039e-04
7.674799705293722582e+03 1.759107965907120822e-04
7.693008008271881408e+03 3.812762849280712627e-04
7.717285745576092268e+03 1.829056919567303020e-04
7.738528765717276656e+03 3.284878018875304044e-05
7.750667634369382540e+03 6.112663639450474510e-05
7.762806503021488425e+03 9.845712000522508639e-05
7.774945371673593399e+03 1.529171559753334246e-04
7.790118957488725755e+03 4.153843178490803408e-05
7.802257826140830730e+03 7.492111412095382641e-05
7.814396694792936614e+03 7.011532477907243951e-05
7.829570280608068970e+03 1.874721579262098666e-04
7.847778583586226887e+03 7.370539436879915932e-05
7.859917452238332771e+03 4.095972286758118089e-05
7.887229906705570102e+03 1.577081546780660930e-04
7.902403492520701548e+03 4.056006996060595462e-04
7.929715946987938878e+03 1.503843278840584887e-04
7.944889532803071234e+03 1.222158440840492735e-04
7.960063118618202679e+03 1.371905177822154928e-04
7.987375573085440919e+03 8.127846364921333209e-05
8.011653310389651779e+03 1.520754970963107526e-04
8.023792179041756754e+03 2.721994957735178206e-04
8.042000482019915580e+03 3.540596809336308713e-04
8.057174067835047026e+03 2.020433806022798933e-05
8.072347653650179382e+03 2.095157669841456714e-04
8.087521239465310828e+03 1.734770852839340551e-04
8.105729542443469654e+03 2.270972461810999172e-04
8.117868411095574629e+03 3.543315645779730695e-04
8.136076714073733456e+03 1.746783588897372343e-04
8.148215582725838431e+03 2.984039525002283783e-05
8.175528037193076671e+03 5.431702607435500612e-04
8.202840491660314001e+03 1.852723305857427514e-04
8.221048794638472828e+03 2.095903519747117504e-04
8.239257097616629835e+03 9.972083878545605047e-05
8.254430683431763100e+03 1.458421738616926520e-04
8.269604269246894546e+03 7.575894249536799382e-05
8.290847289388078934e+03 1.262383128364792759e-04
8.321194461018341826e+03 4.352668468469406246e-05
8.336368046833475091e+03 1.257055293606660501e-04
8.351541632648606537e+03 3.772068537901480440e-05
8.366715218463737983e+03 2.406260470257440265e-04
8.384923521441896810e+03 1.450538969400048755e-04
8.400097107257028256e+03 1.326321171024312200e-05
8.412235975909134140e+03 8.033108291325392696e-06
8.427409561724265586e+03 9.973155852643659507e-06
8.445617864702424413e+03 3.771371059420751583e-05
8.460791450517555859e+03 4.508072028786272911e-05
8.475965036332687305e+03 1.677468532469498499e-04
8.494173339310846131e+03 8.758208195207120344e-05
8.506312207962952016e+03 1.061286277184499843e-04
8.524520510941110842e+03 5.472775568364633442e-05
8.539694096756242288e+03 1.616491671680865669e-04
8.554867682571373734e+03 1.012059470296494478e-04
8.588249571364664007e+03 1.808582117388578606e-04
8.621631460157954280e+03 2.138621770310440327e-04
8.648943914625191610e+03 2.866465994809906998e-05
8.664117500440323056e+03 1.966854588827479536e-04
8.679291086255456321e+03 7.389706557819554391e-05
8.700534106396640709e+03 5.574985965755888774e-05
8.718742409374799536e+03 1.282244344100637995e-04
8.733915995189930982e+03 3.458143641780656941e-05
8.752124298168089808e+03 3.994912506883584869e-05
8.770332601146246816e+03 3.479996074629696152e-05
8.791575621287431204e+03 7.902717635821282418e-05
8.831026944406774419e+03 6.494954201974496855e-04
8.849235247384933245e+03 6.355437687615813811e-05
8.876547701852170576e+03 1.193147592147091838e-04
8.906894873482435287e+03 9.562856770551287548e-05
8.925103176460592294e+03 1.489280027533432021e-04
8.943311479438751121e+03 7.610429540524650364e-05
8.958485065253882567e+03 3.395543237613369897e-05
8.976693368232041394e+03 1.236370252759841414e-04
8.991866954047172840e+03 6.458181007458904329e-05
9.016144691351384608e+03 7.078160360507575134e-05
9.058630731633753385e+03 3.402149585968858081e-05
9.079873751774937773e+03 9.911178125465164984e-05
9.095047337590071038e+03 1.285269381968753410e-04
9.122359792057308368e+03 4.766364068220937619e-04
9.140568095035465376e+03 7.723197637293605317e-05
9.158776398013624203e+03 7.206709705436813618e-05
9.173949983828755649e+03 9.818568731065452598e-05
9.192158286806914475e+03 1.658082462097322442e-04
9.210366589785073302e+03 1.836722038539394722e-05
9.231609609926257690e+03 1.133036268240565501e-04
9.246783195741389136e+03 7.705759031393025617e-05
9.268026215882573524e+03 4.756312363414174791e-05
9.283199801697706789e+03 1.394824475553289422e-05
9.295338670349810855e+03 2.881777894440706910e-05
9.310512256164944120e+03 1.644965030150684327e-04
9.325685841980075566e+03 5.963472384351623895e-05
9.349963579284287334e+03 1.771009630397878576e-04
9.371206599425471722e+03 2.333615574970552924e-04
9.389414902403628730e+03 1.450024622537638634e-04
9.410657922544814937e+03 1.088844765582986247e-04
9.422796791196919003e+03 5.842220841819144143e-05
9.437970377012052268e+03 9.039280611186765763e-05
9.453143962827183714e+03 1.308019111198944801e-04
9.468317548642315160e+03 1.723440857255714189e-04
9.489560568783499548e+03 1.282737197946599752e-04
9.510803588924685755e+03 8.397579859770651334e-05
9.522942457576789820e+03 8.557219038047253576e-05
9.538116043391923085e+03 3.642325794328014546e-05
9.550254912044027151e+03 6.042890767106537533e-05
9.562393780696133035e+03 3.607836191434725528e-05
9.577567366511264481e+03 9.443924939290475990e-05
9.607914538141529192e+03 7.503054875105215826e-05
9.629157558282713580e+03 8.249534581815382226e-06
9.644331144097845026e+03 1.604222969968013824e-04
9.659504729912978291e+03 1.480452327347565660e-04
9.671643598565082357e+03 2.531067223511810531e-04
9.683782467217188241e+03 1.299095540773512398e-04
9.701990770195347068e+03 3.562121659694371520e-04
9.720199073173505894e+03 5.912014002090560603e-05
9.732337941825609960e+03 3.203209971848152674e-05
9.747511527640743225e+03 2.942107721163217697e-05
9.762685113455874671e+03 5.200602817112954227e-05
9.786962850760086440e+03 1.282244156326919167e-04
9.814275305227323770e+03 6.679479499906552670e-04
9.841587759694561100e+03 9.236926304974331988e-05
9.859796062672718108e+03 6.705025326874781511e-05
9.878004365650876935e+03 9.480417368654188329e-05
9.902282102955088703e+03 2.547846519993641448e-04
9.929594557422326034e+03 8.932091214449470681e-05
9.950837577563510422e+03 1.968978503161206519e-04
9.969045880541669248e+03 6.408845568280473605e-05
9.987254183519826256e+03 1.491537812550448286e-04
1.001153192082403802e+04 4.133689993848729566e-05
1.002367078947614391e+04 1.252575484301764186e-04
1.004187909245430274e+04 9.538352916009501916e-05
1.005401796110640680e+04 2.097053891774852403e-04
1.006919154692154007e+04 2.540738509658168600e-04
1.010560815287785590e+04 2.430494485559194146e-04
1.013292060734509323e+04 4.690380841711044982e-05
1.014505947599719912e+04 5.993111681296412672e-05
1.017540664762746201e+04 1.161039373412129581e-04
1.018754551627956789e+04 9.487709279315563937e-05
1.021485797074680522e+04 8.586688556182205470e-05
1.023003155656193849e+04 9.195490050464975092e-05
1.024217042521404255e+04 8.307383459096440821e-05
1.025430929386614844e+04 6.434930312275340949e-05
1.026644816251825432e+04 1.765360151383766685e-04
1.028162174833338577e+04 1.138875272705572149e-04
1.029679533414851721e+04 3.275968837841204163e-04
1.030893420280062310e+04 1.864643285604011174e-04
1.032410778861575636e+04 4.749220104157952108e-05
1.033624665726786043e+04 7.534080085075061380e-07
1.036659382889812514e+04 2.195256128117324126e-04
1.039390628336536247e+04 5.046642793953408390e-05
1.040907986918049392e+04 1.039460038799254173e-04
1.042121873783259980e+04 1.183133351218746174e-04
1.043639232364773125e+04 2.333656320660512987e-04
1.045460062662589007e+04 3.351088882478581643e-04
1.046673949527799596e+04 1.265641083384994839e-04
1.048191308109312740e+04 1.143218883665261939e-04
1.049405194974523329e+04 2.140995672063081918e-04
1.051832968704944324e+04 1.610282819197015767e-04
1.055171157584273351e+04 2.291570656184297927e-05
1.056991987882089234e+04 2.177239137973160433e-04
1.059723233328812967e+04 5.003640859426316010e-05
1.061240591910326111e+04 1.429524733904712552e-04
1.064275309073352582e+04 3.291227009486007008e-04
1.065792667654865727e+04 9.350289409625582712e-05
1.067310026236378872e+04 3.180159451406788118e-05
1.068827384817892198e+04 6.524356925139359361e-05
1.071558630264615931e+04 1.464808011377140230e-04
1.073075988846129076e+04 2.636041752152712934e-04
1.074593347427642220e+04 1.286065772544820027e-04
1.076110706009155547e+04 1.165696577264672046e-04
1.077931536306971248e+04 1.106947079857042906e-04
1.079752366604787130e+04 2.374880091465762715e-05
1.081876668618905569e+04 2.704756242417596305e-04
1.086125272647142447e+04 1.095322148886054934e-04
1.087946102944958329e+04 7.132170763343174057e-05
1.089463461526471474e+04 6.250617085171831263e-05
1.090677348391682062e+04 1.026056524409101135e-05
1.093408593838405795e+04 1.952364513008116075e-04
1.095229424136221678e+04 9.722930838412185506e-05
1.097050254434037561e+04 6.791673593208460242e-04
1.098871084731853261e+04 2.643336364420138958e-04
1.101905801894879733e+04 5.456791831605395827e-05
1.103726632192695615e+04 1.804762117448877078e-04
1.104940519057906022e+04 6.464515394260737498e-05
1.107368292788327199e+04 2.671486646562829036e-04
1.109189123086143081e+04 4.664996901779735902e-05
1.111009953383958964e+04 9.449306617676974383e-05
1.113437727114379959e+04 2.674102685863679523e-05
1.116168972561103692e+04 2.749944185397789286e-04
1.119810633156735457e+04 1.004898809682313817e-04
1.121934935170853896e+04 5.238783573060665168e-05
1.123148822036064485e+04 1.673689781061273561e-04
1.125576595766485480e+04 2.331379926637569262e-04
1.127700897780603918e+04 1.034190617038983456e-04
1.129521728078419801e+04 6.365746963182720519e-05
1.130735614943630389e+04 1.381490328230781295e-05
1.132252973525143534e+04 4.313188383332056092e-05
1.133770332106656679e+04 6.182145977363652468e-05
1.135894634120775299e+04 4.068966524359094995e-05
1.137108520985985706e+04 5.909229980850367562e-05
1.138625879567499032e+04 1.291067749898018082e-05
1.141357125014222765e+04 8.842380557571245033e-05
1.142874483595735910e+04 2.596200987749471630e-04
1.144088370460946498e+04 1.913220129874883995e-04
1.145909200758762199e+04 2.138785036660934252e-04
1.147426559340275526e+04 7.329020166117643025e-05
1.148640446205486114e+04 9.006821206382665547e-05
1.150157804786999259e+04 7.354997365048544181e-05
1.151675163368512403e+04 7.063914400890127919e-05
1.154406408815236136e+04 2.114469631058767693e-04
1.156227239113052019e+04 4.271317459816698829e-05
1.159261956276078308e+04 1.373363009941335559e-05
1.160475843141288897e+04 3.666085652600101561e-05
1.162903616871710074e+04 4.592573972551998565e-05
1.164420975453223218e+04 7.616386910015765434e-05
1.165938334034736363e+04 8.334514525685533047e-06
1.167152220899946951e+04 5.477854607309334269e-05
1.168062636048854802e+04 6.267619645222819065e-05
1.169883466346670684e+04 2.247897731298691853e-04
1.171704296644486567e+04 1.934678758431401021e-04
1.175042485523815594e+04 2.395354421672382921e-04
1.177166787537934033e+04 1.625119052649004524e-04
1.179594561268355210e+04 4.811163250141740140e-04
1.181415391566170911e+04 2.857294299120475523e-05
1.182932750147684237e+04 9.584747360086348829e-06
1.183843165296592088e+04 2.094845507591903586e-05
1.186270939027013264e+04 1.197352880461192152e-04
1.187788297608526409e+04 2.720766723967053398e-05
1.189305656190039554e+04 9.891885336410909005e-05
1.190823014771552698e+04 1.065001722594024211e-04
1.192643845069368581e+04 1.152671747693464078e-04
1.193250788501973875e+04 1.215279486163349287e-04
1.195678562232395052e+04 1.627289372753699243e-04
1.197802864246513491e+04 1.092154385827642804e-04
1.199623694544329192e+04 1.075025433201480291e-04
1.202051468274750368e+04 1.644165678180253387e-04
1.203872298572566251e+04 1.533771851684124826e-04
1.206907015735592540e+04 1.692358644590543357e-04
1.208727846033408423e+04 1.316820945897969231e-04
1.210852148047526862e+04 7.958750429341648284e-05
1.212066034912737450e+04 1.179558823112387777e-04
1.213583393494250595e+04 5.838812091638131572e-05
1.215100752075763739e+04 1.108602769359119796e-04
1.217225054089882360e+04 1.179165548459335894e-04
1.218742412671395505e+04 1.158488274904294829e-04
1.220866714685513944e+04 1.051543165019803755e-04
1.222687544983329826e+04 5.267205240138048264e-05
1.224508375281145527e+04 7.598513535255542895e-05
1.226329205578961410e+04 2.376357319303455803e-04
1.227846564160474554e+04 2.069351768599407516e-05
1.229667394458290437e+04 7.962834570880941601e-05
1.230881281323501025e+04 3.561910591484793599e-05
1.232095168188711614e+04 3.115829544115895271e-05
1.233612526770224758e+04 1.168286363207928104e-04
1.236040300500645935e+04 1.634278212131497069e-04
1.237557659082159080e+04 4.504263055912262337e-05
1.239075017663672224e+04 2.084008554297185395e-04
1.240592376245185369e+04 4.919887699267953937e-05
1.243930565124514396e+04 1.697777850681523031e-04
1.246358338854935573e+04 2.870706245815883269e-04
1.248786112585356750e+04 1.135357364060581790e-04
1.250606942883172451e+04 2.654115352365919831e-04
1.253641660046198922e+04 9.417337221150351575e-05
1.255765962060317361e+04 7.207297956783388941e-04
1.257586792358133243e+04 3.165364211011465942e-04
1.258497207507041094e+04 2.633138330360793988e-04
1.260014566088554238e+04 1.340529520642503095e-05
1.261228452953764827e+04 1.838766981973289987e-04
1.263959698400488560e+04 1.949103870783525680e-04
1.266084000414606999e+04 1.174238507456873344e-04
1.267601358996120325e+04 1.412901721136594765e-04
1.268815245861330732e+04 7.314144733148176245e-05
1.270636076159146614e+04 2.775993586466393064e-04
1.274884680187383492e+04 3.155232177706712954e-04
1.277919397350409963e+04 8.272502316834512556e-04
1.280043699364528402e+04 3.416023659789787711e-04
1.281257586229738990e+04 1.245816053984794946e-04
1.282774944811252135e+04 8.547770587131885318e-04
1.284595775109068018e+04 1.096163311464246580e-03
1.285809661974278606e+04 3.588967289110447912e-04
1.287327020555791751e+04 1.416018481886074020e-03
1.288844379137304895e+04 4.251065532184984284e-05
1.290058266002515484e+04 1.564354021588331334e-04
1.291879096300331366e+04 2.271243345494796610e-04
1.294306870030752361e+04 2.259950969709854072e-04
1.297038115477476094e+04 1.291839261011218148e-04
1.298555474058989421e+04 6.642003029458971722e-05
1.301286719505713154e+04 2.233674973233791788e-04
1.303411021519831593e+04 4.766250049103109117e-05
1.304928380101344737e+04 1.039572632360951201e-04
1.306445738682857882e+04 4.070452675200757431e-05
1.307963097264371208e+04 1.754857889798353400e-04
1.309783927562186909e+04 9.517283896132360278e-06
1.312211701292608086e+04 1.655511044853527169e-04
1.313729059874121231e+04 6.911457104024909266e-05
1.315549890171937113e+04 7.491821122801552363e-05
1.317067248753450258e+04 1.022584316135429568e-04
1.318281135618660846e+04 1.122180899215974461e-04
1.319798494200173991e+04 3.708262622927630198e-05
1.322226267930595168e+04 2.365090032725526746e-04
1.323743626512108312e+04 1.232347632183073804e-04
1.325260985093621457e+04 2.790292829948249763e-04
1.326474871958832045e+04 7.257472632397175155e-05
1.327992230540345190e+04 2.143164585085732170e-04
1.330420004270766367e+04 4.860260454400692131e-04
1.332544306284884806e+04 3.787564393313936695e-05
1.334972080015305983e+04 5.344396437760045752e-05
1.337096382029424421e+04 1.001853463141823589e-04
1.338917212327240304e+04 1.406961742290708910e-04
1.342255401206569331e+04 3.147454843612641057e-04
1.344379703220687770e+04 2.798946540724012080e-04
1.348324835532622092e+04 4.798870622023356436e-04
1.351056080979345825e+04 3.939730156763297450e-04
1.353787326426069558e+04 5.637055300967030351e-04
1.355608156723885440e+04 2.172052144124927162e-04
1.359249817319517024e+04 9.794966128050125735e-05
1.361374119333635463e+04 1.870734647943760856e-04
1.362891477915148607e+04 2.939363138737075280e-04
1.364712308212964490e+04 2.072974828616517900e-04
1.366836610227082929e+04 1.499540907843961083e-04
1.368960912241201368e+04 1.682747206064569604e-04
1.371388685971622544e+04 8.494715658341399855e-05
1.373209516269438427e+04 2.312528423868546220e-04
1.376244233432464716e+04 2.786485044203071111e-04
1.378672007162885893e+04 7.013795917401123624e-05
1.379885894028096482e+04 1.378629422577141712e-04
1.381403252609609626e+04 2.309141384927267593e-04
1.382920611191122771e+04 1.992814025408644568e-04
1.385044913205241210e+04 8.775563930207786129e-04
1.386865743503057092e+04 1.865227253132930533e-03
1.388383102084570237e+04 9.143111002118098872e-04
1.391114347531293970e+04 2.805398000529535796e-04
1.392631706112807296e+04 7.681750947357928426e-05
1.393845592978017703e+04 1.038151516629675016e-05
1.395362951559531029e+04 2.057710443502192628e-04
1.399004612155162613e+04 2.888759420214374331e-04
1.400825442452978496e+04 1.805311094668953160e-04
1.402646272750794378e+04 2.676126186248242982e-04
1.404163631332307523e+04 2.488214194771244786e-05
1.405377518197518111e+04 4.982532936676724295e-05
1.406894876779031256e+04 1.150574479925347719e-04
1.408412235360544400e+04 6.714967185137530147e-06
1.409929593942057545e+04 3.026773783560150185e-05
1.411446952523570872e+04 2.565191616408633274e-05
1.412964311105084016e+04 1.207731573226777976e-04
1.414481669686597161e+04 1.846680491356091297e-04
1.417516386849623632e+04 2.416276098487189241e-04
1.420247632296347365e+04 9.955191142799198038e-05
1.422978877743071098e+04 1.601515754691353488e-04
1.424799708040886981e+04 6.758409820145671373e-05
1.426317066622400125e+04 3.346694447717783711e-05
1.427834425203913270e+04 7.002313102346383782e-05
1.430565670650637003e+04 1.602984900249743627e-04
1.432689972664755442e+04 2.388555046390293039e-05
1.434207331246268768e+04 4.312356346556789225e-05
1.436635104976689763e+04 1.264830620583494685e-04
1.438455935274505646e+04 5.198023276358181965e-05
1.441187180721229379e+04 2.321991018939562011e-05
1.443008011019045261e+04 1.591193419739050235e-04
1.444828841316860962e+04 9.310469540791343167e-05
1.446953143330979583e+04 2.346279514731014400e-05
1.449380917061400578e+04 1.744157921839398955e-03
1.452112162508124311e+04 1.621850488356180999e-03
1.453932992805940194e+04 9.225530300740289891e-04
1.456967709968966483e+04 3.244585205409660118e-03
1.458788540266782366e+04 3.387597914315619747e-03
1.460002427131992954e+04 1.288031890066944438e-03
1.461519785713506099e+04 1.941407835098195051e-03
1.465161446309137864e+04 6.929469270094518966e-04
1.466982276606953565e+04 3.025271056681129575e-04
1.468499635188466891e+04 2.405255393243838706e-05
1.469713522053677298e+04 1.987169092985653846e-04
1.470927408918887886e+04 1.110000699180516961e-04
1.472141295784098475e+04 9.878809756250839843e-04
1.473658654365611619e+04 1.968777155015278505e-03
1.476086428096032796e+04 1.586131005386904854e-03
1.478817673542756529e+04 2.871391338040246125e-04
1.480031560407967117e+04 2.707975533526940995e-04
1.481245447273177706e+04 3.889905144586174989e-04
1.482762805854690851e+04 2.622839403719066822e-04
1.485190579585111846e+04 2.214212394799573149e-04
1.487314881599230466e+04 3.270407639414458145e-04
1.488832240180743611e+04 7.027150953962259087e-05
1.490956542194862050e+04 1.163466775444982359e-04
1.492473900776375194e+04 2.334964687070717256e-05
1.494294731074191077e+04 4.098008716613682338e-04
1.496722504804612254e+04 3.309390297530830105e-04
1.498543335102427955e+04 3.104227438228877948e-05
1.500364165400243837e+04 4.425076286462650593e-04
1.501881523981756982e+04 1.696932495241927473e-05
1.503398882563270308e+04 3.501700819174412716e-04
1.504309297712178159e+04 4.451641545156294669e-04
1.505826656293691303e+04 3.240133231829701887e-04
1.507344014875204448e+04 2.633234232168798214e-04
1.509468316889323069e+04 2.955333150249469425e-04
1.512806505768652096e+04 8.496333172743689426e-05
1.514323864350165240e+04 7.268881940323502155e-05
1.515537751215375829e+04 2.936226004662921354e-05
1.516751638080586235e+04 1.159359331070493852e-04
1.517965524945796824e+04 2.046090643918247907e-04
1.519482883527309968e+04 5.285443013185278953e-05
1.521303713825125851e+04 1.708989249167942523e-04
1.523124544122941734e+04 2.406082210219926841e-04
1.524641902704454878e+04 3.911465665789948601e-04
1.528587035016389200e+04 3.391299345312265724e-04
1.530711337030507639e+04 5.111674006583013429e-05
1.532532167328323521e+04 5.561456569375590345e-05
1.534656469342441960e+04 1.067194259594721005e-04
1.536173827923955105e+04 1.957788516521696256e-04
1.537691186505468431e+04 2.930499196728584090e-04
1.539208545086981576e+04 1.633672529415164290e-04
1.541029375384797459e+04 9.408852438775289044e-05
1.542850205682613159e+04 3.555002380427516560e-04
1.545884922845639630e+04 5.976343162646121461e-04
1.547705753143455331e+04 2.252993836812155549e-04
1.549223111724968658e+04 1.229120190255705391e-04
1.549830055157573952e+04 1.443534218573419515e-04
1.552257828887994947e+04 1.111626205595689723e-04
1.553775187469508091e+04 1.123570114828832835e-04
1.554989074334718680e+04 3.035387342226196668e-04
1.556506432916232006e+04 4.250604395259120305e-04
1.558630734930350445e+04 1.021218247058890876e-03
1.560148093511863590e+04 8.826436820649517312e-04
1.561361980377074178e+04 3.087600456284648651e-04
1.563182810674890061e+04 4.912112126640074024e-03
1.565003640972705762e+04 2.804023598160720714e-03
1.566520999554218906e+04 5.618898286943854519e-04
1.568038358135732233e+04 3.189341541378641945e-04
1.570466131866153228e+04 8.405332225829797142e-05
1.571680018731363816e+04 6.313970421721362930e-05
1.572893905596574405e+04 4.969818468792267435e-05
1.575321679326995582e+04 1.180232889243849914e-04
1.576839037908508726e+04 3.144760779068394023e-04
1.578356396490021871e+04 1.450720266392754984e-04
1.579873755071535015e+04 2.411228596265580057e-04
1.581391113653048342e+04 4.022680076921477592e-05
1.583818887383469337e+04 1.526329970469399424e-05
1.586246661113890514e+04 1.610652883963095228e-04
1.588370963128008952e+04 1.969637256662963446e-04
1.591405680291035424e+04 1.259041833848083757e-04
1.592923038872548568e+04 5.390649244221707841e-05
1.594440397454061713e+04 1.074074312879510823e-04
1.595654284319272301e+04 1.450489607887008752e-04
1.597475114617088184e+04 1.247794333737281991e-04
1.598992473198601328e+04 1.600135767761310887e-04
1.600813303496417211e+04 1.048935382223287931e-04
1.603241077226838206e+04 1.821934291875884995e-04
1.605668850957259383e+04 6.906652119802802006e-05
1.607489681255075084e+04 1.356693566719998690e-04
1.609007039836588410e+04 7.673842950921992083e-05
1.610524398418101555e+04 2.029438902085888897e-04
1.611738285283312143e+04 7.174061459180564417e-05
1.613255643864825288e+04 1.229263021171247288e-04
1.614773002446338432e+04 1.146312969220178777e-04
1.616593832744154315e+04 7.863274761849982472e-05
1.618111191325667460e+04 3.885989633504491445e-04
1.619628549907180786e+04 1.359143731231571002e-04
1.621145908488693931e+04 1.793083113918015432e-04
1.622359795353904519e+04 1.293359924141807352e-04
1.625394512516930808e+04 4.003372306187158143e-05
1.627822286247351985e+04 1.906970219827256786e-04
1.629643116545167686e+04 8.322030789992755195e-05
1.631463946842983569e+04 1.250967686988370832e-04
1.633284777140799451e+04 3.159979313221101876e-04
1.636622966020128479e+04 5.870685116447241713e-05
1.638443796317944361e+04 7.938420556746795273e-05
1.639961154899457324e+04 4.920638450851209629e-05
1.641781985197273389e+04 2.740574337367329130e-04
1.643906287211391827e+04 2.792452804657436882e-04
1.646637532658115379e+04 2.554273077695797656e-05
1.648154891239628705e+04 1.567285209041847439e-04
1.649975721537444406e+04 1.684861747439470405e-04
1.651796551835260470e+04 7.963979873520502829e-04
1.654527797281984022e+04 1.588397123981477176e-04
1.657865986161313049e+04 1.405663729331711699e-04
1.659079873026523637e+04 6.971074974697374200e-05
1.660597231608036964e+04 5.031751883930416449e-06
1.662114590189549926e+04 6.087512882531875542e-05
1.663935420487365991e+04 1.085032519384127194e-04
1.665756250785181692e+04 2.230116666261122043e-04
1.667577081082997393e+04 5.607847471485234866e-05
1.668790967948207981e+04 7.649952976966737121e-05
1.670611798246024046e+04 4.156440758436003821e-05
1.672736100260142484e+04 2.092020234316747528e-04
1.674860402274260923e+04 2.498689480363737838e-04
1.677591647720984474e+04 1.533821203644041020e-04
1.680019421451405651e+04 2.672792081594887103e-04
1.681536780032918978e+04 4.314425825073599815e-04
1.682750666898129566e+04 4.017660947136973497e-04
1.684268025479642529e+04 1.589602166944234550e-04
1.687302742642669182e+04 1.151563749760492141e-04
1.688820101224182145e+04 3.334445703034673888e-05
1.690033988089392733e+04 1.686060081837536878e-04
1.693675648685024498e+04 1.189763956381733397e-04
1.696103422415445675e+04 5.429681378859622606e-05
1.697924252713261376e+04 3.258175984709388095e-06
1.700048554727379815e+04 4.540207542657779486e-04
1.702476328457800992e+04 3.389249210183978831e-04
1.704600630471919430e+04 1.563234228581160228e-04
1.705814517337130019e+04 3.310707372508106799e-04
1.708849234500156308e+04 1.281954816009812033e-05
1.709759649649064158e+04 1.489365384831396345e-05
1.711277008230577485e+04 2.091247428322412602e-04
1.712794366812090811e+04 2.969818836922710325e-04
1.714008253677301036e+04 1.626287741716808113e-04
1.714918668826209250e+04 9.501599365427525917e-05
1.716436027407722213e+04 6.972931438766059213e-04
1.717953385989235539e+04 7.931470668990275646e-05
1.718863801138143390e+04 1.292835744711647592e-04
1.720077688003353978e+04 2.240119872894072992e-04
1.721291574868564567e+04 3.663322061500468778e-04
1.724022820315288118e+04 5.412000615566983598e-04
1.726147122329406920e+04 2.238477042288830425e-03
1.727361009194617145e+04 6.421772210948146174e-04
1.728878367776130472e+04 8.883889037564155627e-04
1.730092254641341060e+04 6.615446370370535543e-04
1.731002669790248910e+04 3.430584173225467801e-04
1.732216556655459499e+04 1.265233704588106115e-03
1.733430443520670087e+04 1.040497671181867282e-03
1.734644330385880676e+04 1.083481112704213351e-02
1.736161688967393638e+04 9.808904363767243992e-03
1.737375575832604227e+04 4.895720250014738706e-02
1.739196406130420291e+04 2.177123168947820708e-01
1.742838066726051693e+04 8.730643672589979976e-03
1.744355425307565019e+04 2.239930728063447424e-03
1.745569312172775608e+04 1.561222132636856923e-03
1.746783199037986196e+04 9.003192191368739137e-04
1.748300557619499523e+04 1.197599925658577496e-03
1.750424859633617962e+04 4.199010451177326059e-04
1.751638746498828186e+04 2.336419255254519134e-04
1.753156105080341513e+04 4.356513498544122118e-04
1.755280407094459952e+04 1.556395402590643245e-04
1.756494293959670540e+04 3.887122611149572264e-04
1.758011652541183867e+04 2.582116395810152092e-04
1.760135954555302305e+04 4.332047710395496120e-04
1.761653313136815268e+04 4.395190265680687131e-05
1.762867200002025857e+04 5.874753088731327543e-05
1.764688030299841921e+04 1.657792397256632226e-05
1.765901917165052510e+04 7.386581101163579007e-05
1.767115804030263098e+04 1.956998805980963117e-04
1.768633162611776061e+04 2.362143810199481757e-04
1.769847049476986649e+04 8.199177370870593064e-05
1.771060936342197238e+04 1.241077064170674569e-04
1.772578294923710564e+04 9.181788482154492302e-05
1.773792181788920789e+04 1.192435747139355094e-04
1.775309540370434115e+04 1.481388845236099793e-04
1.776523427235644704e+04 1.787368273617784308e-04
1.782289389845394908e+04 3.255693661751676068e-04
1.784110220143210609e+04 4.911456560148014559e-05
1.785324107008421197e+04 1.134044168568834171e-04
1.786537993873631785e+04 3.255315662167719798e-04
1.788965767604052962e+04 1.621577898250131037e-04
1.791393541334474139e+04 9.293407841641233543e-05
1.792607428199684364e+04 1.362306944474247106e-04
1.794124786781197690e+04 5.165310728919052718e-04
1.796552560511618867e+04 1.767129712681157782e-04
1.798069919093132194e+04 3.264964171015037934e-04
1.800497692823553007e+04 4.008021164759364421e-04
1.802621994837671446e+04 1.303893880079981960e-03
1.804139353419184772e+04 3.260718018194936566e-04
1.805656712000698099e+04 2.829912091433411155e-03
1.808691429163724388e+04 5.074392593883728271e-03
1.810815731177842827e+04 2.713028612757304239e-03
1.813243504908264003e+04 3.843610960770791826e-03
1.815064335206079704e+04 4.241465776188980963e-03
1.816278222071290293e+04 2.177358374491819831e-03
1.818099052369105993e+04 6.160957567341102809e-03
1.819919882666922058e+04 2.506048210039235656e-04
1.821740712964737759e+04 1.011410788164336877e-03
1.823258071546251085e+04 1.456744920526528752e-03
1.824775430127764048e+04 3.676920754276944044e-03
1.826292788709277374e+04 7.279553262229833573e-03
1.828113619007093075e+04 7.831498909614606832e-03
1.830541392737514252e+04 3.984448370766387534e-05
1.832058751319027579e+04 3.289813815784303655e-04
1.835093468482053868e+04 1.377635697054682413e-04
1.839645544226593483e+04 1.081865983296100437e-04
1.841162902808106810e+04 1.341376070919975160e-04
1.842680261389619773e+04 5.763925991903133669e-04
1.844501091687435837e+04 2.848170291796341667e-04
1.846018450268948800e+04 2.002421990324227636e-05
1.847839280566764864e+04 6.298766768251807787e-04
1.849660110864580565e+04 3.904095853399271177e-04
1.852087884595001742e+04 3.990661607432276518e-04
1.855729545190633144e+04 1.788310810365360522e-04
1.858157318921054321e+04 8.530112904115319896e-05
1.860281620935172759e+04 1.786448540031976328e-04
1.861495507800383348e+04 1.961418601983855488e-04
1.864226753247107263e+04 1.863446275870226504e-04
1.866351055261225702e+04 5.005879480395649664e-05
1.867868413842738664e+04 1.956880478958226304e-04
1.870599659289462579e+04 1.013068570029060410e-04
1.872420489587278280e+04 1.082846144791684711e-04
1.873937848168791606e+04 6.954207517439059004e-05
1.876062150182910045e+04 1.115994218276434262e-04
1.877276037048120634e+04 1.816908440910640029e-04
1.879400339062239073e+04 2.829134672782388686e-04
1.881221169360054773e+04 5.879909137413491993e-05
1.882738527941568100e+04 1.864949078813289739e-04
1.884255886523081426e+04 4.015376896592122674e-04
1.885469773388292015e+04 5.965068140237977067e-04
1.886987131969804977e+04 5.911919443782148688e-04
1.889111433983923416e+04 6.904677654331350077e-05
1.890628792565436743e+04 1.660077308218989810e-04
1.891842679430647331e+04 3.455944600794998460e-04
1.893056566295857920e+04 3.761021408488437220e-04
1.894573924877370882e+04 5.008096085769584219e-04
1.895787811742581471e+04 3.236577124349273855e-04
1.896698226891489321e+04 3.112758373006777025e-04
1.897912113756699910e+04 8.070834748150312573e-04
1.899126000621910498e+04 1.121998880527270184e-04
1.900339887487121086e+04 1.169070952212485862e-03
1.901857246068634413e+04 7.186841969539155576e-04
1.903071132933845001e+04 1.153182993626322489e-03
1.904285019799055590e+04 1.845471905991884817e-03
1.905498906664265814e+04 3.019418662292866658e-04
1.906409321813174029e+04 2.917102854753492896e-04
1.907623208678384617e+04 1.014194964574223175e-03
1.908837095543594842e+04 1.830210105930758432e-02
1.910354454125108168e+04 1.541372628866643363e-02
1.911568340990318757e+04 8.641573064547219962e-02
1.913389171288134457e+04 3.470029490347316115e-01
1.915513473302252896e+04 6.318608476445371214e-02
1.917637775316371699e+04 2.562367174112006873e-02
1.920975964195700726e+04 4.324223888982539794e-03
1.922493322777213689e+04 6.255239245690547879e-04
1.924010681358727015e+04 9.727077061495809302e-04
1.926134983372845454e+04 1.081660991551197372e-04
1.927348870238056043e+04 5.340384132794198267e-04
1.930080115684779594e+04 3.874127492987012754e-04
1.932507889415200771e+04 6.261114561149926138e-04
1.934025247996714097e+04 3.872406693794857181e-04
1.935542606578227060e+04 4.755089330590153880e-04
1.937059965159740386e+04 2.082003299532371422e-04
1.937970380308648237e+04 1.657079384393177820e-05
1.939184267173858825e+04 6.014649425616648131e-05
1.940398154039069414e+04 3.789240068857067055e-05
1.941612040904280002e+04 2.159259769069260982e-04
1.942825927769490590e+04 1.753995617922625503e-04
1.944039814634701179e+04 2.131843691554432445e-04
1.945253701499911767e+04 3.316902326242884749e-04
1.947681475230332580e+04 4.297696819089165789e-04
1.949198833811845907e+04 2.225883757657877778e-06
1.950412720677056495e+04 4.273226170118148766e-05
1.951626607542267084e+04 2.119090293843731696e-04
1.953750909556385523e+04 5.260807798968125540e-04
1.955571739854201223e+04 5.332471841765843828e-05
1.956785626719411812e+04 5.824800141709889604e-05
1.958302985300925138e+04 3.867294814364413214e-04
1.959820343882438101e+04 1.192728866610286213e-04
1.961034230747648689e+04 5.543777213541099304e-05
1.962248117612859278e+04 6.980949549031309747e-04
1.963765476194372604e+04 4.018198895146758752e-04
1.965889778208491043e+04 3.913569623020298209e-04
1.967407136790004370e+04 2.039511448179479839e-04
1.968924495371517332e+04 5.405134974526456517e-04
1.972566155967149098e+04 4.206410966182613786e-04
1.974690457981267537e+04 2.168842229563725270e-04
1.976814759995385975e+04 2.813783570357043752e-04
1.979546005442109890e+04 1.617345496292670656e-03
1.982580722605136179e+04 3.867948307213864550e-03
1.984705024619254618e+04 4.421044126339351800e-04
1.985918911484465207e+04 3.670628824859694761e-04
1.987739741782280908e+04 3.363958362459261182e-03
1.989560572080096972e+04 2.826060642081113568e-03
1.990470987229004822e+04 2.014757485146095005e-03
1.992291817526820523e+04 1.584490895671747087e-03
1.993505704392031112e+04 1.040334325939381270e-04
1.995933478122452289e+04 8.994286008363488495e-04
1.998057780136570727e+04 1.700980699808045003e-03
1.999575138718083690e+04 1.206273362898378559e-03
2.001092497299597017e+04 1.891318240609994724e-03
2.002609855881110343e+04 1.604403347548081019e-02
2.004430686178926044e+04 3.808637387458197170e-03
2.006554988193044483e+04 7.382926458525132735e-04
2.008072346774557809e+04 7.282338944700020864e-04
2.009893177072373510e+04 6.892981015898840469e-04
2.012017479086491949e+04 2.934040791308232437e-04
2.015052196249518602e+04 1.770600025167715021e-04
2.017783441696242153e+04 2.598069566821438903e-04
2.020211215426663330e+04 5.102482929455856879e-04
2.022335517440781769e+04 2.913961208924319428e-04
2.024156347738597469e+04 2.020067210322281899e-04
2.026584121469018646e+04 1.520676122713628478e-04
2.027798008334229235e+04 2.111208471454975751e-04
2.029922310348347673e+04 2.320636399657017874e-04
2.031439668929861000e+04 5.068984398834454623e-05
2.033867442660282177e+04 9.323424442828218887e-05
2.036295216390702990e+04 7.006267531132176322e-05
2.037812574972216316e+04 2.880414661890460279e-04
2.041757707284150456e+04 7.723959199092528510e-05
2.044185481014571633e+04 1.370521491254847219e-04
2.046916726461295548e+04 2.292624431515046565e-04
2.049647971908019099e+04 2.190134412963464891e-05
2.051772273922137538e+04 2.751385213885753473e-04
2.054200047652558715e+04 7.716916921895487563e-04
2.056020877950374415e+04 6.514329475354202091e-04
2.058448651680795592e+04 3.064129318025328582e-04
2.060876425411216769e+04 3.048238422269518142e-05
2.061786840560124620e+04 2.504734075026357940e-05
2.063304199141637946e+04 3.732408247420954703e-04
2.064518086006848534e+04 5.332660162568806208e-04
2.066035444588361497e+04 2.714203800732577243e-04
2.068463218318782674e+04 1.840087102861309818e-04
2.071497935481809327e+04 1.857694997890130891e-04
2.073318765779625028e+04 3.381771221432708645e-04
2.074836124361138354e+04 1.333366043707226965e-04
2.078174313240467018e+04 2.185010404454071017e-04
2.080298615254585820e+04 4.753760077986344157e-04
2.082119445552401521e+04 3.111493009280683650e-04
2.083940275850217222e+04 5.532215214399036334e-04
2.085457634431730548e+04 9.023801346318906409e-04
2.086671521296941137e+04 5.818955617791967544e-04
2.088188879878454100e+04 4.358711978454694359e-03
2.090009710176270164e+04 2.381280275265067626e-03
2.091527068757783127e+04 1.792180528813261831e-03
2.093044427339296453e+04 6.108599832102339436e-03
2.095168729353414892e+04 1.506622449588474084e-03
2.097293031367533331e+04 2.358424705685912236e-04
2.098506918232743919e+04 9.017872895687514411e-05
2.099720805097954508e+04 3.007520053706187139e-04
2.101541635395770209e+04 3.226467210960973849e-04
2.102755522260980797e+04 3.414048955569340708e-04
2.104576352558796862e+04 2.809087570617082056e-04
2.107004126289217675e+04 5.227382262238690867e-04
2.108824956587033739e+04 7.842592513199624950e-04
2.110645786884849440e+04 5.292480577407410880e-05
2.112466617182665505e+04 5.571542966671099443e-05
2.114287447480481205e+04 3.625275857627370692e-05
2.115804806061994168e+04 7.931981357523363511e-05
2.117322164643507494e+04 5.827497776725527922e-04
2.119142994941323195e+04 1.071649844813241456e-04
2.120356881806533784e+04 8.589001963478509619e-05
2.122784655536954961e+04 3.232654116641912228e-04
2.124302014118468287e+04 4.915569228554502422e-04
2.125819372699981250e+04 9.815605771369073304e-05
2.128247146430402427e+04 4.752882600648995000e-04
2.129764505011915753e+04 3.256826704145985543e-04
2.131281863593429080e+04 1.036978106473320779e-04
2.132495750458639304e+04 3.293924356115088530e-04
2.134013109040152631e+04 1.687977909689114249e-04
2.135226995905363219e+04 6.737751577084284961e-06
2.136440882770573808e+04 2.058316483190848745e-04
2.138261713068389508e+04 2.483777215037239914e-04
2.139779071649902835e+04 1.388073916487966874e-04
2.140992958515113423e+04 2.979029531788437852e-05
2.142206845380324012e+04 1.241864033351350830e-05
2.143724203961836974e+04 2.997993096015333825e-04
2.145241562543350301e+04 8.474211248655420629e-05
2.147062392841166002e+04 1.907048369354782599e-04
2.148883223138982066e+04 1.653446752824386853e-04
2.151310996869402879e+04 3.968756805141287558e-04
2.152828355450916206e+04 4.476524730642647250e-05
2.154042242316126794e+04 5.673067182197905723e-05
2.155256129181337383e+04 2.315276534457282260e-04
2.156773487762850345e+04 1.740360733593394622e-04
2.157987374628060934e+04 1.252759596887748691e-04
2.160111676642179373e+04 1.473903254453187619e-04
2.161629035223692699e+04 3.137674791556991196e-04
2.163146393805206026e+04 4.535492704283216806e-05
2.166484582684535053e+04 4.975664259016753226e-04
2.168305412982350754e+04 9.339005241865290215e-04
2.169822771563864080e+04 4.015510778595302835e-04
2.172250545294284893e+04 5.203026251131774148e-04
2.174981790741008808e+04 8.137937186951455437e-04
2.176195677606219397e+04 1.037754904101041101e-03
2.177409564471429985e+04 1.052073811586453148e-03
2.178926923052942948e+04 8.713598280305257654e-03
2.180747753350759012e+04 1.016323695820927492e-02
2.182872055364877451e+04 1.972588572827629460e-03
2.184389413946390778e+04 1.647657374485703369e-03
2.185906772527903740e+04 7.589179399247358198e-04
2.186817187676811591e+04 8.510224020877596787e-04
2.189244961407232768e+04 8.445008812861827920e-04
2.191065791705048468e+04 1.188444378219339400e-03
2.193797037151772383e+04 1.381398002121221212e-03
2.196528282598496298e+04 7.077151465017150929e-04
2.198652584612614737e+04 1.440945579327845578e-03
2.200473414910430438e+04 5.463507119233945025e-04
2.203811603789759465e+04 2.379234122569838430e-03
2.205328962371272792e+04 3.206775049369026804e-04
2.206846320952785754e+04 7.011480587013950525e-04
2.210184509832114782e+04 2.276838956518903901e-04
2.212612283562535958e+04 2.749739070773538465e-04
2.215040057292957135e+04 3.300150899412305334e-04
2.216253944158167724e+04 3.084549960519792299e-04
2.217771302739680686e+04 3.323766829690027536e-04
2.218985189604891275e+04 2.488131538909203158e-04
2.221109491619009714e+04 5.481704253336117062e-04
2.222626850200523040e+04 1.801288319446958533e-04
2.224144208782036367e+04 4.039625817323731077e-04
2.225358095647246955e+04 1.961597473103526010e-04
2.226571982512457180e+04 1.913385069363345340e-04
2.228089341093970506e+04 1.167187615065977049e-04
2.229910171391786207e+04 2.075628109790201876e-04
2.232337945122207384e+04 3.323188746170198794e-04
2.236283077434141887e+04 1.908059356048228913e-04
2.238710851164562700e+04 2.402718387177401336e-05
2.239621266313470915e+04 3.978337356939169034e-05
2.242049040043891728e+04 3.501591969183477366e-04
2.243566398625405054e+04 2.664842449055569804e-04
2.245690700639523493e+04 9.250278729823347822e-04
2.247208059221036820e+04 2.769493142947892172e-04
2.248421946086247408e+04 6.801477616732579719e-04
2.249939304667760371e+04 3.487313148084335182e-04
2.250849719816668221e+04 4.005682207600579840e-04
2.252063606681878809e+04 1.209541327290114239e-04
2.253277493547089398e+04 1.472457899977184506e-04
2.254491380412299986e+04 4.956777907319647467e-04
2.255705267277510575e+04 4.198840019728756188e-04
2.256919154142721163e+04 4.969227445199099263e-04
2.258133041007931752e+04 2.504724830397761569e-04
2.259346927873142340e+04 8.676891537381368515e-04
2.261471229887260779e+04 2.196199093437112889e-03
2.264202475333984330e+04 1.282007679267274484e-02
2.266326777348102769e+04 6.317588285733806430e-02
2.268147607645918833e+04 9.463807555718312114e-02
2.269968437943734534e+04 2.896381160038109526e-01
2.271485796525247861e+04 2.348145481724582193e-02
2.273306626823063561e+04 1.500601717094625018e-02
2.274823985404576888e+04 2.716531906099077173e-03
2.276341343986089851e+04 5.265162041230744827e-03
2.277555230851300439e+04 9.233970971126760369e-04
2.278769117716511028e+04 1.218413938624203973e-03
2.280286476298024354e+04 6.254651319697213541e-04
2.282410778312142793e+04 8.008251494628213689e-04
2.283928136893656119e+04 5.248667130865083789e-04
2.286355910624076932e+04 1.291312180707127402e-04
2.288176740921892997e+04 3.302570633739774857e-04
2.289390627787103585e+04 3.258459140452650495e-04
2.290604514652314174e+04 2.341780775019271102e-04
2.292121873233827137e+04 4.507609984811075557e-04
2.294246175247945575e+04 8.160990393435366282e-05
2.295460062113156164e+04 2.894378037467942454e-04
2.296977420694669490e+04 4.974265816865117065e-04
2.298191307559880079e+04 1.248249772113232232e-04
2.299405194425090667e+04 5.285626505880739725e-04
2.300922553006603630e+04 4.218714315361747277e-04
2.302136439871814218e+04 2.521190712677978457e-04
2.303653798453327545e+04 2.433658929135158299e-04
2.305778100467445984e+04 1.796109494528648769e-04
2.307295459048958946e+04 3.696576781232470779e-04
2.310026704495682861e+04 1.076471506718232790e-04
2.312151006509801300e+04 1.022359916040065201e-04
2.313668365091314627e+04 4.431266066051633024e-04
2.315185723672827589e+04 1.680825284960576343e-04
2.317310025686946028e+04 1.163000460370509562e-04
2.319130855984762093e+04 1.431422943813206636e-04
2.320648214566275055e+04 7.953132538334497766e-05
2.323075988296696232e+04 1.706582694980714741e-04
2.324593346878209559e+04 3.890238703867564349e-04
2.326717648892327998e+04 1.539142057792480562e-04
2.328538479190143698e+04 1.391695446527078852e-04
2.330662781204262137e+04 3.319651752415909160e-04
2.333090554934683314e+04 1.656423343635044648e-04
2.334304441799893902e+04 4.729090918402249815e-05
2.335518328665104491e+04 3.174603752634027492e-04
2.337035687246617817e+04 2.561901385624081821e-04
2.338553045828130780e+04 2.108094847611020352e-04
2.340373876125946845e+04 1.797195852750709802e-04
2.341587762991157433e+04 1.483995669674747185e-04
2.343105121572670396e+04 2.347426001022887400e-04
2.344319008437880984e+04 5.591004192444493207e-05
2.345836367019394311e+04 1.190054830355030110e-04
2.347050253884604899e+04 2.492001374477917949e-04
2.348264140749815124e+04 2.019336716364294483e-04
2.350691914480236301e+04 1.197004690931254044e-03
2.353423159926960216e+04 2.409873642306809612e-03
2.354940518508473178e+04 5.186615523329537146e-03
2.356761348806289243e+04 6.414778110130575986e-03
2.360403009401921008e+04 1.645235411738124815e-03
2.361920367983433971e+04 4.645518071913988501e-04
2.363741198281249672e+04 2.739792652143420437e-03
2.365258556862762998e+04 2.500981391851057889e-03
2.366775915444276325e+04 1.242738751148653056e-04
2.368293274025789287e+04 2.330677343066217978e-03
2.370721047756210464e+04 7.943823713890499913e-04
2.372845349770328903e+04 3.172780479082819901e-03
2.374666180068144968e+04 7.813231361464378737e-04
2.377700897231171257e+04 2.535212201823486104e-03
2.380735614394197546e+04 9.929259113592920401e-04
2.383770331557223835e+04 2.986502431147839147e-04
2.385894633571342274e+04 2.148961394515395463e-04
2.387715463869158339e+04 4.751318599740810434e-04
2.389232822450671301e+04 3.861438219867940392e-04
2.391660596181092478e+04 2.359151436550764483e-04
2.393784898195210917e+04 2.751920357498439528e-04
2.396819615358237570e+04 4.769355327693958202e-04
2.398943917372356009e+04 3.153834271458925758e-04
2.400764747670171710e+04 3.693218761490426905e-05
2.401978634535382298e+04 5.312920334155139012e-06
2.403495993116895625e+04 1.111136617269752221e-04
2.405013351698408587e+04 2.620520802805156651e-04
2.407441125428829764e+04 1.171825150331149015e-04
2.409565427442948203e+04 2.706103263820181046e-04
2.412903616322277230e+04 6.129611924014592142e-04
2.414724446620092931e+04 2.729939435003661801e-04
2.416545276917908996e+04 3.178568895853061489e-05
2.418669578932027434e+04 2.207342766848918671e-04
2.420490409229843135e+04 8.210203832788836979e-05
2.422007767811356462e+04 2.211634672656145439e-04
2.423221654676567050e+04 2.518681401734923150e-04
2.424435541541777638e+04 1.154896877876681054e-04
2.425952900123290601e+04 8.438639882752822828e-05
2.427166786988501190e+04 2.775671001811722710e-04
2.428684145570014516e+04 5.161290670125829059e-05
2.429594560718922367e+04 2.450826015546189794e-04
2.430808447584132955e+04 4.877732184459955523e-04
2.432325806165646281e+04 4.977413694766671471e-04
2.433539693030856506e+04 4.166182799708191531e-04
2.434753579896067095e+04 5.048826861437163971e-04
2.436877881910185533e+04 5.577235237277765193e-04
2.438091768775396122e+04 1.084142186342128755e-03
2.439609127356909448e+04 1.325829167725049718e-02
2.442340372803632999e+04 5.639931227287313387e-02
2.444161203101449064e+04 1.670603102087110103e-01
2.445678561682962027e+04 1.140768361557756988e-02
2.447802863697080829e+04 1.089719828969831251e-02
2.449320222278593792e+04 1.378982372638039950e-03
2.450534109143804380e+04 8.764409201621033369e-04
2.451747996009014969e+04 1.913703855780257528e-03
2.452961882874225557e+04 4.894961680650878515e-04
2.455389656604646734e+04 5.457294745770396730e-04
2.456603543469857323e+04 7.568627442397676515e-04
2.457817430335067547e+04 5.404234948045979559e-04
2.460245204065488724e+04 3.032959434745376745e-04
2.462369506079607163e+04 1.235518631187273249e-04
2.464493808093725602e+04 5.858029607714482527e-04
2.466011166675238928e+04 4.510786437799732258e-04
2.467831996973054629e+04 5.198290800030277211e-04
2.469652827270870694e+04 3.564911049843585132e-04
2.470866714136081282e+04 8.189748617979100351e-04
2.472384072717594245e+04 3.711940092000487468e-04
2.473597959582804833e+04 1.532268738809836213e-04
2.474811846448015422e+04 5.075936328476074108e-04
2.476329205029528748e+04 1.699836274589024241e-04
2.477846563611041711e+04 5.457896534916921851e-05
2.480274337341462888e+04 3.367664338115497870e-04
2.482095167639278952e+04 2.983084622310467368e-04
2.483005582788186803e+04 3.575532362301199756e-04
2.484522941369699765e+04 3.861290788305359327e-04
2.486647243383818204e+04 1.115123907989317478e-04
2.488164601965331531e+04 3.432068309897731749e-04
2.489378488830542119e+04 1.818415415671267789e-05
2.490592375695752708e+04 5.418778603756399439e-04
2.491806262560963296e+04 1.791782651959760711e-04
2.493020149426173884e+04 2.257143810423751303e-04
2.494537508007686847e+04 3.268826366115059343e-04
2.496358338305502912e+04 9.077995178348202782e-06
2.497572225170713500e+04 1.154975826608529380e-04
2.499089583752226463e+04 6.326479037957157469e-04
