Frequency Power
1.002320185614849368e+00 9.332315103894964770e-01
2.739675174013921133e+00 1.577666564043043451e-01
3.808816705336427244e+00 3.462851997996041487e-02
4.677494199535963126e+00 1.452266054542375798e-02
5.278886310904872481e+00 2.094329438107265032e-02
6.281206496519722293e+00 1.287478708363115447e-02
7.350348027842228404e+00 1.493867189251804097e-02
8.152204176334107544e+00 1.722306594157531822e-03
8.686774941995359711e+00 5.142423009255118506e-03
9.889559164733180197e+00 5.721659193462431438e-03
1.075823665893271475e+01 6.116379376936380459e-03
1.196102088167053523e+01 4.313995762914931038e-03
1.269605568445475718e+01 7.648986842680411758e-04
1.336426914153132373e+01 2.447485562917055962e-03
1.429976798143851546e+01 2.393276948210211908e-03
1.536890951276102157e+01 3.382475749004131092e-03
1.663851508120649925e+01 1.358556933057124315e-03
1.790812064965197337e+01 1.487136799791734590e-03
1.877679814385150792e+01 1.953531114289219252e-03
1.991276102088167121e+01 1.613552842142556946e-03
2.071461716937355035e+01 4.137685928455446418e-04
2.131600928074245971e+01 8.395342504059202446e-04
2.245197215777262301e+01 8.457226278550566056e-04
2.338747099767981652e+01 1.668504078438525547e-03
2.459025522041763523e+01 5.101894009781681805e-04
2.592668213457076831e+01 6.244127297667763843e-04
2.679535962877030286e+01 9.026559205585087987e-04
2.793132250580046616e+01 9.180079879452438234e-04
2.873317865429234530e+01 1.849867160245428736e-04
2.933457076566125465e+01 3.356436806297935721e-04
3.047053364269141795e+01 4.918442641186924818e-04
3.133921113689095250e+01 7.969300753063572346e-04
3.260881670533643018e+01 4.021963718286542477e-04
3.341067285382830931e+01 1.881165188719666865e-04
3.401206496519721867e+01 2.671762080596938680e-04
3.488074245939675677e+01 4.249366561571211488e-04
3.594988399071925755e+01 5.891511342770459686e-04
3.681856148491879566e+01 1.067794967556271542e-04
3.728631090487239419e+01 1.903467467143131410e-04
3.808816705336427333e+01 1.722263882095019939e-04
3.855591647331787186e+01 2.395443683139326929e-04
3.935777262180975100e+01 5.581012464262416917e-04
4.056055684454756971e+01 3.434460642698735125e-04
4.142923433874710071e+01 2.144927975368901725e-04
4.196380510440835820e+01 1.739250977759162012e-04
4.283248259860788920e+01 2.261907512716554284e-04
4.396844547563805605e+01 4.295485949875106776e-04
4.503758700696056394e+01 2.686920148435614471e-04
4.597308584686775390e+01 8.100069909766435144e-05
4.657447795823666326e+01 2.761869025809448675e-04
4.737633410672854239e+01 3.091887350467555128e-04
4.857911832946636110e+01 2.533303597475655743e-04
4.938097447795824024e+01 1.426312624364533437e-04
4.991554524361949063e+01 1.009774687501503954e-04
5.071740139211136977e+01 1.237924449882203269e-04
5.198700696055684745e+01 3.391365119060707825e-04
5.312296983758701430e+01 1.693419965377453802e-04
5.405846867749420426e+01 1.410687707350648256e-04
5.445939675174014383e+01 1.351376508416494992e-04
5.539489559164733379e+01 1.414873139561771188e-04
5.659767981438515250e+01 2.804753503436573244e-04
5.739953596287703164e+01 1.624366343272614678e-04
5.793410672853828913e+01 1.550496952103804871e-04
5.866914153132250931e+01 1.303277312013275552e-04
5.927053364269141866e+01 6.574112344574043897e-05
6.007238979118329780e+01 2.812617755923684220e-04
6.114153132250580569e+01 1.648955841414590255e-04
6.201020881670534379e+01 1.705684402985289570e-04
6.261160092807425315e+01 6.690753454302162371e-05
6.341345707656613229e+01 1.282819993723034453e-04
6.461624129930395100e+01 4.135427397108411155e-04
6.548491879350348199e+01 8.731279957081776563e-05
6.601948955916473949e+01 1.060771611944080897e-04
6.668770301624130070e+01 7.519983342486301358e-05
6.728909512761021006e+01 2.804585238079717734e-05
6.809095127610208920e+01 1.915500399664523421e-04
6.922691415313225605e+01 9.345859944691482085e-05
7.009559164733178704e+01 1.443300043521508237e-04
7.136519721577727182e+01 7.819223580594989332e-05
7.256798143851509053e+01 2.197430526791077122e-04
7.336983758700696967e+01 5.691459173097901928e-05
7.397122969837587902e+01 7.100211131066746584e-05
7.463944315545244024e+01 1.536758115857967582e-04
7.537447795823666752e+01 2.195911487087299737e-05
7.604269141531322873e+01 9.192542850912496441e-05
7.724547563805104744e+01 1.675171340610436270e-04
7.804733178654292658e+01 1.691790799263179386e-04
7.931693735498841136e+01 3.170999303374092776e-05
7.991832946635732071e+01 1.143616797135714366e-05
8.065336426914153378e+01 1.773600132695049840e-04
8.158886310904873085e+01 1.056465109650887060e-04
8.265800464037123163e+01 6.735541253985367243e-05
8.325939675174014099e+01 1.792747335284310080e-05
8.399443155452436827e+01 1.397277556459979215e-04
8.466264501160092948e+01 5.736841424261083707e-06
8.533085846867750490e+01 1.183137120856367163e-04
8.606589327146171797e+01 1.580574879818865016e-04
8.726867749419953668e+01 1.097597874733406763e-04
8.800371229698376396e+01 1.840038997852340189e-05
8.867192575406032518e+01 1.176533468802612296e-04
8.974106728538284017e+01 1.136978378006220966e-04
9.067656612529003723e+01 1.282952799247878619e-04
9.141160092807425031e+01 1.962534001855374108e-05
9.201299303944315966e+01 4.593964054960435395e-05
9.328259860788864444e+01 2.294094691480817370e-04
9.408445475638052358e+01 1.276758865075458928e-04
9.535406032482599414e+01 1.374870110857902110e-04
9.608909512761022143e+01 1.360264297499662938e-05
9.669048723897913078e+01 6.845709230165728280e-05
9.782645011600928342e+01 1.123683879377162175e-04
9.869512761020882863e+01 1.486028447884435292e-04
9.943016241299304170e+01 2.581859963050530275e-05
1.000315545243619511e+02 3.398161340322435834e-05
1.007665893271461783e+02 2.987998303326703473e-05
1.013679814385150877e+02 1.019974624009449597e-04
1.021030162412993150e+02 9.790345442320556803e-05
1.027044083526682243e+02 1.263542433273736075e-05
1.034394431554524516e+02 1.256628372841107953e-04
1.042412993039443307e+02 3.707581813332341711e-05
1.048426914153132401e+02 1.239662776355003021e-05
1.057781902552204230e+02 7.889438011555321723e-05
1.068473317865429379e+02 1.215337585048399411e-04
1.078496519721577869e+02 8.623033673712388178e-05
1.086515081206496660e+02 2.004552336476766365e-05
1.093197215777262272e+02 5.687367584461432488e-05
1.102552204176334243e+02 2.159105652420501985e-04
1.113243619489559251e+02 6.514438661685442819e-05
1.125939675174013956e+02 6.839127059558883996e-05
1.139303944315545323e+02 8.358747503045009975e-05
1.147990719257540633e+02 8.668745167109946647e-05
1.160018561484918820e+02 1.083058991283866539e-04
1.168037122969837753e+02 3.012982576435735367e-05
1.174051044083526847e+02 1.425309574564462520e-05
1.184074245939675336e+02 8.025225362751222486e-05
1.193429234338747165e+02 1.801623100761489077e-04
1.206125290023202012e+02 7.006499210540345754e-05
1.219489559164733237e+02 1.214432245562594608e-04
1.228844547563805207e+02 5.022236370403305132e-05
1.239535962877030215e+02 1.490397807039831578e-04
1.252900232018561582e+02 2.157790310018273754e-05
1.260250580046403854e+02 1.272305246551211701e-05
1.265596287703016287e+02 5.715730367177452291e-05
1.273614849187935079e+02 1.218359073170005721e-04
1.280965197215777494e+02 1.810320339827956534e-05
1.286979118329466587e+02 3.429178203009436231e-05
1.295665893271461755e+02 3.791660376973081333e-05
1.307693735498839942e+02 4.135467739079442135e-05
1.319721577726218129e+02 1.332251152379037185e-04
1.328408352668213581e+02 4.794862925891794437e-05
1.345113689095127825e+02 1.050499995724732443e-04
1.353800464037122993e+02 1.207430729185880573e-04
1.364491879350348142e+02 9.985871226499284069e-05
1.379860788863109065e+02 8.989568534041922744e-05
1.390552204176334214e+02 4.438571070303567074e-05
1.400575406032482704e+02 4.107165485005395732e-05
1.411266821345707854e+02 6.578511748669620162e-05
1.419953596287703022e+02 4.611000499777587885e-05
1.426635730858468776e+02 5.677772872084643090e-05
1.434654292343387567e+02 1.058036531820092838e-04
1.445345707656612717e+02 1.057998197068522894e-04
1.453364269141531508e+02 5.682741145017578617e-05
1.460046403712296978e+02 4.605427308260767760e-05
1.468733178654292431e+02 6.585269910761837298e-05
1.479424593967517580e+02 4.104860637681679106e-05
1.489447795823666070e+02 4.444198310357026164e-05
1.500139211136890935e+02 9.006573395849215363e-05
1.515508120649652142e+02 9.999109616614562906e-05
1.526199535962877292e+02 1.209002881049302237e-04
1.534886310904872460e+02 1.053580956924229695e-04
1.551591647331786703e+02 4.796487580328750083e-05
1.560278422273782155e+02 1.334581980071844964e-04
1.572306264501160342e+02 4.148980473889310607e-05
1.584334106728538529e+02 3.803581333030891544e-05
1.593020881670533697e+02 3.450083835674969520e-05
1.599034802784222791e+02 1.812925275720412207e-05
1.606385150812065206e+02 1.221253122253443207e-04
1.614403712296983997e+02 5.751681883085952451e-05
1.627099767981438561e+02 2.188032064634853045e-05
1.640464037122970069e+02 1.494153528606622034e-04
1.651155452436194935e+02 5.040976109611400730e-05
1.660510440835267048e+02 1.224529938084772702e-04
1.673874709976798272e+02 7.052870561166505771e-05
1.686570765661253120e+02 1.812112262076209638e-04
1.695925754060324948e+02 8.165210048367128014e-05
1.705948955916473437e+02 1.430854831164970636e-05
1.711962877030162531e+02 2.927938953539471591e-05
1.719981438515081322e+02 1.070070311474960413e-04
1.732009280742459509e+02 8.680994236208960902e-05
1.740696055684454961e+02 8.293555634906286597e-05
1.754060324825986186e+02 6.451639266839225798e-05
1.766756380510441033e+02 6.381361530980209995e-05
1.777447795823665899e+02 2.168212688146129742e-04
1.786802784222738012e+02 5.598158740387433244e-05
1.793484918793503766e+02 2.015400485708821913e-05
1.801503480278422558e+02 8.612928160550356593e-05
1.811526682134571047e+02 1.219883192314903344e-04
1.822218097447795913e+02 7.870298557178871093e-05
1.831573085846868025e+02 1.221872722937432079e-05
1.837587006960557119e+02 3.739663838307200327e-05
1.845605568445475910e+02 1.259114867739687972e-04
1.852955916473318041e+02 1.245045942729846556e-05
1.858969837587007135e+02 9.821910911014119930e-05
1.866320185614849265e+02 1.020524835818757334e-04
1.872334106728538359e+02 3.005504306782623476e-05
1.879684454756380774e+02 3.382400295851564146e-05
1.885698375870069867e+02 2.581494859376924942e-05
1.893048723897911998e+02 1.492651201546856411e-04
1.901735498839907450e+02 1.123373507254873000e-04
1.913095127610208976e+02 6.838898391069446513e-05
1.919109048723898070e+02 1.373845187593394516e-05
1.926459396751740201e+02 1.377482131020347535e-04
1.939155452436195048e+02 1.282744846498146368e-04
1.947174013921113840e+02 2.299776105640756951e-04
1.959870069605568688e+02 4.595487245736543433e-05
1.965883990719257781e+02 1.971117779344672483e-05
1.973234338747099912e+02 1.290691716364953745e-04
1.982589327146171740e+02 1.141939359304946410e-04
1.993280742459396890e+02 1.177753963220679810e-04
1.999962877030162645e+02 1.844277424464228646e-05
2.007313225058004775e+02 1.103161487068946500e-04
2.019341067285382962e+02 1.589444518024425463e-04
2.026691415313225093e+02 1.187035846941819650e-04
2.033373549883990847e+02 5.766977861479361420e-06
2.040055684454756602e+02 1.403447875791121260e-04
2.047406032482598732e+02 1.787356661752821291e-05
2.053419953596287826e+02 6.785418858248578634e-05
2.064111368909512976e+02 1.063103173248290011e-04
2.073466357308584804e+02 1.783558954576908216e-04
2.080816705336427219e+02 1.145240793514231542e-05
2.086830626450116313e+02 3.195760094488531085e-05
2.099526682134570876e+02 1.707321135748946514e-04
2.107545243619489668e+02 1.683994417744944395e-04
2.119573085846867855e+02 9.232123218474613303e-05
2.126255220417633609e+02 2.206076800712898137e-05
2.133605568445475740e+02 1.548344826949943148e-04
2.140287703016241494e+02 7.147138184713310331e-05
2.146301624129930588e+02 5.744265882523445598e-05
2.154320185614849379e+02 2.211972548842714749e-04
2.166348027842227566e+02 7.886744297322747805e-05
2.179044083526682414e+02 1.459683165518974696e-04
2.187730858468677582e+02 9.440007156733123484e-05
2.199090487238979392e+02 1.928628521662245729e-04
2.207109048723898184e+02 2.823140270499552469e-05
2.213122969837587277e+02 7.638027753760717829e-05
2.219805104408352747e+02 1.068528757974208449e-04
2.225150812064965464e+02 8.858747762990430697e-05
2.233837587006960632e+02 4.179642612168718075e-04
2.245865429234338819e+02 1.294252559228710453e-04
2.253883990719257611e+02 6.764777550905431058e-05
2.259897911832946704e+02 1.756457386862416402e-04
2.268584686774942156e+02 1.693455689406634605e-04
2.279276102088167306e+02 2.756036236270902593e-04
2.287294663573086098e+02 6.566996301976820252e-05
2.293308584686775191e+02 1.293592196611895802e-04
2.300658932714617322e+02 1.567303282512371441e-04
2.306004640371229755e+02 1.633359062397137179e-04
2.314023201856148546e+02 2.853749037193426550e-04
2.326051044083526733e+02 1.417726284649051412e-04
2.335406032482598846e+02 1.359210026804389348e-04
2.339415313225058242e+02 1.458875058751843879e-04
2.348770301624130070e+02 1.690214084028667213e-04
2.360129930394431881e+02 3.394087397994875938e-04
2.372825986078886444e+02 1.245801995241859405e-04
2.380844547563805236e+02 1.007147045070381412e-04
2.386190255220417953e+02 1.439755718384719903e-04
2.394208816705336744e+02 2.542587935001425366e-04
2.406236658932714931e+02 3.114294075523571536e-04
2.414255220417633723e+02 2.773131143571335236e-04
2.420269141531322816e+02 8.170698144146341132e-05
2.429624129930394645e+02 2.706618821457545043e-04
2.440315545243619795e+02 4.329612562830317877e-04
2.451675174013921321e+02 2.281550892821061630e-04
2.460361948955916773e+02 1.745301061865350671e-04
2.465707656612529206e+02 2.166870029553354332e-04
2.474394431554524658e+02 3.463933825228103177e-04
2.486422273781902845e+02 5.637351571884096366e-04
2.494440835266821637e+02 2.409747792318644999e-04
2.499118329466357409e+02 1.741605038440489472e-04
2.507136890951276200e+02 1.916416171808768163e-04
2.511814385150812257e+02 1.082929365436275884e-04
2.520501160092807709e+02 5.950317732164260966e-04
2.531192575406032574e+02 4.296977003167428452e-04
2.539879350348028026e+02 2.689950002055953152e-04
2.545893271461717120e+02 1.904513076935014930e-04
2.553911832946635911e+02 4.062705263750550052e-04
2.566607888631090759e+02 8.053760903261814388e-04
2.575294663573085927e+02 4.964995866064630210e-04
2.586654292343387738e+02 3.388998870513150333e-04
2.592668213457076831e+02 1.874443560109928649e-04
2.600686774941995623e+02 9.283378159757630851e-04
2.612046403712297433e+02 9.139492229265052184e-04
2.620733178654292601e+02 6.305360542690153971e-04
2.634097447795824110e+02 5.157859966929679001e-04
2.646125290023202297e+02 1.690627936519034299e-03
2.655480278422273841e+02 8.563396275735443621e-04
2.666839907192575652e+02 8.482355053929905046e-04
2.672853828306264745e+02 4.194331833590143129e-04
2.680872389791183537e+02 1.635251897418131886e-03
2.692232018561485347e+02 1.979683862488124634e-03
2.700918793503480515e+02 1.506220396931758033e-03
2.713614849187935079e+02 1.375367332669460724e-03
2.726310904872390211e+02 3.430793979672220641e-03
2.737002320185615076e+02 2.428269489207916191e-03
2.746357308584687189e+02 2.481259903089773951e-03
2.753039443155452659e+02 7.758486203824220724e-04
2.760389791183295074e+02 4.377485270761243691e-03
2.772417633410673261e+02 6.208661859623888432e-03
2.781104408352668429e+02 5.812269488473725126e-03
2.793132250580046616e+02 5.220048937652143131e-03
2.798477958236659333e+02 1.749343454974541107e-03
2.806496519721578125e+02 1.517661639969833387e-02
2.817187935034802990e+02 1.309227013696323549e-02
2.827211136890951479e+02 2.131124769325713417e-02
2.833225058004640573e+02 1.476340776531819693e-02
2.841911832946635741e+02 3.522441173465318959e-02
2.852603248259861175e+02 1.604974377427244303e-01
2.869976798143851511e+02 9.522904850050997183e-01
2.877995359628770302e+02 1.877109702720952678e-01
2.879331786542923624e+02 8.763326297187536140e-02
2.880668213457076945e+02 9.233072147932849805e-02
