Frequency Power
4.508940607431223824e-01 1.280431643845827416e-01
7.649650961572972419e-01 2.613656653105557101e-02
1.075926517359450552e+00 2.490766401233011559e-02
1.396216781197668677e+00 1.543757728785635427e-02
1.704068588187800382e+00 6.505194781310394588e-03
2.018139623601975519e+00 6.784383990913891473e-03
2.322881816380085507e+00 3.114835571764913887e-03
2.640062466006281916e+00 4.235648381140337017e-03
2.944804658784392348e+00 1.555469463659659790e-03
3.227779552078351877e+00 1.185479174115795049e-03
3.557398658552634707e+00 5.542490267028638527e-03
3.896346607662981576e+00 1.188667013554618604e-03
4.191759957805027526e+00 1.136052605801072743e-03
4.505830993219202441e+00 1.117515737039310141e-03
4.832340485481463332e+00 7.756901416201045273e-04
5.090438465079250463e+00 1.941803786837126679e-03
5.444934485249705247e+00 7.281442826329400687e-04
5.709251693271536254e+00 9.576142342309748633e-04
6.035761185533797146e+00 1.003276883767765561e-03
6.368489906220101027e+00 1.291632406069238804e-03
6.722985926390555811e+00 7.963121876937768366e-04
7.245401114010173949e+00 1.133039835709096508e-03
7.587458677332541868e+00 7.157514053107344497e-04
7.901529712746716783e+00 2.663596293812027830e-04
8.237368047645043490e+00 1.131547892873207553e-03
8.486137184606764805e+00 4.108527717845680740e-04
8.862400504261371381e+00 7.477970103559094042e-04
9.160923468615438381e+00 6.781585616065455508e-04
9.708215569931228472e+00 3.148567670804352180e-04
1.004094429061753146e+01 5.056005312741200042e-04
1.041409799606011610e+01 1.343190111556159675e-03
1.095828048316388426e+01 3.516659890981346424e-04
1.135942071651466279e+01 4.579388888343968907e-04
1.192537050310258095e+01 8.006684686242604215e-04
1.251930681759869479e+01 4.672294862453805976e-04
1.288935090882925749e+01 1.128506222881694044e-03
1.325317577163577631e+01 1.221742799867329759e-04
1.372583713186305054e+01 6.343712501788520018e-05
1.408655238045754743e+01 6.601567975163317959e-04
1.441306187271980832e+01 6.141197881591289919e-04
1.503498471512411605e+01 7.131849842541023278e-04
1.566623640016448604e+01 2.780365570744845294e-04
1.600829396348685663e+01 1.824829620391007047e-04
1.652448992268243089e+01 9.033840633980332654e-04
1.692873977024522958e+01 3.540454281418671089e-04
1.727390694777961855e+01 1.605151576317568674e-04
1.785540480542764641e+01 4.804221523033502046e-04
1.845245073413578041e+01 4.061976301922991836e-04
1.868567180003739736e+01 2.962847864810674034e-04
1.903705820599583021e+01 2.613578104749798178e-05
1.937289654089415336e+01 3.280960822125562589e-04
1.978958484530503981e+01 6.841839499044028491e-04
2.057320762673446524e+01 2.408779288818732925e-04
2.093081326111694196e+01 1.144515531653125931e-04
2.131329580919559064e+01 5.216818992667836188e-04
2.192588980896383433e+01 5.456581327328314255e-04
2.250738766661186219e+01 4.550403224963983135e-05
2.297693941262711093e+01 6.483234227983482453e-05
2.341228540231012900e+01 9.907745921695009731e-04
2.384763139199314352e+01 7.474180284271144141e-05
2.434516966591658615e+01 6.631693385159951758e-05
2.488935215302035431e+01 4.628399753563928651e-04
2.549261731015253218e+01 3.776685746804475468e-04
2.589375754350331249e+01 1.378910726387916677e-04
2.626380163473387341e+01 2.105312086048647400e-04
2.702254750246712689e+01 4.020879136025857017e-04
2.744545503530205721e+01 2.084471707844715851e-04
2.813267977615881676e+01 1.729643274323382478e-04
2.837212007048447404e+01 2.672081088226702832e-04
2.894739869970845803e+01 2.352628107548066861e-04
2.951956771472042007e+01 8.158489610721158375e-05
2.989894064858704681e+01 2.598041633203021419e-04
3.030630011036186744e+01 3.778636737537663577e-04
3.083804414061755139e+01 7.518352360869146804e-05
3.133869202875301596e+01 1.254518749918774308e-04
3.180513416055624631e+01 2.584703026194693160e-04
3.239907047505236193e+01 1.754004156977012857e-04
3.276600495207090091e+01 2.473411624734821396e-04
3.320135094175391544e+01 3.608238329021571945e-05
3.351542197716808857e+01 7.970335491358122317e-05
3.392900066736695663e+01 2.609046224936056066e-04
3.430837360123358337e+01 1.332486485698101985e-04
3.488987145888160768e+01 2.348790697950130701e-04
3.539362896122909774e+01 1.189260638070362667e-04
3.586629032145636842e+01 4.226942399841759120e-05
3.639492473750003398e+01 2.768758897548628264e-04
3.680228419927485106e+01 2.085253153858290386e-04
3.716610906208136811e+01 1.897346748559608102e-05
3.783778573187802152e+01 9.469509535553744504e-05
3.832599516316540189e+01 1.674979761125963630e-04
3.890127379238938943e+01 8.711953388067445510e-05
3.926509865519590647e+01 8.996545079895621204e-05
3.967556773118274549e+01 8.705317200218531655e-05
4.042498475627994026e+01 1.805364463872492612e-04
4.080435769014656699e+01 7.142517411023522320e-05
4.136097863409842290e+01 9.338263670229592930e-05
4.182431115168962776e+01 1.301808448187158286e-04
4.233428788246116170e+01 4.237573525041052260e-05
4.289712805483705438e+01 8.622268884000801261e-05
4.328582983133974693e+01 1.973032803222405361e-04
4.368075083626648336e+01 4.713578648132666060e-05
4.441151017609154650e+01 3.429782275592554373e-05
4.479399272417019517e+01 8.219903692304485253e-05
4.515781758697671222e+01 7.066679349026263593e-05
4.538170981024226336e+01 7.889634851883236286e-05
4.577663081516899979e+01 7.152016360128026168e-05
4.614356529218753877e+01 5.020233235386882325e-05
4.653226706869023133e+01 1.574608829154256937e-05
4.692096884519292388e+01 8.025439842958970301e-05
4.730034177905955062e+01 1.095132629883229116e-04
4.772324931189447739e+01 5.648303779242636860e-05
4.829541832690644299e+01 7.791098092697784660e-05
4.880228544346594788e+01 4.494444931712772960e-05
4.939622175796205994e+01 4.814009044093195492e-05
4.978803314867677443e+01 1.532741055611100205e-04
5.015185801148329858e+01 2.505499251449773730e-05
5.046903866110949366e+01 1.423100418075830721e-05
5.095102886397283015e+01 2.265067684713570337e-05
5.128997681308317880e+01 7.780320182804939067e-05
5.192744772654759089e+01 1.042834705171870655e-04
5.228816297514208600e+01 1.967787692834356444e-05
5.263643976688850046e+01 4.466957206783658525e-05
5.343250100516601719e+01 9.005103431325343314e-05
5.381809316745668070e+01 4.456139564115485003e-05
5.412594497444681707e+01 5.596047962432251668e-05
5.449909867988939993e+01 3.111016065306813807e-05
5.474786781685111947e+01 3.716499791647536377e-05
5.510858306544562168e+01 3.593563113201274123e-05
5.532003683186308507e+01 2.764807455923112413e-05
5.559368288252098012e+01 3.344529152449286216e-05
5.597927504481165073e+01 5.766515218812735941e-05
5.625603070968156771e+01 4.788026625321119235e-05
5.664784210039628221e+01 8.442411049764159841e-05
5.741902642497761633e+01 3.706656538237644192e-05
5.778285128778414048e+01 1.703989243646311546e-05
5.815289537901470140e+01 9.562915563865058335e-05
5.878725667826709156e+01 9.705473796799955765e-05
5.914486231264957183e+01 8.776307101860377497e-06
5.967660634290525223e+01 6.885119106721922461e-05
6.027054265740136429e+01 8.990103558846494682e-05
6.071832710393246657e+01 4.062092411607110839e-05
6.093910971298599577e+01 8.420177484365174044e-05
6.128738650473241023e+01 2.353011644256195253e-05
6.185644590553234679e+01 5.977345903501146387e-05
6.244727260581643691e+01 6.642661882394129886e-05
6.284841283916721721e+01 7.444252808629232257e-05
6.342369146839120475e+01 7.288518138068449700e-05
6.376574903171356823e+01 7.953611840398697911e-07
6.434724688936159964e+01 7.471539197085989587e-05
6.498160818861398980e+01 7.346965695476430846e-05
6.561907910207840189e+01 8.695271424523393783e-05
6.615704236075812616e+01 1.148241270575106177e-05
6.653330568041273807e+01 1.196841987994218314e-04
6.709925546700065979e+01 7.305140203200745949e-05
6.748484762929132330e+01 4.643613173952471237e-05
6.805701664430328890e+01 7.819679091063206624e-05
6.870381640040376681e+01 6.508597848394655498e-05
6.899922975054580832e+01 6.680930500737949115e-05
6.930397194332391564e+01 7.570868215714003429e-05
6.967090642034246173e+01 7.806566047001119047e-06
7.024929466377847120e+01 1.832113310833406662e-04
7.080280599351830517e+01 7.495141262827856543e-06
7.117285008474885899e+01 8.482067326167766822e-05
7.175745755660891234e+01 8.853948839404397113e-05
7.241980538376949994e+01 8.998847030672882993e-05
7.303550899774975846e+01 7.948958846876893699e-05
7.342732038846448006e+01 3.663093915891867689e-05
7.392485866238791914e+01 1.882572998149793179e-04
7.432910850995071428e+01 2.567292160295763225e-05
7.491371598181076763e+01 1.126114046611587040e-04
7.518425241825664784e+01 8.630086562394117579e-05
7.546100808312655772e+01 4.453593849956814560e-05
7.588391561596148449e+01 1.185407237632521709e-04
7.672351145320729415e+01 1.210615607508135115e-04
7.713087091498212544e+01 1.511462188116511501e-04
7.761597073205747677e+01 1.035663487087383619e-04
7.805442633595251323e+01 1.004415216707244771e-04
7.863903380781256658e+01 1.952388758278145999e-04
7.922675089388464187e+01 2.942981529667792987e-05
7.956569884299497630e+01 2.304265054509811923e-04
7.992952370580150045e+01 8.858226469918046176e-05
8.037419853812058079e+01 6.885279438299019862e-05
8.080332529937955144e+01 2.360336501467841686e-04
8.171133264928984374e+01 2.129962587231304762e-04
8.231148819220999258e+01 2.288573006732070702e-04
8.321949554212028488e+01 3.115336914856412756e-04
8.360819731862297033e+01 3.338933799263380398e-04
8.399378948091364805e+01 4.667371089790283682e-07
8.453797196801741620e+01 3.613812798356805895e-04
8.512257943987746955e+01 2.444132644975554420e-04
8.543043124686759882e+01 1.718324293738260084e-04
8.573517343964570614e+01 1.396943328759370684e-04
8.604613486084785734e+01 3.714525663542335107e-04
8.650946737843906931e+01 2.082028074477306628e-04
8.685152494176143989e+01 2.476665257705460343e-04
8.724955556090019115e+01 4.030415156844878747e-04
8.762270926634278112e+01 6.159531058848836818e-05
8.819798789556675445e+01 8.152186066422145846e-04
8.866132041315796641e+01 1.984394028002425304e-04
8.923970865659397589e+01 3.635638351621829699e-04
8.967505464627699041e+01 6.907855880018147401e-04
9.014460639229224626e+01 7.633564167284053381e-04
9.044934858507035358e+01 4.526434413395619789e-04
9.095932531584188041e+01 4.503793871056426716e-04
9.175227693990737521e+01 1.571412391086050809e-03
9.252968049291276031e+01 6.671830172633683119e-06
9.299923223892800195e+01 3.251010369774897692e-03
9.391967804568638201e+01 2.363226871398046124e-03
9.443587400488195271e+01 5.406017437303177117e-03
9.612128490779763013e+01 9.004698564107914416e-02
9.771029777014062745e+01 6.656362926238453860e-03
9.838819366836132474e+01 9.159432510372898144e-04
9.905676072394595622e+01 5.273784536811114768e-03
9.953253169838525594e+01 1.513679831283324491e-04
1.005680332309884193e+02 7.152552300009864562e-03
1.009878311496113241e+02 2.145906036232595859e-03
1.027043381946472209e+02 6.424549537921257769e-02
1.031801091690865064e+02 4.872129776758638009e-02
1.047162585898251450e+02 2.316224904816588381e-03
1.050303296252393181e+02 1.549894263079820743e-03
1.054936621428305301e+02 7.489351956650608117e-04
1.058885831477572594e+02 1.781025599160174916e-03
1.062555176247758055e+02 1.946013523478529910e-04
1.067965904976675517e+02 1.594721375333551464e-03
1.071386480609899223e+02 6.941418776150229787e-04
1.074931440811603807e+02 1.808698765459540881e-03
1.078165439592106196e+02 1.560852658583605128e-03
1.080062304261439294e+02 1.311744407403870726e-03
1.083887129742225852e+02 6.283402022556971262e-04
1.086996743954247364e+02 1.085605568470704007e-03
1.096263394306071461e+02 1.803262929492149835e-02
1.099932739076256922e+02 2.727549664238508240e-02
1.103602083846442241e+02 3.273887015356603120e-02
1.106556217347862798e+02 3.728797256651833480e-02
1.109168293285960800e+02 4.371708609595987421e-02
1.112930926482506919e+02 4.023272737939296434e-02
1.116227117547249748e+02 2.675596447356306390e-02
1.122228672976451236e+02 1.072436087125442326e-02
1.126053498457237794e+02 3.651460629280754277e-03
1.129194208811379525e+02 1.451803776312316125e-04
1.134480552971816110e+02 2.390659802381447149e-03
1.137901128605039816e+02 4.550533079418437807e-03
1.141414992664624179e+02 5.353202060238546403e-03
1.144897760582088324e+02 1.537285416503268503e-03
1.147540932662306545e+02 1.176432090498425636e-03
1.151179181290371787e+02 9.765725538014393727e-04
1.152765084538502691e+02 9.947757128885429453e-04
1.156527717735048810e+02 2.152017990783469149e-03
1.159792812657671419e+02 1.227301913050105227e-03
1.162778042301212054e+02 3.371513237556567327e-03
1.166354098645036856e+02 4.560627927571124333e-03
1.169836866562501001e+02 1.508511632357212306e-03
1.174252518743571585e+02 3.395483884465555838e-04
1.178108440366478220e+02 6.039501860223526163e-03
1.181497919857581707e+02 9.404339678151713011e-03
1.184794110922324535e+02 2.134552507712364402e-03
1.188090301987067363e+02 3.674905180560282883e-03
1.197388048481011822e+02 1.036041414066821431e-01
1.200528758835153553e+02 1.081688211421468621e-01
1.204042622894737917e+02 9.800853110092470899e-02
1.219963847660288110e+02 7.610678536618765977e-03
1.222824692735347867e+02 6.923722172553633918e-03
1.229603651717554840e+02 4.088679475093432054e-03
1.232899842782297668e+02 2.918395909797286830e-03
1.236506995268242690e+02 2.124217280180056532e-03
1.244685280645859251e+02 5.165006175906866961e-03
1.248168048563323396e+02 2.065464397109396943e-03
1.251899585617749295e+02 1.384234174755960979e-04
1.254107411708284587e+02 9.892850499110639824e-05
1.259891294142644540e+02 3.493742379551440826e-03
1.269220136778709218e+02 1.155314987226409079e-03
1.273355923680697828e+02 1.720812903256975241e-03
1.277584999009047095e+02 3.889583648615902584e-03
1.282435997179800609e+02 5.348870753932520941e-03
