Frequency Power
5.060918700030352102e-02 5.049713782133350272e-05
1.518275610009105492e-01 6.409316236010346817e-05
2.361762060014164222e-01 5.478522493302002971e-05
3.542643090021246333e-01 2.004437857220667252e-03
5.482661925032881189e-01 2.367407818814396252e-04
6.747891600040468729e-01 8.097021299980428771e-03
7.928772630047551395e-01 5.391755011956195394e-04
8.687910435052104141e-01 4.268073371205154446e-04
9.784442820058679713e-01 8.557878726100150157e-03
1.096532385006576238e+00 2.456459519896319926e-04
1.172446165507031512e+00 1.599406286222353917e-04
1.248359946007486787e+00 1.934847229628791306e-04
1.358013184508144455e+00 4.941843730100309653e-03
1.467666423008801901e+00 3.859387856713336596e-04
1.552015068009307885e+00 3.124392358449853274e-04
1.653233442009914844e+00 1.615816179303027891e-03
1.754451816010522025e+00 1.617478410917986751e-04
1.838800461011027787e+00 1.023064686901266866e-04
1.940018835011634746e+00 3.475693936498963632e-04
2.100281260512595782e+00 9.826945896297624013e-06
2.176195041013051057e+00 7.652970475891316657e-06
2.260543686013557263e+00 7.537438493804835262e-06
2.344892331014063025e+00 3.491925152959895670e-05
2.446110705014670206e+00 1.739997763948501291e-05
2.522024485515125480e+00 8.294091850828560645e-06
2.614807995015681730e+00 2.560923807645079094e-05
2.724461233516339398e+00 1.823608209239472035e-05
2.901593388017401853e+00 9.931383388931264223e-06
3.011246626518059077e+00 7.570817331986915230e-06
3.095595271518565283e+00 4.574932629746484749e-06
3.196813645519172020e+00 3.063366454528800381e-06
3.272727426019627295e+00 4.830071869134560556e-06
3.373945800020234476e+00 3.630613836289378452e-06
3.449859580520689750e+00 5.824839895840647690e-07
3.542643090021246444e+00 2.034821263223749399e-06
3.593252277021549812e+00 2.655468558589597087e-06
3.694470651022156993e+00 4.933518583087258406e-06
3.778819296022662755e+00 1.570974259656220759e-06
3.871602805523219004e+00 5.548410679710979536e-06
3.972821179523826185e+00 2.179872387872689549e-06
4.048734960024281015e+00 3.121524561897806369e-06
4.200562521025191565e+00 4.168549587435835270e-06
4.318650624025900164e+00 3.445646672018265833e-06
4.487347914026911688e+00 2.025285941829044977e-06
4.630740610527771750e+00 1.997165037672170015e-06
4.807872765028833761e+00 3.795191618559463546e-06
4.976570055029846174e+00 4.492302114876950155e-06
5.145267345030857697e+00 2.236315766051127223e-06
5.322399499531919709e+00 1.556116647513348289e-06
5.440487602532628308e+00 1.212295763538665950e-06
5.617619757033690320e+00 2.377249377237955006e-06
5.769447318034600869e+00 1.779954385267702565e-06
5.895970285535359956e+00 1.818423790226761239e-06
5.963449201535764743e+00 1.808835674767085922e-06
6.081537304536472455e+00 2.130921552494173888e-06
6.258669459037535354e+00 1.785054061280011702e-06
6.427366749038546878e+00 6.818729054793459572e-07
6.545454852039254590e+00 1.187228668280190515e-06
6.722587006540317489e+00 1.366231932297905874e-06
6.899719161041379500e+00 2.336595324349818020e-06
7.051546722042290050e+00 1.084145496545316844e-06
7.203374283043200599e+00 1.415593208821841104e-06
7.313027521543858711e+00 7.271075996144448232e-07
7.388941302044313986e+00 2.211975920218756484e-06
7.498594540544971210e+00 2.209614061012088495e-06
7.582943185545476972e+00 6.188267882795511391e-07
7.684161559546083708e+00 1.469748058795526288e-06
7.835989120546994258e+00 8.757847525070218559e-07
7.979381817047854319e+00 1.158017386722386685e-06
8.097469920048562031e+00 7.591772594434512442e-07
8.181818565049068681e+00 9.419486067875362543e-07
8.266167210049575331e+00 6.129986139288026967e-07
8.350515855050080205e+00 3.017050391172934398e-07
8.460169093550737429e+00 1.052583130273583692e-06
8.586692061051497404e+00 4.751960224999408048e-07
8.687910435052103253e+00 1.458738649733356805e-07
8.772259080052609903e+00 1.046106365341666764e-06
8.881912318553267127e+00 1.745108316844419447e-07
8.966260963553773777e+00 7.564432738666735538e-07
9.075914202054431001e+00 4.067362509430825166e-07
9.177132576055038626e+00 1.400504311221871911e-07
9.295220679055745450e+00 8.807347866321624693e-07
9.396439053056353075e+00 1.502559861909787396e-07
9.463917969056756974e+00 9.678974614285769192e-08
9.548266614057263624e+00 4.673278536236436613e-07
9.632615259057770274e+00 1.497650587321920039e-06
9.742268497558427498e+00 8.496761658283469049e-07
9.826617142558932372e+00 3.614436774166109152e-07
9.910965787559439022e+00 1.346228821999021115e-06
1.002905389056014762e+01 8.321146641652696630e-07
1.008809794206050192e+01 1.092986428909987250e-06
1.023992550306141247e+01 1.510937440541779088e-07
1.034114387706201832e+01 8.514157361852387212e-07
1.041705765756247359e+01 1.356227175270644005e-07
1.051827603156308122e+01 2.103698611159210445e-06
1.061105954106363747e+01 5.470265571959565193e-07
1.071227791506424509e+01 1.276840089954287484e-06
1.086410547606515564e+01 1.349886811879079061e-06
1.103280276606616717e+01 9.918640457533880531e-07
1.115089086906687577e+01 7.943062905802312393e-07
1.131958815906788729e+01 6.908688237898254111e-07
1.146298085556874646e+01 1.622531693467008239e-07
1.155576436506930271e+01 3.022751863669820387e-07
1.164854787456985896e+01 2.872098719716732606e-07
1.180881030007082089e+01 2.627360116376234446e-07
1.191846353857147811e+01 2.453638560541413730e-07
1.202811677707213533e+01 6.856551187959893511e-08
1.212090028657269158e+01 2.486995235251475236e-07
1.221368379607324961e+01 2.512410395829435612e-07
1.229803244107375448e+01 5.142403920209945291e-07
1.239081595057431073e+01 5.754023416945991503e-07
1.248359946007486698e+01 4.988277564304648834e-07
1.257638296957542323e+01 1.132140163577684762e-06
1.266916647907598126e+01 3.391426324137003378e-07
1.276194998857653751e+01 9.089882654035078563e-07
1.293064727857754903e+01 2.104809097397449795e-07
1.301499592357805390e+01 1.060510206172298722e-07
1.310777943307861193e+01 1.970368382480577683e-07
1.319212807807911680e+01 2.609199431140734622e-07
1.329334645207972443e+01 3.766347750421955436e-07
1.345360887758068458e+01 6.530897703991919039e-07
1.371508967708225413e+01 3.804480479803728257e-07
1.380787318658281038e+01 2.530410615176081016e-07
1.389222183158331525e+01 5.419618953964522976e-07
1.399344020558392288e+01 4.416618830217586356e-07
1.408622371508447912e+01 2.351399390562094409e-07
1.416213749558493440e+01 5.482538879208600684e-08
1.424648614058544105e+01 4.300853095943387053e-07
1.433926965008599730e+01 1.083892387886532135e-06
1.444048802408660315e+01 2.262014650205920800e-07
1.459231558508751370e+01 3.002621743064325534e-07
1.468509909458806995e+01 7.460968660490064717e-07
1.478631746858867757e+01 3.934808307084755030e-07
1.487910097808923382e+01 4.856963668552573339e-07
1.497188448758979007e+01 5.936439529045499418e-08
1.505623313259029672e+01 9.469514788426040838e-08
1.514058177759080159e+01 2.976542002239205287e-07
1.523336528709135962e+01 1.020850382914321504e-07
1.531771393209186449e+01 5.217547922754417098e-08
1.541893230609247212e+01 4.482378798962194402e-07
1.547797635759282642e+01 5.111408048090907032e-07
1.558762959609348364e+01 2.007228599040808361e-07
1.566354337659393892e+01 1.662017222422370422e-08
1.575632688609449517e+01 4.302011753445350468e-07
1.584067553109500182e+01 2.354513712546485485e-07
1.600093795659596196e+01 4.470745016447761581e-07
1.619493984009712406e+01 1.310748537067840346e-06
1.633833253659798501e+01 3.672602490683709885e-07
1.642268118159849166e+01 9.542596521450233478e-08
1.651546469109904791e+01 4.122520538356253043e-07
1.660824820059960416e+01 2.464687146241697410e-07
1.669259684560011081e+01 4.067787493600768378e-07
1.678538035510066706e+01 4.843232664390475380e-07
1.687816386460122331e+01 1.733032946855212950e-07
1.695407764510167681e+01 2.440347237839600968e-07
1.703842629010218346e+01 5.309701816733965175e-08
1.712277493510269011e+01 6.219134443570247985e-07
1.720712358010319676e+01 5.405667174247832427e-07
1.730834195410380261e+01 7.284013295290252677e-07
1.740112546360435886e+01 1.170550465382928325e-07
1.748547410860486551e+01 4.774256016504704665e-07
1.758669248260547135e+01 5.850160961373920856e-07
1.767947599210602760e+01 2.419624038861235831e-07
1.778069436610663701e+01 8.050055405916462679e-07
1.788191274010724285e+01 4.677153974305737805e-07
1.796626138510774950e+01 8.695079388591116302e-08
1.804217516560820300e+01 2.602043295055752728e-07
1.814339353960881240e+01 3.622296681422480613e-07
1.830365596510977255e+01 5.504807961181211455e-07
1.838800461011027920e+01 3.630907036211877186e-07
1.848922298411088505e+01 2.766326696676974409e-07
1.857357162911139170e+01 1.386179538811906022e-07
1.865792027411189835e+01 1.471608710650865000e-07
1.874226891911240145e+01 4.842835396211399864e-08
1.883505242861295770e+01 3.376826251635345698e-07
1.892783593811351395e+01 2.660109129747796611e-07
1.902905431211412335e+01 1.002971186244056028e-07
1.916401214411493115e+01 3.045266327540306880e-07
1.934957916311604365e+01 8.297616760794452565e-09
1.945079753711665305e+01 1.092854218206260540e-07
1.953514618211715614e+01 1.426139701404939828e-08
1.962792969161771595e+01 4.940501719572923031e-08
1.971227833661821904e+01 4.817416133019400339e-08
1.979662698161872569e+01 5.024125894056784677e-07
1.989784535561933154e+01 6.977988349812280798e-07
1.999062886511988779e+01 7.259859356255664712e-08
2.008341237462044759e+01 4.989275195381201189e-07
2.017619588412100384e+01 2.063599896750198416e-07
2.026054452912150694e+01 5.245614068379800692e-08
2.035332803862206319e+01 6.544438286518424549e-07
2.057263451562338119e+01 5.608397144738793118e-07
2.070759234762418899e+01 3.377547234231275766e-07
2.082568045062489759e+01 7.876219522317005635e-07
2.093533368912555659e+01 1.607537094836511687e-07
2.109559611462651674e+01 8.973521275579964650e-07
2.120524935312717218e+01 3.695620561107764797e-07
2.136551177862813589e+01 2.929365690780365857e-07
2.146673015262874173e+01 8.150417666654130146e-07
2.157638339112940074e+01 1.342117280966060700e-07
2.167760176513000658e+01 5.077728234033672769e-07
2.177882013913061243e+01 5.957014215965139933e-07
2.194751742913162573e+01 3.735645588325204489e-07
2.203186607413213238e+01 5.252092384271540479e-08
2.212464958363268863e+01 1.662868838723283532e-07
2.220056336413314213e+01 2.961694859356644324e-07
2.227647714463359918e+01 2.833800778177915717e-07
2.237769551863420503e+01 2.308029763320662946e-07
2.246204416363471168e+01 2.425055114082180072e-08
2.253795794413516518e+01 1.212876412833969370e-07
2.261387172463562223e+01 2.752961633261629946e-07
2.271509009863622808e+01 1.221924686262994073e-07
2.278256901463663198e+01 3.567741185419752425e-07
2.288378738863724138e+01 5.021706123344088716e-07
2.296813603363774803e+01 4.448375067072609807e-07
2.306935440763835388e+01 1.319896919428168856e-07
2.312839845913870818e+01 2.361107659537995811e-08
2.322961683313931402e+01 4.823023661665858943e-07
2.336457466514012538e+01 3.001407533195636849e-07
2.350796736164098277e+01 6.714370044557558383e-07
2.364292519364179412e+01 6.547254936207615384e-07
2.373570870314235037e+01 3.650530276235013481e-07
2.383692707714295622e+01 1.069601411414593013e-06
2.400562436714396952e+01 4.312680933217282472e-07
2.414058219914477732e+01 1.603716979590272607e-07
2.427554003114558867e+01 2.902149325850607443e-07
2.440206299864634687e+01 1.661796106095529515e-07
2.449484650814690312e+01 8.956528898903290901e-07
2.467197866264796602e+01 2.470450761263632974e-07
2.483224108814892617e+01 5.147905908910025223e-07
2.500093837814993591e+01 6.326501288975485413e-07
2.509372188765049572e+01 2.532142470569631008e-07
2.518650539715105197e+01 4.359737420089057844e-07
2.527085404215155506e+01 1.845481979337758104e-07
2.536363755165211131e+01 1.979786136003959595e-07
2.544798619665261796e+01 5.168041838278847108e-07
2.554920457065322736e+01 5.921294534404110718e-08
2.562511835115368086e+01 2.692918085562403874e-07
2.577694591215459141e+01 1.085583575677377524e-07
2.587816428615519726e+01 5.276500947597929611e-07
2.596251293115570391e+01 4.963268805683214373e-08
2.605529644065626016e+01 1.471893259563573156e-07
2.613964508565676681e+01 6.621626650057697772e-08
2.623242859515732306e+01 2.075026462641362545e-07
2.633364696915792891e+01 1.966314581619586050e-07
2.645173507215863751e+01 4.514531357274276858e-07
2.656982317515934611e+01 1.149044061886609965e-07
2.667104154915995551e+01 4.085963643061830726e-07
2.678069478766061096e+01 3.456557028750336456e-07
2.687347829716116721e+01 1.664929280820750682e-07
2.697469667116177661e+01 6.072089276039981986e-07
2.708434990966243205e+01 5.648446123473545750e-07
2.718556828366303790e+01 6.814398708992361876e-09
2.733739584466394845e+01 2.233150515941996058e-07
2.747235367666475980e+01 6.112608556517076130e-08
2.758200691516541880e+01 1.393196083280686853e-07
2.768322528916602465e+01 2.575660683939948609e-07
2.775070420516642855e+01 1.910526390052107591e-07
2.785192257916703440e+01 8.898964442112529676e-08
2.794470608866759065e+01 1.135494399947177316e-07
2.817244743016895825e+01 5.544890414661320771e-07
2.828210066866961725e+01 5.742266324149817557e-07
2.859419065517148795e+01 2.702530306820585712e-07
2.868697416467204420e+01 4.841853318219280823e-08
2.878819253867265004e+01 1.019733520030769739e-06
2.898219442217381570e+01 4.318295201071375203e-07
2.915089171217482544e+01 4.537000160571007125e-07
2.926054495067548444e+01 1.066810532980886896e-07
2.936176332467609029e+01 7.978966193001323428e-08
2.947141656317674929e+01 2.458665760112512291e-07
2.965698358217786179e+01 2.109636372219513411e-07
2.974976709167841804e+01 2.470388725619908012e-07
2.987629005917917624e+01 3.301327059408039654e-07
3.002811762018008679e+01 4.953666839048381875e-07
3.012933599418069264e+01 2.791325698042062075e-07
3.022211950368124889e+01 2.533488403224623225e-07
3.036551220018210984e+01 1.164467202750949142e-07
3.046673057418271924e+01 5.593758178326096473e-08
3.053420949018312314e+01 3.712982868024557596e-08
3.061012327068357664e+01 8.223307333762908574e-08
3.071977650918423564e+01 1.066190844932877498e-06
3.085473434118504343e+01 3.098332247291421715e-07
3.097282244418575203e+01 7.957545300995013673e-07
3.107404081818636143e+01 9.497211124048786987e-07
3.115838946318686453e+01 6.223112800591911947e-07
3.124273810818737118e+01 1.453982598944083231e-07
3.133552161768792743e+01 9.459131471769337065e-07
3.143673999168853328e+01 2.733700019976267454e-07
3.152108863668903993e+01 7.018348503997854653e-07
3.160543728168954658e+01 1.037744099359421193e-07
3.177413457169055988e+01 3.605403080972604821e-07
3.191752726819141728e+01 1.289428500644731341e-07
3.201874564219202313e+01 1.782525815890812825e-07
3.212839888069268568e+01 2.234283606896016728e-07
3.228022644169359268e+01 4.149030422702891794e-07
3.243205400269450678e+01 2.326149398314856170e-08
3.249953291869491068e+01 7.191867264443732886e-08
3.260918615719556612e+01 7.039450958745862360e-08
3.273570912469632788e+01 2.369325699325849455e-09
3.282849263419688413e+01 1.378442563133128010e-08
3.292127614369744038e+01 3.719211180602586420e-08
3.302249451769804267e+01 1.884889924278269767e-08
3.315745234969885757e+01 9.042766129827340181e-07
3.325867072369945987e+01 1.495335272986599251e-07
3.335145423320001612e+01 2.252100099659482692e-07
3.344423774270057237e+01 7.258104802852877969e-08
3.351171665870097627e+01 1.292641950481776769e-07
3.362136989720163882e+01 2.839705208915140898e-07
3.366354421970189037e+01 2.802774137228939210e-07
3.378163232270259897e+01 9.249629716476107622e-07
3.389128556120325442e+01 5.775420940357093154e-07
3.400937366420396302e+01 7.410021139443755815e-07
3.411059203820457242e+01 1.363943137107472725e-07
3.415276636070482397e+01 1.419799130285376321e-07
3.427085446370553257e+01 3.998427997241000393e-07
3.435520310870603566e+01 1.464604178705417443e-07
3.444798661820659191e+01 1.011685112146079572e-07
3.453233526320710212e+01 1.426702794596818946e-07
3.460824904370755206e+01 2.340367770034650843e-07
3.470946741770816146e+01 4.549544163244425890e-07
3.481068579170877086e+01 4.321440121760901547e-07
3.495407848820963181e+01 1.062944273191904846e-06
3.503842713321013491e+01 1.902453255846242130e-07
3.513964550721074431e+01 9.519050125040049490e-07
3.524086388121134661e+01 3.464329398744722418e-07
3.532521252621185681e+01 9.997195183782950850e-08
3.540112630671231386e+01 6.798632231319251097e-08
3.550234468071291616e+01 7.298641768771834621e-07
3.559512819021347241e+01 4.716079431891018940e-08
3.567947683521398261e+01 3.317019966910731911e-07
3.578069520921458491e+01 1.123856362499326814e-06
3.589878331221529351e+01 1.405514789191000052e-07
3.608435033121640600e+01 2.758962882532425855e-07
3.621930816321722091e+01 1.369377156102206176e-07
3.643017977571847865e+01 6.703593228269852698e-07
3.670009543972010135e+01 4.190004208063075185e-08
3.680974867822075680e+01 4.737961999589038148e-07
3.698688083272182325e+01 1.120038451763074679e-07
3.708809920672242555e+01 4.430393748572748273e-07
3.720618730972313415e+01 5.333006812547252268e-07
3.731584054822379670e+01 2.149345259904989238e-07
3.743392865122450530e+01 6.739034438041415430e-07
3.753514702522510760e+01 3.757252552382203233e-07
3.772071404422622010e+01 8.112196610357509531e-08
3.781349755372677635e+01 2.396634212924142876e-07
3.791471592772738575e+01 2.287152204900159426e-07
3.800749943722794200e+01 2.435547656226149103e-07
3.810028294672849825e+01 2.423957183798172282e-07
3.820150132072910765e+01 6.797826975800661146e-07
3.830271969472970994e+01 2.684610662176520100e-07
3.841237293323037250e+01 4.485238777957560382e-07
3.853046103623108110e+01 1.315380382365317554e-07
3.868228859723198809e+01 1.514282303907602388e-08
3.877507210673254434e+01 1.220240531756435462e-07
3.888472534523319979e+01 2.122533648831133067e-07
3.896063912573365684e+01 4.455598734729856230e-07
3.907029236423431229e+01 1.184558523988745427e-06
3.917151073823492169e+01 1.408254842294874048e-07
3.926429424773547794e+01 3.242315658807770969e-07
3.937394748623613339e+01 2.240025901914774283e-07
3.944142640223654439e+01 1.100935513312991948e-07
3.954264477623714669e+01 3.845544350253939485e-08
3.962699342123765689e+01 2.732236833133896969e-08
3.975351638873841154e+01 1.134200457657882571e-07
3.988847422073921933e+01 4.459770445405636135e-07
3.998969259473982873e+01 5.393997672610187890e-08
4.006560637524028579e+01 8.015211724546952564e-09
4.014995502024078888e+01 3.308952748719193450e-07
4.025117339424139828e+01 2.505679859695371479e-07
4.034395690374195453e+01 1.797646034963465481e-07
4.049578446474286153e+01 6.072777651963928619e-07
4.060543770324352408e+01 3.235197881931461169e-07
4.068978634824402718e+01 5.316793341761090815e-07
4.079100472224463658e+01 4.864887175193222150e-07
4.087535336724513968e+01 1.208638740258704334e-07
4.096813687674569593e+01 1.542874108321423616e-07
4.111996443774661003e+01 3.552883112282501946e-07
4.121274794724716628e+01 2.737395992318473066e-08
4.130553145674772253e+01 5.559547245812063035e-07
4.139831496624827878e+01 5.820627307328984494e-07
4.160918657874954363e+01 4.200377079492933174e-07
4.173570954625029827e+01 1.240137594788390415e-07
4.182849305575085452e+01 1.489635508996268560e-07
4.192971142975146392e+01 1.979906399941889109e-07
4.201406007475196702e+01 1.710978316135592840e-07
4.212371331325262958e+01 2.031262302488669644e-07
4.222493168725323187e+01 2.982748858755321339e-07
4.235145465475399362e+01 4.561098311882243214e-07
4.246110789325464907e+01 3.192133273295670295e-07
4.257919599625535767e+01 1.947328841201133782e-07
4.269728409925606627e+01 4.901792688276635843e-07
4.292502544075743032e+01 3.116585796466127823e-07
4.304311354375813892e+01 8.973065275251624728e-07
4.316963651125890067e+01 2.654662874221747586e-07
4.327928974975955612e+01 1.769374085210893379e-07
4.336363839476006632e+01 1.600270330839186724e-08
4.344798703976056942e+01 2.330150692004280441e-07
4.353233568476107251e+01 5.583028513760080719e-07
4.361668432976158272e+01 4.361625906977119254e-07
4.371790270376219212e+01 1.190701677843510835e-07
4.387816512926315227e+01 6.592788315076979491e-07
4.397938350326375456e+01 2.263106616811942808e-07
4.406373214826426477e+01 1.100624783699533890e-07
4.413964592876471471e+01 3.066028596182115500e-07
4.422399457376522491e+01 5.014496462765048595e-08
4.430834321876572801e+01 2.574157728689641130e-07
4.440112672826628426e+01 5.442935300639503050e-07
4.450234510226689366e+01 3.487402813643888606e-07
4.462886806976765541e+01 6.614634275084870459e-07
4.482286995326881396e+01 1.196310197688182264e-07
4.490721859826932416e+01 3.553786345041821918e-07
4.500843697226992646e+01 1.984077167017523056e-07
4.511809021077058901e+01 2.124203946400047199e-07
4.532052695877180071e+01 4.002349945006118656e-07
4.543018019727245616e+01 2.176558005154937591e-07
4.552296370677301240e+01 2.343263349281980619e-09
4.564948667427377416e+01 6.608839576731870912e-08
4.575070504827437645e+01 1.492730339592664307e-07
4.592783720277544290e+01 4.702453124717039199e-07
4.608809962827640305e+01 2.057975760150520647e-07
4.618088313777695930e+01 4.052880991675392898e-07
4.628210151177756870e+01 3.195855956250011806e-07
4.639175475027822415e+01 5.203448356281263632e-08
4.650984285327893275e+01 4.178905599824455317e-08
4.661949609177958820e+01 2.359966395113934218e-07
4.678819338178060150e+01 1.625500678684704921e-07
4.692315121378140930e+01 5.271676182716986987e-07
4.704967418128217105e+01 6.710380667140266502e-08
4.722680633578323040e+01 2.940679215186506229e-07
4.736176416778404530e+01 2.052410756074614427e-07
4.751359172878495229e+01 2.543524320139117011e-07
4.760637523828550854e+01 1.993945945673462177e-07
4.771602847678616399e+01 3.030984107950602335e-07
4.776663766378646869e+01 3.006474180381276393e-07
4.795220468278758119e+01 5.453983423613868395e-07
4.806185792128824374e+01 3.323742395279173895e-07
4.816307629528884604e+01 1.782193014108891406e-07
4.823899007578930309e+01 1.366342787475067947e-07
4.834864331428995854e+01 2.784512393628212192e-07
4.845829655279062109e+01 1.068195778803704671e-08
4.861012411379152809e+01 5.103053905022597015e-07
4.873664708129228984e+01 3.799048660185711740e-08
4.882943059079284609e+01 7.168304392203063327e-07
4.893908382929350154e+01 7.833610704687329304e-08
4.903186733879405779e+01 3.140606816431048715e-07
4.912465084829461404e+01 7.508796724853449148e-08
4.921743435779517029e+01 3.788503526946863829e-07
4.931021786729572653e+01 2.935981346157634349e-08
4.939456651229622963e+01 2.805726748008840933e-07
4.951265461529693823e+01 7.589258752636652618e-07
4.966448217629785233e+01 2.288031040252413114e-07
4.978257027929856093e+01 1.831306213566728442e-07
4.997657216279972658e+01 3.305087922919205597e-07
5.014526945280073278e+01 1.496036222554154790e-07
5.024648782680134218e+01 4.040656314856334741e-08
5.036457592980205078e+01 3.416169256039415591e-07
5.044892457480255388e+01 3.893179000914576946e-07
5.056701267780326248e+01 3.372861044763530391e-07
5.082005861280477887e+01 3.293702846519699566e-07
5.093814671580548747e+01 1.997312812961452876e-07
5.110684400580650077e+01 5.006980243466072144e-07
5.119962751530705702e+01 1.108407222967548204e-07
5.130084588930766643e+01 4.665606481476430556e-08
5.139362939880822267e+01 9.182347652213168293e-08
5.153702209530908362e+01 5.309659747983960008e-07
5.163824046930968592e+01 2.751015356465249802e-07
5.173945884331029532e+01 5.779399672370691546e-08
5.188285153981115627e+01 3.485878699092676068e-07
5.200093964281186487e+01 9.180145675011019878e-08
5.205998369431221562e+01 6.459440839336044661e-08
5.215276720381277187e+01 3.680586156292359547e-08
5.223711584881328207e+01 3.270537135384712087e-07
5.235520395181399067e+01 5.347932316337477820e-07
5.248172691931474532e+01 1.215252166526586197e-07
5.256607556431525552e+01 4.407294406408979074e-08
5.265885907381581177e+01 7.140576991629792445e-07
5.276007744781641406e+01 1.919348740553978844e-07
5.282755636381682507e+01 7.098881479737763542e-07
5.293720960231748052e+01 7.818450168760677569e-07
5.302155824731798361e+01 2.073418228205291747e-07
5.311434175681853986e+01 2.829240398763140643e-07
5.318182067281894376e+01 2.428281993890372460e-07
5.329147391131960632e+01 1.316333374931277937e-06
5.344330147232051331e+01 2.072678416391586799e-07
5.362043362682157976e+01 1.077777955820367953e-07
5.371321713632213601e+01 3.022239370072314412e-07
5.383130523932284461e+01 2.184843930145957631e-07
5.393252361332344691e+01 4.290179600522439047e-08
5.403374198732405631e+01 3.151050172794543776e-07
5.415183009032476491e+01 1.101666635925556806e-07
5.426148332882542036e+01 5.470620035804904620e-07
5.436270170282602976e+01 1.874266857390531311e-07
5.453139899282704306e+01 5.880453863868147674e-07
5.470853114732810241e+01 3.664685818271419795e-07
5.488566330182916175e+01 4.559973994985945045e-07
5.505436059183017505e+01 3.019822363074408979e-07
5.521462301733113520e+01 1.311060747517549358e-07
5.532427625583179776e+01 7.840419056586875481e-07
5.541705976533235400e+01 1.541598208278199182e-07
5.548453868133275790e+01 1.055175436038104429e-07
5.558575705533336020e+01 3.851041891207800320e-08
5.566167083583381725e+01 3.312103609215361867e-08
5.577132407433447980e+01 5.835409163794350629e-07
5.590628190633528760e+01 3.146758603987052638e-07
5.602437000933599620e+01 1.820060682689895305e-07
5.612558838333659850e+01 1.218454984604957054e-07
5.630272053783766495e+01 9.637228449132833875e-08
5.644611323433852590e+01 1.812457355127998860e-07
5.653889674383908215e+01 2.714328635678298695e-07
5.664011511783968444e+01 1.899740921867531299e-07
5.672446376284019465e+01 7.069574003770967989e-09
5.680037754334064459e+01 2.111113244679495201e-07
5.689316105284120084e+01 2.680576848990731121e-07
5.699437942684181024e+01 2.839281997830409914e-07
5.709559780084241964e+01 3.333741166728084098e-07
5.722212076834317429e+01 2.355348054848205942e-07
5.734020887134388289e+01 4.306171805088640577e-07
5.752577589034499539e+01 1.103178715756443627e-07
5.768603831584596264e+01 4.236564053218610903e-07
5.784630074134692279e+01 9.116764262043837038e-08
5.804030262484808134e+01 3.165378812084222939e-07
5.814152099884869074e+01 2.557217584201871452e-07
5.824273937284930014e+01 2.240147323546156027e-07
5.834395774684990243e+01 1.942747936631228255e-07
5.843674125635045868e+01 2.478199316714126493e-07
5.850422017235086969e+01 1.359466541910200729e-07
5.868135232685192904e+01 8.158260378270361315e-08
5.886691934585304153e+01 2.932820335747145605e-07
5.897657258435369698e+01 1.965321975763043585e-07
5.907779095835430638e+01 8.576803943339642472e-08
5.924648824835531968e+01 3.389120012592212661e-07
5.934770662235592198e+01 1.482013120128947382e-07
5.950796904785688923e+01 3.029959070912723287e-07
5.959231769285739233e+01 1.599992393122233545e-07
5.968510120235794858e+01 1.868427009410246709e-07
5.978631957635855798e+01 5.983052434801568433e-08
5.985379849235896188e+01 8.335184232757579143e-08
5.992971227285941183e+01 9.000812150982094838e-08
6.003093064686002123e+01 1.372988736644633930e-07
6.010684442736047828e+01 4.978809246242276791e-07
6.021649766586113373e+01 2.571679333054472661e-07
6.030084631086164393e+01 1.782916860605227988e-07
6.045267387186255093e+01 2.710851055285304592e-07
6.055389224586316033e+01 7.631991108434744087e-08
6.061293629736351107e+01 4.635439399150687266e-08
6.071415467136412047e+01 2.627718963493057056e-07
6.080693818086467672e+01 6.113241029976347714e-08
6.091659141936533217e+01 3.066005318913789069e-07
6.097563547086569002e+01 3.164741311049797589e-07
6.112746303186659702e+01 4.298575378840445530e-07
6.127929059286751112e+01 8.853885879223930967e-08
6.143111815386841812e+01 7.777810766061693143e-08
6.169259895336998767e+01 4.322436649006380242e-07
6.186973110787104702e+01 2.525115461068568317e-07
6.197938434637170957e+01 9.241804683232158726e-07
6.208060272037231186e+01 2.314269035582322370e-07
6.215651650087276892e+01 8.215017836179831946e-08
6.226616973937342436e+01 3.522336311772350938e-07
6.235895324887398772e+01 3.617465958784559670e-07
6.246860648737464317e+01 4.846475398898033019e-07
6.256982486137524546e+01 1.818287289592046461e-07
6.272165242237615956e+01 6.150100932745135506e-07
6.292408917037737126e+01 4.132504254966385295e-07
6.306748186687823221e+01 1.131474020695715703e-07
6.321087456337909316e+01 3.306929160217146375e-07
6.332052780187974861e+01 2.759527425656507991e-07
6.341331131138030486e+01 5.401633709402870757e-07
6.363261778838162286e+01 1.623056994461059599e-07
6.375070589138233146e+01 5.023475100310470948e-08
6.386035912988298691e+01 2.387485417893432722e-07
6.401218669088389390e+01 3.255618992601183833e-07
6.427366749038546345e+01 2.883781611830530230e-07
6.436645099988602681e+01 1.973794840689681147e-07
6.447610423838668225e+01 1.541211418210948291e-07
6.457732261238729166e+01 4.548217873852598231e-07
6.468697585088794710e+01 1.194766463602750529e-07
6.489784746338921195e+01 4.401933927483237467e-07
6.499063097288976110e+01 6.669566534100473724e-08
6.508341448239032445e+01 4.081690713510631809e-07
6.518463285639093385e+01 2.216211733483279681e-07
6.528585123039154325e+01 2.937288222006743198e-07
6.542080906239235105e+01 2.438952629211233149e-07
6.553889716539305255e+01 2.888649681178848866e-07
6.571602931989411900e+01 4.487791301171072744e-07
6.582568255839477445e+01 4.706601560113654258e-07
6.592690093239538385e+01 8.140543355035925489e-07
6.603655417089603930e+01 7.073274471321531523e-07
6.613777254489664870e+01 2.796442467936744028e-07
6.628116524139750254e+01 2.506083204420501758e-07
6.637394875089806590e+01 3.100100039311173973e-07
6.659325522789937679e+01 3.918527102788742045e-07
6.678725711140053534e+01 5.147399567673982064e-07
6.686317089190099239e+01 3.460413967942685405e-07
6.697282413040164784e+01 5.320911322775351880e-07
6.708247736890231749e+01 1.065978525330532045e-07
6.715839114940277454e+01 1.250341711658931147e-07
6.730178384590362839e+01 1.000942933434550653e-07
6.741143708440428384e+01 8.863586202391166341e-08
6.748735086490474089e+01 1.267940660987196434e-07
6.758013437440529003e+01 5.762179017747469471e-08
6.767291788390585339e+01 3.161944542711355092e-08
6.783318030940681354e+01 4.963119973476485993e-07
6.793439868340742294e+01 4.356989615348362502e-07
6.803561705740803234e+01 1.581345353397376229e-07
6.814527029590868779e+01 1.879022959459553266e-07
6.828022812790949558e+01 8.635016480473263965e-08
6.846579514691060808e+01 2.382330643384504970e-07
6.858388324991132379e+01 4.985547367002912671e-07
6.875258053991232998e+01 3.385505969396786735e-07
6.884536404941287913e+01 3.594831120991909856e-08
6.893814755891344248e+01 6.419628021298630009e-08
6.910684484891444868e+01 3.629329164489265864e-07
6.924180268091525647e+01 3.716646253103911234e-07
6.944423942891647528e+01 1.129431244751084108e-07
6.952015320941693233e+01 6.421359477033148486e-08
6.969728536391799878e+01 3.933000338376108921e-07
6.991659184091930967e+01 2.867400635053377939e-07
7.012746345342057452e+01 1.151755523179776784e-07
7.025398642092133628e+01 1.887408153204451897e-07
7.036363965942199172e+01 7.732080500449698728e-07
7.045642316892254087e+01 4.153027760181614762e-07
7.056607640742321053e+01 1.473582823646644236e-06
7.066729478142380572e+01 2.360036470528987860e-07
7.077694801992447537e+01 3.191357684552027439e-07
7.095408017442552762e+01 2.571630907840486826e-07
7.124086556742724952e+01 2.911081899102928213e-07
7.135895367042796522e+01 4.356485699375466469e-08
7.146860690892862067e+01 2.394773838589239736e-07
7.161199960542947451e+01 2.073605191957631333e-07
7.178913175993054097e+01 2.585475761225412530e-07
7.189035013393115037e+01 4.526807258582191659e-07
7.200843823693185186e+01 1.657023080613883846e-07
7.209278688193235496e+01 1.029483978276205276e-07
7.220244012043302462e+01 7.031626296782458157e-07
7.243861632643444182e+01 1.828582766387130328e-07
7.259044388743534171e+01 4.956760772736861381e-08
7.269166226143595111e+01 5.613010700674696621e-07
7.280975036443666681e+01 5.024320384259429196e-07
7.292783846743736831e+01 1.920173299218388676e-07
7.303749170593802376e+01 4.306113823132394540e-08
7.316401467343878551e+01 2.430841195434207003e-07
7.329053764093954726e+01 1.515658543088880030e-07
7.344236520194046136e+01 2.089515287272265548e-07
7.354358357594105655e+01 1.452119220147821793e-07
7.364480194994166595e+01 4.387001981437043353e-07
7.375445518844232140e+01 4.744618643579646601e-07
7.384723869794288476e+01 1.932704328704889322e-08
7.394845707194349416e+01 6.581604595805067605e-07
7.410028463294439405e+01 1.472410208995834085e-07
7.420993787144506371e+01 4.007842628442995403e-07
7.431115624544565890e+01 9.718047280975127408e-08
7.440393975494622225e+01 2.670126939108702552e-07
7.457263704494722845e+01 3.012478724345319626e-07
7.468229028344788389e+01 3.126702206339892426e-07
7.480881325094864565e+01 4.000784809301030682e-07
7.494377108294945344e+01 1.207764470477218652e-07
7.508716377945032150e+01 1.748595393116995623e-07
7.523055647595117534e+01 2.228528727553988875e-07
7.542455835945234810e+01 2.508111951408288105e-07
7.556795105595320194e+01 5.477050657173089158e-07
7.575351807495431444e+01 1.703701046467633786e-07
7.593065022945538090e+01 1.402657389031000658e-07
7.603186860345599030e+01 1.184940893111812033e-06
7.614152184195664574e+01 4.615620088719388294e-07
7.631021913195765194e+01 1.113389747637894611e-07
7.642830723495836764e+01 2.014931055352934032e-07
7.655483020245911518e+01 2.909478877673688694e-07
7.671509262796007533e+01 6.930465451378551573e-08
7.680787613746063869e+01 1.408014806050261436e-07
7.690909451146124809e+01 1.029113163156731874e-07
7.698500829196170514e+01 1.113922661923663650e-07
7.706935693696220824e+01 1.897036748836122482e-07
7.717901017546286369e+01 1.661111955002649811e-07
7.733927260096382383e+01 2.044558069996518455e-07
7.749110016196473794e+01 2.976221810339548621e-07
7.764292772296565204e+01 6.465835951176669332e-07
7.788753879346711528e+01 2.504056880340797938e-07
7.799719203196777073e+01 1.759208550225709739e-07
7.817432418646883718e+01 4.311180682982738029e-07
7.830084715396959893e+01 1.595692325536686832e-07
7.844423985047045278e+01 2.756160023073223254e-07
7.859606741147136688e+01 4.804300681979960721e-07
7.874789497247226677e+01 1.739679886765252374e-07
7.884911334647287617e+01 5.988542796837978429e-08
7.895876658497353162e+01 2.696814905732780086e-07
7.904311522997404893e+01 5.711277308703910758e-07
7.927929143597546613e+01 5.872228812052738243e-08
7.945642359047651837e+01 3.209213118957192715e-07
7.957451169347723408e+01 1.904159500438293822e-07
7.969259979647793557e+01 2.134826870736529652e-07
7.975164384797828632e+01 2.015198237168683226e-07
7.987816681547904807e+01 1.166352484758037097e-07
8.002155951197991612e+01 2.625034174338004946e-08
8.014808247948066366e+01 2.399391218686888311e-07
8.026617058248137937e+01 3.222374226497205110e-07
8.043486787248238556e+01 1.433472817612543243e-07
8.054452111098305522e+01 2.440908558567239457e-07
8.062886975598355832e+01 1.292058763705771254e-07
8.076382758798436612e+01 3.967794529582170933e-08
8.088191569098506761e+01 1.836824542319842941e-07
8.097469920048563097e+01 1.624117611981244924e-07
8.109278730348633246e+01 1.850220329939434378e-07
8.117713594848683556e+01 9.808326295579106747e-08
8.127835432248744496e+01 2.150879534729127236e-07
8.138800756098810041e+01 2.356391242138635998e-07
8.157357457998921291e+01 3.560346940622248137e-07
8.170009754748997466e+01 2.502328397921209789e-07
8.180975078599063011e+01 5.784060798763599477e-07
8.191096915999123951e+01 6.582187128584454327e-08
8.202062239849189496e+01 9.696674635628143592e-08
8.214714536599265671e+01 3.361248583288732621e-07
8.241706102999427230e+01 2.958030651482619367e-07
8.253514913299498801e+01 1.572056438143218189e-07
8.264480237149564346e+01 4.621221176232741210e-07
8.280506479699660360e+01 2.596585345543669303e-07
8.289784830649716696e+01 1.758535166859795309e-07
8.299063181599771610e+01 1.565131291052594457e-07
8.315089424149867625e+01 2.652682857748399238e-07
8.324367775099923961e+01 6.479561743001314387e-08
8.333646126049978875e+01 3.085386008402585754e-07
8.342924477000035210e+01 2.865532699535150818e-07
8.352202827950090125e+01 3.152738668951332599e-08
8.360637692450140435e+01 1.931896118427702174e-07
8.372446502750212005e+01 2.489375345147477974e-08
8.384255313050282155e+01 7.278761174895944402e-08
8.396064123350353725e+01 7.666043136732545799e-07
8.409559906550434505e+01 1.760064284555520392e-07
8.419681743950495445e+01 4.421401429729968310e-08
8.440768905200621930e+01 2.834668782629920708e-07
8.452577715500692079e+01 1.247458775354673902e-07
8.461012580000742389e+01 1.671010591263726943e-07
8.471134417400803329e+01 2.664745423626955261e-07
8.482099741250868874e+01 1.665772649538023516e-07
8.488847632850909974e+01 9.948550585856577660e-08
8.502343416050990754e+01 9.840814605958440400e-08
8.512465253451051694e+01 1.806641891170322193e-07
8.520056631501097399e+01 2.909588256694104348e-07
8.531021955351162944e+01 9.485719842588081115e-08
8.539456819851213254e+01 3.244014077464467143e-07
8.556326548851315295e+01 1.499138043481209116e-07
8.566448386251374814e+01 5.544614171456759637e-07
8.575726737201431149e+01 4.830863511118862941e-07
8.586692061051496694e+01 5.291029626673951437e-07
8.601874817151588104e+01 2.773173539996277105e-07
8.611153168101643018e+01 1.462776675024207337e-07
8.627179410651739033e+01 2.692677401239362554e-07
8.638144734501805999e+01 1.060240382605809669e-07
8.649110058351871544e+01 3.159317044324089278e-07
8.661762355101947719e+01 2.387122769193426104e-07
8.670197219601998029e+01 4.129539822141149413e-07
8.682006029902068178e+01 1.462282933578287856e-07
8.693814840202139749e+01 1.566329818802626397e-07
8.705623650502209898e+01 1.311367137137451491e-07
8.721649893052305913e+01 3.270974063525737828e-07
8.733458703352377483e+01 1.630932699609115637e-07
8.747797973002462868e+01 7.980918124394131150e-08
8.756232837502513178e+01 2.726649275884090127e-08
8.774789539402624428e+01 3.514960387371450521e-07
8.787441836152700603e+01 1.237981603995287976e-07
8.796720187102756938e+01 9.475293716264322785e-08
8.808528997402827088e+01 5.131383828694775285e-07
8.818650834802888028e+01 1.947431506783302161e-07
8.832146618002968808e+01 6.248935223154289784e-07
8.842268455403029748e+01 1.428943469751307921e-07
8.853233779253095292e+01 6.166886053449418003e-07
8.865042589553166863e+01 1.993745097414545943e-07
8.876851399853237012e+01 1.366360973781407743e-07
8.899625534003374128e+01 1.670852142675647369e-07
8.921556181703505217e+01 5.263232797699928658e-07
8.933364992003575367e+01 4.102803958820872026e-08
8.944330315853642333e+01 1.152761693031812924e-06
8.955295639703707877e+01 1.372672598877218366e-07
8.967947936453782631e+01 6.491220207297264019e-07
8.981443719653864832e+01 4.165983183687118518e-07
8.996626475753954821e+01 2.893540976855319472e-07
