Frequency Power
1.198993707864270813e-01 4.040300013801068231e-05
2.294477167567597342e-01 8.203654411811766710e-05
4.011022116236589441e-01 3.874532418846734832e-04
6.641907590327256194e-01 1.421611098448629859e-02
8.263568144848715269e-01 3.048235565098297200e-05
9.660956495021463253e-01 2.406896218039541666e-03
1.137750144369045424e+00 1.578727397460861801e-05
1.222283513700483271e+00 8.574690632153304643e-06
1.345633226092275203e+00 1.270942758364251336e-03
1.554378893216846080e+00 2.119876956806372308e-05
1.674278264003273176e+00 3.254723555964321186e-04
1.790727293184335434e+00 1.276610793022187797e-05
1.977908325275376189e+00 1.750425205790080404e-03
2.209943798236159829e+00 1.054374353006990106e-05
2.369522097484281886e+00 3.640846344667828557e-04
2.547214690160569450e+00 3.075360390709315804e-05
2.654175279926878517e+00 6.868648211121394656e-05
2.758548113489164066e+00 1.171419146992355632e-05
2.856882849242061262e+00 1.282773569702652930e-05
2.981957732436535391e+00 8.837778580585739334e-05
3.084605395196138744e+00 2.655799025789463218e-05
3.175176862336964945e+00 7.320065056287105093e-06
3.350281698809228548e+00 4.495070155994772401e-05
3.524523949880151719e+00 5.623722688595370324e-06
3.624583856435731111e+00 3.167561269137209479e-05
3.776398887071782617e+00 4.083049820004461752e-06
3.866970354212608818e+00 3.284363668291265171e-06
3.986869724999035913e+00 5.644298586455507785e-05
4.197340562926289209e+00 3.093268479628167468e-06
4.359506618378435228e+00 3.022515112583125309e-05
4.469054964348767811e+00 2.227132029163872354e-06
4.542374723462770270e+00 2.742801398708333855e-06
4.644159800821031858e+00 2.081813169273824001e-05
4.746807463580634767e+00 1.727487043012898710e-06
4.873607517577791981e+00 1.198188143841444963e-06
4.984881034350806317e+00 4.604631371383749282e-05
5.091841624117115828e+00 4.366269892807402466e-06
5.173787237244529713e+00 2.294410030916665586e-06
5.266946460589379875e+00 7.291240037433702927e-06
5.359243098532888716e+00 2.057324522588068288e-05
5.615430962731225328e+00 6.330190882447597339e-06
5.761207895557888037e+00 2.456253698585071129e-06
5.903534486779187240e+00 2.133681862969736638e-07
6.011357661946837183e+00 1.001730987796975949e-05
6.189912840024465623e+00 2.213500202268125480e-06
6.289972746580045460e+00 9.067495012173389461e-07
6.346040797667223288e+00 1.405610682058288715e-06
6.440062606413414770e+00 1.654001880291445195e-06
6.519420463336804694e+00 1.411817077636459270e-06
6.623793296899090244e+00 2.293373740638059209e-05
6.727303545060034473e+00 9.704987280432896369e-07
6.799760718772695611e+00 1.232686048398099205e-06
6.882568917301450817e+00 3.053915009632208682e-06
6.986941750863736367e+00 3.356674900877216361e-05
7.099077853038092911e+00 2.345996048116243547e-06
7.181023466165506797e+00 9.868279218425356046e-07
7.256068396082191896e+00 1.081256910901381013e-06
7.369929669059230193e+00 1.670022047995134936e-05
7.482928356634928058e+00 1.616705012171522783e-06
7.579537921585142612e+00 2.826262965705201263e-06
7.658895778508533425e+00 2.608019702504804486e-06
7.758955685064112373e+00 1.720870735781182220e-06
7.842626468994208899e+00 1.135260866359584843e-06
7.997029255834283923e+00 5.253544595203900164e-06
8.096226576988522439e+00 4.034021586289975797e-06
8.192836141938737882e+00 9.782474063767175081e-07
8.282545023678222762e+00 3.351635377335621267e-06
8.346376343377471585e+00 2.071994540461373676e-06
8.448161420735733174e+00 2.165413652309824772e-06
8.627579184214702934e+00 1.467334156811255436e-05
8.802684020686966093e+00 2.040549094975229465e-06
8.889805146222428789e+00 1.461866906358921265e-06
8.998490906791419164e+00 1.303527522127145389e-05
9.120978033781870664e+00 1.200661859117586622e-06
9.233976721357567641e+00 6.318091766294941007e-07
9.353876092143995180e+00 5.134277573258525445e-06
9.467737365121033477e+00 1.695793713446311284e-06
9.544507465840400329e+00 3.369360242433126771e-07
9.641117030790615772e+00 1.198813975995721792e-06
9.746352449754242642e+00 9.128003746658723475e-07
9.842099429303114988e+00 1.108493371230294965e-06
9.978387922715025837e+00 1.010713774123947038e-05
1.009138661029072281e+01 6.528917435205865965e-07
1.016729412560874835e+01 3.989606850403122736e-07
1.025959076355225719e+01 1.246162590573713687e-06
1.036396359711454274e+01 4.468016534902612161e-06
1.048645072410499246e+01 8.189953729401356940e-07
1.059341131387130197e+01 4.185235825018946443e-06
1.070468483064431808e+01 4.105958360468161663e-07
1.079094337077843768e+01 4.078314830158066400e-07
1.086340054449109793e+01 9.581114177376873196e-08
1.100400196490971538e+01 2.192359154484299797e-06
1.109457343205054158e+01 1.149874502187566802e-06
1.119463333860612053e+01 2.218000738297901235e-07
1.128261704954292277e+01 7.946638744221786057e-07
1.137060076047972501e+01 3.078371888030158207e-07
1.151551510790504729e+01 2.483535812362924731e-06
1.164058999109952097e+01 4.625436914572209376e-06
1.173892472685241906e+01 1.703957007349821181e-07
1.187521322026432813e+01 1.718854435918803065e-06
1.199166224944539039e+01 6.866155536902116421e-06
1.210897386402779397e+01 9.003470313294257397e-07
1.222628547861019754e+01 9.413429301245699309e-07
1.234359709319260112e+01 3.111538054874262049e-06
1.258167066396277356e+01 1.679895942414636284e-06
1.269294418073578790e+01 2.819100474743422352e-07
1.279041633108734466e+01 3.168393455646897905e-07
1.288961365224158229e+01 4.499138055291003170e-07
1.298449804638911509e+01 2.184733454045091414e-06
1.309577156316212942e+01 1.047681722923160796e-06
1.318806820110563827e+01 2.730901520519902348e-07
1.335282201276180736e+01 3.615037780872093208e-06
1.344511865070531620e+01 1.446052459463684504e-07
1.353914045945150768e+01 1.079558452930132871e-06
1.362108607257892068e+01 1.522070157457617872e-06
1.372373373533852536e+01 2.444303853984022571e-07
1.380050383605789222e+01 6.982357121480611413e-07
1.388331203458664653e+01 4.320573485659068221e-07
1.399631072216234529e+01 1.619024366682155188e-06
1.419729312067484450e+01 1.243765076795311003e-06
1.432064283306663555e+01 1.632761308553754245e-06
1.456734225785021941e+01 1.095339085466559223e-06
1.464497494397092758e+01 2.071110122765310826e-06
1.487269748992500595e+01 7.234953063463957708e-07
1.498569617750070293e+01 4.102685895452310397e-06
1.509696969427371904e+01 1.138362870096091195e-06
1.518409081980917996e+01 9.371380064883028530e-08
1.535660790007742094e+01 5.171884143497576118e-06
1.547219434385714187e+01 9.288286184362699866e-07
1.558088010442613225e+01 1.550052319081951425e-06
1.567576449857366505e+01 6.802875403039061659e-08
1.577064889272119785e+01 5.977341586242594058e-07
1.586294553066470492e+01 1.583982058829661123e-07
1.600268436568197927e+01 1.497267490296981464e-06
1.610619461384292350e+01 2.540181592592896359e-07
1.619504091018106706e+01 2.178214931054948948e-06
1.627871169411116625e+01 7.193874070910405857e-07
1.637877160066674520e+01 1.662432212019555788e-06
1.647796892182098105e+01 7.150745084933266042e-07
1.654352541232291429e+01 1.305296854792603713e-06
1.664531048968117588e+01 1.884859569535104094e-06
1.672811868820993197e+01 4.251505617777449528e-07
1.681006430133734497e+01 2.795853631138638780e-07
1.689546025607012325e+01 1.126092019786192753e-06
1.699897050423106748e+01 4.923410071588273652e-06
1.710593109399737699e+01 1.012877015875328109e-06
1.718356378011808516e+01 2.850840481648597454e-07
1.735004276257693689e+01 2.071769412646729362e-06
1.745872852314592905e+01 8.748359066000864100e-07
1.756137618590553373e+01 5.061196779939823917e-07
1.765453540925038212e+01 3.124585551849721758e-07
1.777012185303010483e+01 6.814228777462371155e-07
1.799956956978686407e+01 3.168029428756186138e-06
1.811084308655987840e+01 1.235746915820582084e-07
1.819710162669399978e+01 5.906565807731710966e-07
1.828508533763080024e+01 6.154690070281008368e-07
1.837824456097565218e+01 1.727458974281732074e-06
1.847226636972184011e+01 2.596963289989616440e-07
1.854127320182913863e+01 1.967705923006181716e-07
1.863788276677935229e+01 5.783874664597207786e-07
1.873535491713090906e+01 6.830132669701160609e-07
1.882937672587710054e+01 4.154833773603479658e-07
1.892512370542597466e+01 6.529692226608460925e-07
1.902173327037618833e+01 1.237361694094507662e-06
1.921667757107929830e+01 3.963465184903331794e-07
1.932622591704963355e+01 2.101011758732894426e-07
1.942542323820386940e+01 1.456240765929845179e-07
1.950305592432457757e+01 1.414326122741806892e-07
1.962295529511100511e+01 8.632840540140658559e-07
1.979374720457656167e+01 4.006590905080658434e-07
1.988690642792141361e+01 3.451853536610844002e-07
1.999731735929308840e+01 4.249036680274405181e-06
2.012843034029695133e+01 8.579088069659140682e-07
2.034148893442822725e+01 9.842030610333373357e-07
2.045103728039855895e+01 3.882914961230203838e-07
2.061147816504802321e+01 1.100858116552723112e-06
2.070118704678750632e+01 9.452221977624556670e-07
2.080987280735649847e+01 9.362657146474098031e-07
2.095133681317645724e+01 1.670138546488943169e-06
2.111954096643799161e+01 3.759546621292537324e-07
2.121873828759222746e+01 7.811591745255097850e-07
2.140850707588729307e+01 1.362222187913016573e-06
2.154652074010188656e+01 1.476340585791977395e-06
2.166642011088831410e+01 1.703943742892960945e-06
2.181392221451766034e+01 3.872059707921161652e-08
2.189155490063836851e+01 8.650895506837038803e-08
2.200110324660870020e+01 1.610899965344968234e-06
2.218483393709437479e+01 1.154939202030895376e-06
2.235648843196127444e+01 6.562135051329814529e-07
2.247725038814904153e+01 1.951992238337779286e-07
2.260577561294888227e+01 1.738935308977359930e-06
2.276535391219700344e+01 1.617464321566645967e-07
2.286282606254856020e+01 1.860348545375702544e-06
2.298013767713096200e+01 5.609374973137620602e-06
2.309399895010800208e+01 6.624398458853102750e-08
2.315783026980725268e+01 1.211891224615898171e-07
2.334242354569427036e+01 1.717169757653163976e-06
2.345800998947398952e+01 1.863126762440329166e-07
2.354340594420676780e+01 5.047218468891714156e-07
2.364001550915698502e+01 9.458577401869257271e-08
2.373662507410719869e+01 4.748838061000293139e-07
2.386687546970971852e+01 1.001083274177493775e-06
2.405491908720210148e+01 3.235368573354776472e-07
2.416964294558048110e+01 9.940781203173959256e-07
2.434043485504603765e+01 6.827120139126942001e-07
2.444480768860832498e+01 1.599040666787218641e-06
2.462336286668595520e+01 2.096664722996294458e-06
2.472773570024823897e+01 2.032074021011765803e-07
2.487610038927892475e+01 6.263421189479588709e-07
2.498737390605194264e+01 3.462000770484198011e-06
2.509002156881154377e+01 3.366383867234866246e-07
2.523924884324357265e+01 6.529620628456100979e-07
2.535224753081926963e+01 1.385652103964006638e-06
2.551355100087007344e+01 5.305911772682496399e-07
2.562568710304443087e+01 4.856651055317699431e-07
2.571194564317855225e+01 2.153204871617650402e-08
2.590516477307897958e+01 1.042222366388438276e-06
2.597848453219298293e+01 9.509351693637105104e-07
2.611563561100623332e+01 5.580007114172930368e-07
2.622863429858193030e+01 5.647183050531750172e-07
2.634853366936835783e+01 2.599516477370895933e-07
2.645376908833198470e+01 5.523281652056604307e-07
2.657021811751304696e+01 2.036550315967976957e-07
2.670909436712898000e+01 4.495602885908450358e-08
2.681519237149394641e+01 3.930685222442832934e-07
2.699461013497291972e+01 2.087648022450439476e-06
2.717747824005725121e+01 9.480622460026007635e-08
2.726201160938868995e+01 1.019242727949927921e-07
2.735603341813488143e+01 1.606575104663297053e-07
2.744919264147972982e+01 1.247289261434647506e-07
2.762257230714931211e+01 1.152891285056322660e-06
2.785978329251814500e+01 1.542991696233656407e-07
2.797278198009384198e+01 2.421461470739370207e-06
2.814874940196744646e+01 1.032621629884892644e-06
2.831436579902495865e+01 7.260197687819804374e-07
2.846618082966100971e+01 2.479644348805114965e-07
2.864301083693595373e+01 6.477234320173568049e-07
2.878620001355859515e+01 7.564798058207046112e-07
2.904152529235559044e+01 1.296348310522017454e-07
2.919334032299164150e+01 9.650574337485926239e-07
2.933394174341025717e+01 1.950008828828132426e-07
2.943831457697254450e+01 3.543620737401496254e-07
2.963584663387968021e+01 1.939413923480823140e-06
2.982216508056937698e+01 3.225211050203349221e-07
2.992395015792763857e+01 3.848095568046074295e-08
3.002055972287785579e+01 8.388158400729963337e-07
3.014908494767769298e+01 9.637208900080963137e-07
3.025863329364802823e+01 6.566851376777427200e-08
3.035265510239421616e+01 3.713724416325307837e-07
3.050619530383295341e+01 6.630801897753296790e-07
3.061056813739523719e+01 7.307498353013695440e-07
3.072184165416825152e+01 8.086126140400566037e-07
3.096422815194512879e+01 2.451801854231484496e-06
3.106515064390205083e+01 1.185454989116527814e-06
3.116693572126031242e+01 9.739510987085051246e-07
3.123766772417029003e+01 5.736145884167251282e-08
3.134117797233123426e+01 2.697883924507404667e-06
3.144210046428815630e+01 4.301534979891537502e-07
3.153353451683032205e+01 8.928624864227119322e-07
3.162669374017517399e+01 3.441948626969133195e-07
3.171467745111197445e+01 2.607933590491044091e-07
3.179317272263402572e+01 3.641584581449231199e-07
3.187425575036009917e+01 3.117820304049938303e-08
3.196827755910629065e+01 6.565085800080694490e-07
3.206057419704979594e+01 5.239756971201479366e-07
3.214942049338794305e+01 4.370445991780410926e-07
3.232797567146557327e+01 8.082369262328906064e-07
3.243234850502785349e+01 7.499061770049470681e-07
3.260831592690146152e+01 1.664499914222184380e-06
3.270406290645033209e+01 4.203639942308415941e-07
3.280671056920994033e+01 2.317972144736139756e-07
3.288779359693601378e+01 8.668979658630238078e-08
3.298440316188622745e+01 1.116182399808942935e-06
3.315692024215446310e+01 5.688233507175918702e-07
3.325352980710467676e+01 1.639765299343084414e-07
3.334582644504818916e+01 6.144812263005220827e-07
3.345106186401181247e+01 8.280791409754873909e-07
3.360201430924652755e+01 1.367300163041170808e-07
3.368999802018333156e+01 3.131032650702934806e-08
3.378229465812683685e+01 4.344692532249716750e-07
3.389443076030119073e+01 7.774680395153645639e-07
3.399190291065274749e+01 9.808120236547436426e-07
3.417045808873037771e+01 3.487699509426409933e-07
3.424636560404840679e+01 2.879437667304347582e-07
3.436367721863080504e+01 5.648543394283647271e-07
3.455344600692587420e+01 8.783572490070979888e-07
3.460778888721036850e+01 7.432751533197037079e-07
3.474407738062227935e+01 1.224156511356006857e-06
3.494678494993745943e+01 1.659135880068512316e-06
3.506150880831584260e+01 6.406157544668166174e-07
3.515898095866739226e+01 6.468027204278492738e-07
3.525559052361761303e+01 4.523717277442536897e-07
3.534271164915307395e+01 1.829025912893446337e-07
3.545829809293279311e+01 1.703020976168174056e-06
3.560062468415409143e+01 5.431629417228115180e-07
3.566876893086004685e+01 2.589592611695323243e-07
3.579039347244915348e+01 1.448692510963588847e-06
3.597412416293482806e+01 1.276686154891653959e-06
3.610696231474137363e+01 6.283983053978783558e-07
3.622513651472512208e+01 6.545188672547135870e-07
3.634072295850484124e+01 5.867939642912687515e-07
3.651669038037844928e+01 7.926972161420736935e-07
3.661502511613134203e+01 2.710121252491067999e-07
3.670732175407485443e+01 5.666147269521466197e-07
3.680306873362372500e+01 8.246045409207412945e-07
3.689364020076455120e+01 2.775808522052287725e-07
3.697041030148391627e+01 3.972240682070336913e-07
3.707650830584888979e+01 8.134497855030476619e-07
3.724039953210371579e+01 4.607407217286045625e-07
3.742154246638536819e+01 1.864177434467178868e-06
3.760441057146970678e+01 1.302017272039395885e-06
3.771827184444673975e+01 1.684371232485494414e-07
3.787008687508279081e+01 1.481831875038385575e-07
3.802362707652152807e+01 7.597981728089636343e-07
3.821943396262597759e+01 4.661744788565327818e-07
3.842817962975055224e+01 3.449622050069926719e-07
3.851443816988467006e+01 2.523443439949931652e-07
3.862743685746036704e+01 1.631218411444034230e-07
3.872059608080521542e+01 1.573001065646493413e-07
3.881720564575543619e+01 1.401627814717712876e-07
3.895090638296331775e+01 1.526018661978325293e-06
3.907943160776316205e+01 1.002824580552435914e-06
3.918811736833215065e+01 6.170952941170231791e-09
3.936580996100843777e+01 9.923109314148718261e-07
3.948484674639352221e+01 1.588219838568286009e-07
3.959008216535715263e+01 3.705819621286143798e-07
3.969186724271541067e+01 2.178684543785620081e-07
3.979537749087635490e+01 2.615357470142221883e-07
3.995926871713118800e+01 4.945941814523367264e-07
4.007658033171358625e+01 4.612393105034561126e-07
4.023184570395500259e+01 2.048943178632844060e-07
4.034484439153069957e+01 3.991483175827948853e-07
4.042679000465811612e+01 5.183390055959250654e-07
4.063036015937463930e+01 5.795657950027542738e-07
4.079511397103080839e+01 3.550710143700027201e-07
4.095814261188429839e+01 3.506979434919654044e-07
4.108839300748682177e+01 3.918739923842379707e-07
4.118845291404240072e+01 1.225495604581951548e-07
4.127902438118322692e+01 3.329600881583801130e-07
4.139374823956160299e+01 1.105683329816453408e-06
4.151968570815741799e+01 1.504573218686601683e-07
4.162319595631836222e+01 8.135966095751012390e-08
4.171980552126857589e+01 7.887673738702398381e-07
4.182417835483086321e+01 1.512828368223326520e-07
4.189491035774084082e+01 1.089644629820459332e-09
4.198893216648703230e+01 7.082703363041193744e-07
4.209761792705602801e+01 2.700258285864969915e-07
4.226150915331085400e+01 9.844058632921378914e-07
4.236243164526777605e+01 3.026910329025338322e-07
4.250044530948236599e+01 1.869145228260355726e-07
4.260826848465001859e+01 6.404328368528928689e-07
4.271436648901498501e+01 7.010034086524733090e-07
4.290413527731004706e+01 7.729188547690260176e-07
4.307061425976890234e+01 9.505536057268752880e-07
4.330610007433504904e+01 1.349457554463654595e-07
4.349673144803145419e+01 7.240426331192850419e-07
4.365803491808225800e+01 2.742340547551342431e-07
4.389955883045779927e+01 1.119046497017403142e-06
4.400306907861874350e+01 6.571662858032162750e-07
4.418852493990709718e+01 3.749875751461657418e-07
4.436708011798472739e+01 8.722235616300088237e-07
4.449215500117919930e+01 6.166843741163753639e-07
4.472505305954132382e+01 1.636639378013052238e-07
4.485444086974250411e+01 3.754239258314134015e-07
4.496398921571283580e+01 6.557439855651203950e-07
4.508302600109792735e+01 6.403642664070299448e-07
4.518049815144948411e+01 2.374364693616370011e-08
4.527193220399164630e+01 1.335474290344176940e-07
4.537803020835661272e+01 1.375048916582107888e-07
4.548844113972828751e+01 7.414285100006876160e-08
4.565750787839116498e+01 3.778613106914162237e-07
4.588350525354255893e+01 2.613405517853980885e-07
4.603704545498129619e+01 2.237666510299825038e-07
4.616384550897845429e+01 4.865356241468819410e-07
4.624234078050049845e+01 3.442606397132895440e-07
4.635361429727351634e+01 1.017724397300667043e-08
4.645281161842775219e+01 2.038326256264483483e-07
4.662964162570270332e+01 9.931692027361509967e-07
4.676765528991729326e+01 7.474072753566548248e-07
4.695569890740967622e+01 1.604492792048510377e-06
4.708249896140683433e+01 6.395082073008705444e-07
4.721792486941740208e+01 4.285124364535244282e-07
4.734731267961858237e+01 3.300494262790738011e-07
4.754139439492035279e+01 6.178350753434682675e-07
4.777084211167711203e+01 3.888406572112276045e-07
4.789332923866756175e+01 6.659513844133508031e-07
4.805204495251434338e+01 6.221006731187093893e-07
4.815728037147796670e+01 6.957038529279689170e-07
4.824612666781611381e+01 8.844706868510089515e-07
4.834532398897034966e+01 6.336630302883994759e-07
4.843589545611117586e+01 9.287871263246473976e-08
4.850662745902115347e+01 1.875433090220010288e-07
4.860754995097807551e+01 1.450324721107386948e-06
4.870760985753365446e+01 2.580555962969418340e-07
4.883009698452410419e+01 8.876469109032059474e-07
4.896379772173199285e+01 1.548490861010512808e-06
4.904488074945806630e+01 5.163140424867901991e-07
4.914580324141498835e+01 5.616983945548641966e-08
4.922688626914106180e+01 4.388390233264976180e-07
4.931745773628188800e+01 2.139247256723044629e-07
4.941147954502807949e+01 2.966706172825547167e-07
4.951240203698499442e+01 4.710894011223360316e-07
4.962885106616605668e+01 5.772008999514086209e-07
4.980223073183564253e+01 8.576023276442500043e-07
4.989625254058183401e+01 1.018610770349961086e-07
4.999372469093339078e+01 6.130483081426216114e-07
5.010154786610103628e+01 4.517140814288988851e-07
5.026026357994781790e+01 1.473407177489228859e-08
5.036894934051681361e+01 1.089534288925759557e-06
5.048539836969787586e+01 7.380355961002715177e-08
5.060702291128698249e+01 7.944732826602764102e-07
5.073986106309352806e+01 9.677147137153796731e-08
5.084164614045179320e+01 6.226215390033568944e-08
5.095119448642212490e+01 3.627577312146977870e-07
5.106591834480050096e+01 3.195319490030519978e-07
5.115390205573730498e+01 6.370776434518203021e-07
5.125913747470092829e+01 1.966625641435619719e-07
5.135747221045382815e+01 3.577359759952589319e-07
5.147219606883221132e+01 2.359836513934630385e-07
5.157829407319717774e+01 3.723307570313049010e-07
5.168266690675946506e+01 1.824248232133560723e-07
5.177410095930162726e+01 3.265817055940839690e-07
5.186726018264647564e+01 6.051518461835191794e-07
5.197249560161010606e+01 1.126305419900222365e-06
5.213811199866761825e+01 3.154177371922616010e-07
5.222609570960442227e+01 2.284912050927975484e-07
5.233736922637743305e+01 1.392280090305862306e-06
5.245123049935447312e+01 1.502548049728961883e-07
5.255387816211407426e+01 8.528055468086861917e-07
5.266083875188038377e+01 8.988975945511309237e-07
5.275831090223194053e+01 4.130583994115246412e-07
5.284974495477410983e+01 6.665197040113916406e-07
5.295498037373773315e+01 1.178307533048327007e-07
5.309126886714964400e+01 5.021864637672661140e-07
5.318184033429047020e+01 6.442390737428863051e-07
5.329570160726751027e+01 1.777285675663738971e-06
5.347080644373977520e+01 5.865277089963712573e-07
5.361313303496107352e+01 2.655978223223748997e-07
5.372871947874079268e+01 7.902027841639306364e-08
5.387535899696879937e+01 4.939943693516053465e-07
5.398318217213644488e+01 5.134592462543187947e-07
5.413585978817383904e+01 3.756816489810451886e-07
5.424627071954551383e+01 3.599239875886052795e-07
5.435495648011450243e+01 1.712274959572100408e-07
5.444380277645264954e+01 1.306681644550790671e-07
5.452919873118543137e+01 6.866841166605672272e-07
5.464392258956380743e+01 9.504827051312416046e-07
5.486733220851117920e+01 8.938082824371534884e-07
5.499585743331101639e+01 3.792794782705636625e-07
5.513645885372963562e+01 2.154665195796311394e-07
5.524341944349594513e+01 6.277529560487323157e-07
5.533571608143945042e+01 1.887811070137909542e-06
5.550305764929964880e+01 2.595321453912387421e-07
5.559707945804584028e+01 3.490973599360439582e-07
5.568592575438398029e+01 2.933754914053658274e-07
5.578426049013688015e+01 6.204720998313526079e-07
5.588690815289648128e+01 3.440521152103423249e-07
5.597402927843194220e+01 3.866615528011795477e-08
5.610082933242910030e+01 6.030629124227573502e-07
5.625523211926917355e+01 2.186138507387936640e-07
5.642947437034009539e+01 1.030134140142370207e-06
5.653125944769836053e+01 4.605431180888070117e-07
5.663304452505661857e+01 7.531594085913243667e-07
5.672275340679610878e+01 3.153071452882457377e-07
5.680987453233156970e+01 5.356214521787553988e-07
5.698239161259980534e+01 1.259364710256073579e-06
5.709711547097818851e+01 6.942793665883323267e-07
5.724979308701558267e+01 1.040049318769287989e-06
5.733346387094567831e+01 1.032655341544573123e-06
5.742834826509320578e+01 3.462425933288107569e-08
5.751978231763537508e+01 2.690752107577028010e-07
5.769143681250227473e+01 4.937210307790546165e-07
5.788379335700136608e+01 9.147470454409749705e-07
5.799506687377437686e+01 6.421944854631137540e-07
5.811237848835678221e+01 7.166136876811017770e-07
5.826764386059819856e+01 2.071717554992065786e-07
5.844188611166912040e+01 5.478888904139099700e-07
5.860663992332528949e+01 4.656510049454344387e-07
5.871273792769025590e+01 5.738803339778791472e-07
5.881538559044986414e+01 2.220647191492615354e-07
5.897582647509932485e+01 9.788685276399335307e-07
5.903275711158784134e+01 7.980950141645842706e-07
5.922942658309364106e+01 9.915055532006611302e-07
5.932603614804385472e+01 3.714408717801115004e-07
5.941919537138870311e+01 1.150783005775146830e-07
5.950804166772685022e+01 2.309043375589375791e-07
5.966416962536960256e+01 3.787104027878962404e-07
5.975991660491848023e+01 8.409704459394150377e-08
5.985652616986869390e+01 2.090099684922107727e-07
6.000402827349803658e+01 5.976024399420695783e-07
6.010926369246166701e+01 6.600314015790284552e-07
6.021018618441858195e+01 2.938221101039958441e-07
6.030507057856611652e+01 1.070154611482455363e-07
6.046033595080753287e+01 6.379346023904501206e-07
6.059144893181139935e+01 1.514937365613737212e-07
6.070703537559111851e+01 1.043221158916661291e-06
6.080968303835071964e+01 2.312651502650702405e-07
6.089421640768215838e+01 1.086707829196736962e-07
6.098910080182969295e+01 1.067717292594488808e-06
6.109778656239868155e+01 7.747666175955937634e-07
6.127030364266692430e+01 2.724911107503576127e-07
6.144627106454052523e+01 1.703354840023562389e-07
6.169469566012679707e+01 5.294956343429423731e-07
6.183529708054540919e+01 1.983088802050318098e-07
6.194829576812110616e+01 1.315784585836969193e-06
6.213978972721885441e+01 9.483338537693325732e-07
6.228987958705222638e+01 3.414074915739472905e-07
6.239338983521317061e+01 4.421317063432605754e-07
6.249603749797277175e+01 4.710795274064240751e-07
6.260041033153505907e+01 1.132667499042597628e-06
6.276343897238854197e+01 8.572500142678088168e-07
6.296269620009836387e+01 1.445238014660333742e-06
6.319731942926316748e+01 8.410542240975720019e-07
6.335517255770860601e+01 1.439122281157144253e-06
6.361308559270963059e+01 6.074715913658816788e-07
6.374247340291081088e+01 4.338968153893964262e-07
6.389342584814551884e+01 2.479625158185834623e-07
6.402712658535340040e+01 8.953367648574959049e-07
6.414616337073849195e+01 2.821074629212128978e-07
6.430229132838124428e+01 7.301798750847858416e-07
6.447998392105753851e+01 3.637164103022175746e-07
6.458866968162652711e+01 1.065283112822571622e-06
6.469649285679417972e+01 2.818389128449314702e-07
6.484485754582486550e+01 3.584605463181285983e-07
6.498028345383542614e+01 4.013141971415051284e-07
6.507430526258161763e+01 4.618519455403803762e-07
6.517091482753183129e+01 7.195459027664479450e-07
6.527183731948875334e+01 4.797655857708969006e-07
6.537621015305104777e+01 8.396291065184897198e-07
6.548317074281735017e+01 2.554158576770012472e-07
6.574022119241703876e+01 6.968058568952161053e-07
6.584804436758467716e+01 5.109264136520867738e-07
6.594810427414026321e+01 1.123019869564267152e-06
6.605506486390656562e+01 2.051611404590948044e-06
6.615857511206750985e+01 7.791245863162996956e-07
6.627243638504455703e+01 6.063931388656000352e-07
6.640613712225244569e+01 6.585998465725912070e-07
6.650102151639997317e+01 3.227426757286086679e-08
6.660711952076493958e+01 1.046364783811029488e-06
6.675807196599964755e+01 9.136227762277259289e-07
6.687279582437803072e+01 1.981269274925967861e-07
6.697716865794031094e+01 2.350224674820988324e-07
6.712639593237234692e+01 1.114412631683613504e-07
6.737137018635324637e+01 3.053808853404209332e-07
6.748695663013296553e+01 5.281281205210987467e-08
6.761030634252475124e+01 5.339409619228736377e-08
6.769829005346156237e+01 1.710546107439504407e-08
6.780266288702384259e+01 3.440432457637550711e-07
6.791652416000088976e+01 4.496549688096039130e-07
6.801744665195781181e+01 3.808602275397735588e-07
6.813217051033618077e+01 2.965655597137765579e-07
6.824775695411589993e+01 4.361233295013190135e-07
6.836161822709294711e+01 4.350177356190177424e-07
6.845995296284584697e+01 1.941677058827366406e-07
6.859279111465238543e+01 6.060432365189656833e-07
6.871269048543881297e+01 7.190294381036752180e-07
6.880843746498769065e+01 3.505443453110910342e-08
6.891367288395132107e+01 2.881516324430646046e-07
6.907497635400211777e+01 3.596502457143414341e-07
6.924404309266499524e+01 2.559375480701356516e-07
6.945192617438821969e+01 8.082215088329302040e-07
6.956665003276660286e+01 6.235382978675285506e-07
6.967792354953961365e+01 1.037879697228358798e-06
6.980989911594481612e+01 2.134797587130942731e-07
6.997206517139696302e+01 6.521954919602059248e-08
7.008247610276863782e+01 1.532610888585873898e-07
7.018081083852153768e+01 5.722010838553873255e-08
7.025585576843822366e+01 9.317565785548431099e-08
7.035850343119783190e+01 5.771732099736301407e-07
7.046115109395742593e+01 6.476089496286638426e-07
7.057846270853983128e+01 2.164684893725736075e-06
7.067938520049675333e+01 3.486808381391447941e-07
7.079842198588184488e+01 6.163903628270353650e-07
7.095023701651788883e+01 9.759923104523822001e-07
7.124869156538194659e+01 8.696675003710142632e-07
7.136082766755630757e+01 4.406215850051818464e-07
7.146606308651993800e+01 3.812238605126662095e-07
7.158078694489830696e+01 1.141097843916613188e-06
7.177831900180544267e+01 4.693157850832542657e-07
7.198275174192330894e+01 4.240137905881385248e-07
7.208108647767620880e+01 2.048864184084348204e-07
7.218632189663983922e+01 1.709318040564059244e-06
7.233727434187454719e+01 1.082777258363952195e-08
7.244682268784487178e+01 5.758806776259659902e-07
7.261933976811312164e+01 8.419625849965383453e-07
7.272716294328077424e+01 3.596068384921561524e-07
7.282722284983634609e+01 5.534169503129120121e-07
7.296609909945227912e+01 4.374048769930876242e-07
7.316276857095807884e+01 4.015369422717598329e-07
7.335253735925313379e+01 5.376809296261174533e-07
7.359664902783269724e+01 3.389646283538695257e-07
7.372431166723119134e+01 7.964070242077474035e-07
7.382005864678006901e+01 3.320170743833139125e-07
7.393737026136247437e+01 1.339452146948865891e-06
7.408055943798511578e+01 3.374103444532475209e-07
7.421253500439031825e+01 5.167819396289217436e-07
7.431432008174857629e+01 1.995123567585968191e-08
7.442041808611354270e+01 4.763680563871263094e-07
7.456619501894020630e+01 1.864397809106619993e-07
7.472577331818833102e+01 1.254671560375750743e-07
7.482669581014525306e+01 1.768799244843510105e-07
7.494055708312228603e+01 9.655385674264369824e-07
7.505010542909262483e+01 5.741785901164351516e-07
7.515534084805625525e+01 7.065223640589629449e-08
7.523901163198634379e+01 2.797750917425916290e-07
7.534338446554863822e+01 2.088615076599835543e-07
7.557628252391076273e+01 3.081613862168158438e-07
7.575742545819241514e+01 3.588034610618410995e-07
7.593425546546735916e+01 6.270233609706479014e-07
7.604380381143768375e+01 1.380575682158593206e-06
7.616370318222411129e+01 8.970662186956362013e-07
7.629395357782664178e+01 1.428395493711786047e-07
7.641040260700769693e+01 2.587874238229923248e-07
7.662259861573762976e+01 1.263717376025486374e-06
7.673904764491869912e+01 2.238792653643457406e-07
7.680546672082196835e+01 6.162358299575274440e-08
7.690466404197620420e+01 1.841307563148767006e-07
7.698229672809691237e+01 3.664995969000049814e-07
7.708925731786322899e+01 3.728208540894117393e-07
7.718069137040539829e+01 2.557504537968150630e-07
7.727298800834890358e+01 3.181820359304595825e-07
7.748949694408554478e+01 2.929801052267348686e-07
7.760939631487197232e+01 2.257837794899856349e-06
7.776811202871874684e+01 3.993853657961498250e-07
7.794666720679637706e+01 6.921647218678730793e-07
7.805966589437207404e+01 4.521041419127390581e-07
7.816921424034241284e+01 1.127505905723987791e-06
7.831067824616236805e+01 2.329143047680919991e-07
7.843661571475819017e+01 4.844603212559159021e-07
7.858066747678216757e+01 1.264002690092712739e-06
7.872299406800345878e+01 5.638681229002032134e-07
7.882995465776977539e+01 5.254865820970173321e-08
7.900764725044605541e+01 1.442822914566726327e-06
7.929747594529671062e+01 6.997878573139432890e-07
7.945015356133409057e+01 6.188110670142141919e-07
7.957954137153527086e+01 1.838277938249085925e-07
7.968046386349219290e+01 3.299341444700417049e-07
7.978138635544911494e+01 3.850634253184986999e-07
7.990904899484762325e+01 4.341794523387235636e-07
8.014625998021644193e+01 6.034384824223311121e-07
8.023769403275861123e+01 3.092795708704015830e-07
8.032826549989944454e+01 1.650484561696265498e-07
8.042746282105368039e+01 3.047786746940543113e-07
8.053701116702400498e+01 5.505173245368637918e-07
8.062068195095410772e+01 8.147722849295221603e-07
8.074575683414857963e+01 2.612208882092196238e-07
8.085271742391489624e+01 3.824088653539101713e-07
8.096744128229326520e+01 9.883132337238702955e-07
8.106146309103945669e+01 4.033976525918700738e-07
8.121586587787953704e+01 1.890667654597822714e-07
8.130988768662572852e+01 4.068184336043876203e-07
8.143151222821484225e+01 3.492112105785146986e-07
8.157297623403479747e+01 5.518259792223482240e-07
8.167389872599171952e+01 3.873771318064634445e-07
8.180501170699557179e+01 9.881306678621972513e-07
8.195941449383565214e+01 6.468311408013095614e-07
8.216470981935485440e+01 7.627684351118948335e-07
8.233205138721505989e+01 9.847853798725332830e-08
8.243814939158002630e+01 1.166916743931561820e-06
8.254252222514230652e+01 8.925376977102289280e-08
8.264258213169789258e+01 4.776645093437886521e-07
8.279180940612991435e+01 4.566370548762962931e-07
8.287893053166537527e+01 1.372656193013440022e-08
8.296863941340485837e+01 4.510168318351505742e-07
8.314029390827175803e+01 5.595637465131845449e-07
8.323345313161661352e+01 7.633919180786639279e-08
8.332574976956011881e+01 8.034834922249099655e-07
8.343012260312239903e+01 9.096913292627185366e-07
8.353277026588200727e+01 2.613622839773633945e-07
8.362334173302282636e+01 4.882775653435996398e-07
8.382604930233802065e+01 3.767970267008854035e-07
8.396061262494724531e+01 1.808652150494743689e-06
8.410811472857659510e+01 2.106760539053599341e-07
8.422715151396167244e+01 1.927714143053953393e-07
8.435395156795883054e+01 1.324797597875461725e-07
8.449800332998280794e+01 2.113489682140033623e-07
8.463170406719069661e+01 3.677563157156529545e-08
8.473090138834493246e+01 4.431191067436032890e-07
8.485425110073673238e+01 3.238300818502653686e-07
8.498536408174058465e+01 3.206727207115424096e-08
8.509750018391494564e+01 6.064189827085067038e-07
8.519842267587186768e+01 1.815715264269471497e-07
8.528554380140732860e+01 3.092172017696141590e-07
8.542010712401655326e+01 1.257650760765511313e-07
8.552447995757884769e+01 1.159937857332858859e-07
8.564092898675990284e+01 1.369243585195964439e-06
8.573408821010475833e+01 1.111175013371110694e-06
8.585312499548983567e+01 3.674611319762080222e-07
8.599113865970443271e+01 1.176763601978441530e-06
8.611707612830024061e+01 3.297211913925552452e-07
8.619643398522363498e+01 1.891941862080704734e-07
8.629821906258190722e+01 6.591603608858991235e-07
8.642243136037502893e+01 5.982040551388726816e-07
8.667430629756665894e+01 8.763788352136199879e-07
8.683043425520942549e+01 5.039776409062263154e-07
8.693739484497572789e+01 1.855377057441439796e-07
8.704263026393935831e+01 3.280265240489272669e-07
8.723584939383978565e+01 2.573748268881026806e-07
8.730485622594707706e+01 3.086895109916261989e-07
8.741699232812143805e+01 8.149799734487295382e-08
8.752395291788775467e+01 3.342439305929978362e-07
8.777151492807267630e+01 3.582314526956622025e-07
8.787675034703630672e+01 1.575924739811620119e-07
8.796559664337443962e+01 4.090997104097173249e-08
8.807687016014746462e+01 6.879992257046393644e-07
8.820194504334193653e+01 2.544025973263054129e-07
8.831580631631896949e+01 6.468173863671628008e-07
8.842794241849333048e+01 1.837345726400295944e-06
8.853921593526634126e+01 6.346596655768028042e-07
8.864358876882862148e+01 1.107579370234475991e-06
8.885492219215721832e+01 1.958039298453972255e-07
8.896533312352889311e+01 1.683584012886216572e-06
8.908523249431532065e+01 8.639580808102620677e-07
8.921979581692454531e+01 1.039116078347640973e-06
8.932934416289488411e+01 2.796211138406208806e-07
8.943889250886522291e+01 8.047709915236973044e-07
8.955016602563823369e+01 5.756862733493069858e-07
8.966834022562197504e+01 3.353678363832048023e-07
8.983050628107412194e+01 3.577379757537049370e-07
8.995299340806457167e+01 4.361395135478669124e-07
