Frequency Power
1.311129810038627053e-01 3.955634308474569212e-03
2.078830817232296957e-01 4.071649688409647964e-03
3.243321109042919814e-01 7.841489803416912263e-02
5.451539736476397335e-01 1.653925096327994726e-02
6.633281736313844101e-01 6.805842189467099512e-01
7.806397882137878774e-01 2.922494863321948785e-02
8.582724743344960494e-01 2.011487085054540144e-02
9.755840889168995167e-01 2.589397139776147827e-01
1.068743312261749345e+00 1.324448058761483644e-02
1.157589608599893127e+00 4.677899738813873914e-03
1.236084880121942620e+00 5.818123595668634775e-03
1.349946153098981139e+00 1.456057583133317235e-01
1.463807426076019880e+00 2.437939153239537457e-02
1.550065966210140145e+00 2.777044162247290296e-02
1.663064653785837566e+00 2.222346742093679328e-01
1.774338170558852568e+00 1.246561345983287702e-02
1.855421198284925577e+00 9.694612319918183979e-03
1.970145056663305416e+00 1.479423574694686272e-01
2.096082525259121088e+00 1.953214300404139923e-03
2.171127455175805743e+00 1.042962976310479869e-03
2.247897555895172594e+00 1.199652566968358383e-03
2.356583316464163858e+00 5.404885971064621319e-02
2.479933028855955790e+00 1.549902056602826730e-03
2.678327671164432378e+00 3.724431413826616473e-03
2.811165822970977501e+00 6.070854935545605489e-04
2.894836606901074028e+00 1.828506607000735624e-04
3.017323733891524640e+00 4.394566849855626768e-03
3.147574129494046247e+00 3.520472770156816869e-04
3.213130619995977710e+00 4.138767230119251572e-04
3.338205503190451839e+00 1.471757791456678420e-02
3.460692630180902452e+00 1.435431217172362158e-03
3.557302195131117450e+00 1.245155783543945831e-03
3.657362101686696843e+00 2.492480442963089429e-03
3.768635618459711623e+00 3.131736700898919180e-04
3.858344500199196947e+00 4.033420053769576699e-04
3.988594895801718110e+00 1.141809022264419354e-02
4.122295633009604998e+00 1.227577961245404550e-04
4.188714708912876894e+00 1.055635516462536934e-04
4.258584126421514071e+00 1.017421702445952835e-06
4.376758326405258970e+00 1.692428901512688230e-03
4.543237308864111590e+00 2.346480186899275154e-04
4.670899948262609236e+00 4.783311910657895606e-03
4.785623806640988853e+00 4.709724442059255722e-04
4.867569419768402739e+00 1.535701686454900240e-04
4.974530009534712249e+00 4.419012678750275543e-03
5.086666111709068794e+00 1.570212412842111166e-04
5.176374993448553674e+00 1.753783575458163458e-04
5.346304317512770687e+00 6.139228600347241584e-03
5.473104371509927013e+00 3.157545120105591263e-04
5.643896280975485347e+00 9.840300344012837923e-04
5.811237848835678399e+00 1.623084299456918741e-04
5.892320876561750964e+00 3.544679300201329062e-05
6.010495076545495863e+00 2.666747454691469933e-03
6.195088352432513545e+00 1.335205470303587097e-04
6.334827187449787900e+00 1.120254684717625696e-03
6.462489826848285546e+00 3.082310530010478971e-04
6.571175587417276809e+00 5.222798431404964987e-04
6.674685835578221038e+00 1.219754613357375284e-03
6.782509010745871869e+00 1.948934316104472715e-04
6.867042380077309716e+00 1.772246108033891457e-04
6.984353994659713294e+00 3.908700424982675115e-03
7.106841121650163906e+00 8.716881734320746841e-05
7.187924149376236471e+00 8.863117034751267890e-05
7.370792254460571513e+00 1.557585576734117714e-03
7.501905235464434440e+00 1.527791715552105981e-04
7.656308022304509464e+00 1.457177594769702711e-03
7.812435979947267128e+00 1.265254118106517404e-04
7.985815645616848535e+00 8.535187001546561993e-04
8.202324581353490629e+00 2.032836125137056204e-04
8.335162733160036197e+00 2.116266243010166137e-03
8.463687957959875163e+00 2.006606540120927664e-04
8.618090744799950187e+00 5.363511179260393915e-04
8.803546606088307414e+00 7.402634024088772268e-05
8.883767048413039547e+00 1.846174325186412276e-05
9.002803833798125765e+00 2.066188751772017520e-03
9.126153546189916810e+00 1.136566709256786183e-04
9.209824330120014224e+00 1.577258282083760920e-05
9.298670626458157784e+00 9.316761654881200222e-05
9.387516922796301344e+00 1.207430829322559578e-04
9.548820392847106930e+00 8.810372238275033130e-05
9.667857178232193149e+00 1.129032589469768219e-03
9.773955182597159563e+00 6.037629430540179847e-05
9.849862697915186871e+00 8.449330897553050993e-05
9.969762068701612634e+00 1.464256003717900054e-03
1.009483695189608810e+01 1.460075327641981277e-05
1.017333222341813759e+01 2.319249436493797439e-05
1.035533774310113131e+01 8.426610043733063788e-04
1.049507657811840566e+01 1.495128004118884894e-04
1.064085351094506926e+01 6.236163167559757381e-04
1.080733249340392099e+01 9.501124521735282750e-05
1.101262781892312681e+01 6.286873088343248196e-04
1.120153402181684932e+01 8.498980705339071926e-05
1.132402114880730082e+01 8.363949447292918279e-04
1.144650827579775054e+01 3.055710330477695640e-05
1.154139266994528334e+01 9.640686560139212990e-05
1.163713964949415747e+01 1.019884609534990036e-04
1.177170297210338390e+01 2.693565756545353998e-05
1.186572478084957538e+01 3.184048168826878725e-05
1.199079966404404907e+01 1.030023739859625958e-03
1.212622557205461860e+01 5.161088960405455395e-05
1.238845153406234445e+01 1.025399255977063926e-04
1.253940397929705419e+01 4.885839975138639706e-05
1.266361627709018656e+01 7.407414746680593626e-04
1.278351564787661410e+01 1.425863902181755279e-04
1.286718643180671151e+01 3.018615549434279979e-05
1.297069667996765574e+01 4.788435078382570248e-04
1.308369536754335272e+01 4.945118240667936536e-05
1.333902064634034801e+01 8.088422782885108797e-04
1.347875948135762236e+01 9.694660605270302104e-05
1.363057451199367520e+01 2.162705312081564973e-04
1.381258003167666892e+01 5.613674784283343682e-06
1.388589979079067049e+01 9.559170346611625654e-07
1.401183725938648550e+01 4.557822355354397385e-04
1.415071350900242031e+01 4.028702197013528104e-05
1.433099385788273139e+01 2.409387730752407888e-04
1.445089322866915715e+01 4.143074775032532355e-05
1.455354089142876184e+01 1.327767562622104113e-04
1.466653957900445882e+01 2.065667716022802662e-04
1.476746207096137908e+01 6.656531145045456205e-05
1.485975870890488792e+01 4.912463613375549351e-05
1.497620773808595018e+01 5.820829073936644804e-04
1.510732071908981311e+01 3.729901323315768945e-05
1.536350858328814972e+01 2.889033208489805442e-04
1.549030863728530605e+01 9.792356923381110613e-05
1.564557400952672239e+01 4.177394056534923300e-04
1.579825162556411478e+01 1.471946394773763868e-05
1.598370748685247378e+01 2.070911304375168394e-04
1.616657559193680882e+01 2.912025969773302688e-05
1.632615389118492999e+01 3.497850340182433269e-04
1.645726687218879292e+01 8.860104097898317431e-06
1.655818936414571496e+01 6.152703580695621831e-05
1.663927239187178841e+01 9.197218884704056439e-05
1.680316361812661441e+01 1.474353890987592351e-05
1.688424664585268786e+01 1.145388276094992360e-05
1.700155826043509322e+01 5.717539318611801653e-04
1.711800728961615548e+01 5.634427696302397507e-05
1.720426582975027330e+01 2.404254100416190767e-05
1.729915022389780788e+01 6.032214656009473810e-05
1.739230944724265626e+01 3.300586522138002234e-05
1.749668228080494359e+01 3.058905447771211738e-05
1.766143609246111268e+01 2.548518804511253131e-04
1.778047287784619712e+01 5.982342049961920950e-06
1.785724297856556575e+01 1.044616615627329484e-05
1.797455459314796755e+01 3.988175653499838281e-04
1.809617913473707773e+01 1.291783979056470663e-05
1.817898733326583383e+01 9.870865825847326684e-06
1.835581734054077785e+01 1.933037472643876862e-04
1.849641876095939708e+01 7.087921056639733997e-06
1.865254671860215296e+01 2.268660981631206639e-04
1.883110189667978318e+01 4.136985996057820810e-05
1.902432102658021051e+01 2.436727921211167538e-04
1.913214420174786312e+01 1.607410095817214955e-05
1.922271566888868932e+01 5.570166695463584140e-05
1.932450074624695091e+01 2.654655875320760441e-04
1.959794031847211215e+01 5.101308292810364831e-05
1.977390774034571663e+01 2.804912596719629772e-05
1.986879213449324766e+01 1.241154827972421740e-05
1.998955409068101474e+01 4.252059844208621610e-04
2.012929292569829087e+01 5.157942558547379920e-05
2.027506985852495447e+01 1.938155547851915552e-05
2.039151888770601673e+01 2.659997137253566129e-05
2.052694479571658448e+01 4.753312818313361614e-05
2.066150811832581269e+01 1.632365744345694986e-04
2.078485783071760551e+01 6.469909037017087183e-05
2.095996266718986689e+01 2.210440852301437907e-04
2.114283077227420193e+01 2.161546641834280008e-05
2.134122541458268074e+01 2.871028794734250384e-04
2.166642011088831410e+01 1.502541272447025151e-04
2.181392221451766034e+01 6.362746228304938277e-06
2.201145427142479249e+01 2.041753689840807191e-04
2.212186520279646729e+01 4.195853198328344130e-05
2.219604754731181018e+01 5.891695332048229152e-05
2.231508433269689817e+01 1.757330330331830339e-04
2.243239594727929997e+01 3.278050372726985822e-05
2.257558512390194139e+01 5.984638902301566739e-05
2.267650761585885988e+01 8.037529959020762451e-05
2.277052942460505136e+01 4.287109862270659626e-05
2.286023830634453802e+01 1.200385669094039472e-04
2.297409957932157454e+01 5.304892490142773878e-04
2.309054860850263680e+01 1.663766865341539562e-05
2.334242354569427036e+01 1.124205112810330794e-04
2.348906306392227350e+01 6.903590883869954003e-06
2.365726721718380787e+01 1.645382714623277304e-04
2.382719654124802489e+01 3.258977939193254640e-05
2.392639386240226074e+01 2.516662522552794555e-05
2.404543064778734873e+01 5.855117090844537772e-05
2.417136811638316374e+01 5.512920484498854676e-05
2.433094641563128491e+01 2.338123847368502517e-04
2.443531924919357223e+01 3.627076079058276411e-05
2.461473701267254199e+01 1.030741588061523742e-04
2.471997243163616886e+01 2.775387569631725902e-06
2.478725409294078119e+01 2.974357670050994168e-06
2.486661194986417200e+01 3.280422220150575031e-05
2.498478614984791690e+01 3.156799001334312498e-04
2.510554810603568399e+01 1.636983601531765794e-05
2.518231820675505261e+01 1.017216259839758101e-05
2.527288967389587881e+01 2.981016883769750282e-05
2.543850607095339100e+01 6.335267270585965746e-05
2.554632924612104006e+01 1.393060560747300881e-06
2.565932793369673703e+01 1.304102651576864909e-04
2.578871574389791732e+01 2.661524703309893470e-05
2.595778248256079479e+01 1.441191654927195787e-04
2.614668868545451730e+01 1.133531259111059133e-05
2.632869420513750924e+01 1.195160757194090945e-04
2.645980718614137217e+01 2.013831460725469614e-05
2.663146168100827182e+01 9.888684015237066236e-05
2.683244407952077282e+01 6.338820889051087152e-06
2.700668633059169466e+01 1.658113597107883658e-04
2.719472994808407762e+01 1.122416460117283015e-05
2.731635448967318780e+01 1.672102333719194386e-04
2.744746747067705073e+01 2.350095102289441297e-05
2.759755733051041915e+01 3.144328506786845724e-05
2.776403631296927088e+01 1.558108378095725461e-05
2.785719553631411927e+01 1.389350228876138085e-05
2.797191939469249888e+01 2.846863373513912115e-04
2.815910042678354230e+01 4.952588056968165628e-05
2.827813721216862675e+01 2.469013322010735206e-05
2.839458624134968900e+01 1.088145229533414876e-05
2.852311146614952975e+01 2.631854384855997466e-05
2.864646117854131901e+01 8.819186539035320520e-05
2.881811567340821867e+01 1.562415529729098567e-05
2.894922865441208160e+01 3.289361986711072987e-05
2.913468451570043882e+01 3.089065995094206359e-05
2.933394174341025717e+01 1.363592541098097323e-04
2.945211594339400207e+01 1.387602558830055595e-05
2.963757180468236285e+01 1.519304912335973012e-04
2.980318820173987149e+01 2.132830456315076438e-05
3.001624679587114741e+01 1.041811747627160691e-04
3.014477202067098816e+01 5.692705963353172704e-05
3.022585504839706161e+01 6.187306055553941420e-06
3.033367822356471066e+01 1.152741879683263096e-04
3.043805105712699799e+01 2.196172771620220402e-05
3.052689735346514155e+01 5.477565296952814167e-05
3.063385794323145106e+01 5.701302770836993192e-05
3.080464985269700762e+01 1.246139818377878719e-05
3.096681590814915452e+01 2.681655802402012692e-04
3.106170030229668555e+01 3.122953517721931523e-05
3.116003503804958186e+01 3.695140881363915631e-05
3.124370582197968105e+01 6.631141385403018713e-06
3.133945280152855162e+01 1.926732103054712832e-04
3.144727597669620422e+01 7.008429266415080623e-06
3.153353451683032205e+01 2.278687059935277998e-05
3.165084613141272740e+01 1.423415308685192673e-04
3.178195911241659033e+01 5.175273131615830169e-05
3.196741497370494756e+01 6.078485658586157405e-05
3.214597015178257777e+01 2.784885732673452228e-05
3.225724366855558856e+01 1.690763105620924733e-05
3.234781513569641476e+01 7.977273513355980124e-05
3.245995123787077574e+01 7.699043208394472067e-06
3.260659075609877533e+01 7.144289093373912183e-05
3.270233773564765301e+01 5.125007568407145428e-06
3.279808471519652358e+01 2.404981635844618472e-05
3.287312964511320956e+01 1.567453723938743086e-06
3.298181540568219816e+01 1.533217589709567387e-04
3.316295833996385056e+01 2.272534523446147827e-05
3.333633800563343641e+01 3.576776805389627185e-05
3.344502376620242501e+01 2.531197472593176904e-05
3.353473264794191522e+01 2.038335807443518574e-05
3.365463201872833565e+01 1.224545760806428280e-04
3.377453138951476319e+01 4.022621055478565387e-05
3.397637637342860728e+01 1.259002180924943110e-04
3.413509208727538891e+01 1.298249972730548092e-05
3.424809077485108588e+01 1.792852220125525499e-05
3.434987585220935102e+01 1.034269180465166235e-04
3.446287453978504800e+01 7.069220681575688447e-06
3.463539162005328365e+01 9.934149742906896023e-05
3.495368563314818999e+01 1.249907134220318262e-04
3.516674422727946592e+01 2.455190873221239293e-05
3.530044496448735458e+01 8.039653467773144558e-05
3.547813755716364170e+01 3.239970870106179709e-05
3.558164780532458593e+01 1.779668008593628044e-05
3.566618117465602467e+01 1.116336136294134154e-05
3.578608054544245221e+01 8.857568361162081378e-05
3.597757450454019335e+01 1.730075151499569047e-04
3.611300041255076820e+01 1.622611232295583430e-05
3.623635012494255392e+01 2.602812959431945622e-05
3.635107398332093709e+01 4.276908061780319441e-05
3.650461418475966724e+01 1.799531720804817844e-05
3.667281833802120161e+01 9.863155698975065242e-05
3.679789322121568063e+01 5.960720264942360937e-05
3.696178444747050662e+01 6.092920973857121587e-05
3.708254640365827726e+01 3.710738830028068486e-05
3.717915596860849092e+01 2.173042577583797090e-06
3.735598597588343495e+01 8.912759534698753126e-05
3.761562418168713862e+01 8.276901587765539826e-05
3.781229365319293123e+01 1.533783570075719096e-05
3.800896312469872385e+01 1.070123293200228419e-04
3.821770879182329850e+01 1.303185856869085633e-05
3.831863128378022054e+01 4.973699733166106999e-05
3.844456875237603555e+01 4.570107553449162025e-05
3.854894158593832287e+01 1.686557308695242537e-06
3.866194027351401985e+01 4.519126445299803506e-05
3.878701515670849176e+01 1.064114211776709237e-05
3.895780706617404832e+01 1.560281316167832588e-04
3.908633229097388551e+01 4.873731748578824025e-05
3.918725478293080755e+01 2.226813859036427064e-06
3.935804669239636411e+01 7.579351628228040674e-05
3.950382362522302770e+01 7.541204903419444364e-06
3.963579919162823728e+01 8.002355343147271724e-05
3.979106456386965363e+01 3.212607732542256483e-05
3.996358164413788927e+01 5.454733750891546689e-05
4.008261842952297371e+01 2.312339888918533257e-05
4.030775321927303168e+01 3.781199223276193115e-05
4.056825401047807134e+01 2.075741879006239357e-05
4.067607718564572394e+01 3.164616869825165188e-05
4.079683914183349458e+01 5.500232879169732512e-06
4.097625690531246079e+01 7.005785509795295926e-05
4.109960661770425361e+01 2.128789714899968709e-05
4.118759032864105762e+01 1.864704255091984805e-06
4.129196316220334495e+01 4.575833506551575658e-05
4.141272511839110848e+01 6.833748449499247180e-05
4.154038775778960968e+01 9.706588923373156662e-07
4.166805039718810377e+01 1.011761640546581046e-04
4.179830079279062716e+01 1.078571953362938227e-05
4.197340562926289209e+01 7.174601392138028444e-05
4.209589275625334182e+01 2.052910601236600959e-05
4.228566154454840387e+01 8.184738620571888523e-05
4.247629291824480902e+01 4.861590664895810377e-06
4.262379502187415881e+01 8.718555622140401816e-05
4.274369439266058635e+01 2.394466662631691516e-05
4.292656249774491783e+01 3.440346304078461843e-05
4.304646186853134537e+01 5.005657420112328415e-05
4.321466602179287975e+01 6.965810141687474723e-07
4.333197763637528510e+01 9.216915116705705325e-05
4.345964027577378630e+01 4.102217277968671128e-05
4.353554779109180828e+01 3.861180787103693366e-05
4.364854647866750526e+01 3.129476171400721293e-05
4.374256828741369674e+01 1.936980920919527104e-05
4.392112346549132695e+01 8.774020677213489276e-05
4.411865552239846267e+01 2.353030158313456746e-05
4.419111269611111936e+01 1.171649877520899169e-05
4.427650865084390119e+01 2.235046565258387003e-06
4.437743114280082324e+01 5.911024288878189700e-05
4.449301758658054240e+01 4.356797646427156684e-05
4.464828295882195874e+01 1.333216565781157896e-04
4.476128164639765572e+01 3.542839117612784403e-06
4.485099052813713882e+01 2.047031311160269458e-05
4.495708853250211234e+01 6.759897087453761038e-05
4.508043824489389806e+01 4.388634162857862946e-05
4.518567366385752848e+01 4.645560160438829500e-06
4.530557303464395602e+01 7.071149464342960393e-05
4.544531186966123215e+01 3.394411920423602973e-06
4.554709694701949019e+01 5.443142532847646353e-06
4.564801943897641223e+01 2.837142709417446780e-06
4.573772832071589534e+01 8.433784277887853870e-07
4.600599238053300866e+01 4.161160582006125000e-05
4.612934209292480148e+01 3.303342152981530565e-05
4.631738571041718444e+01 3.919908008546944020e-05
4.641140751916337592e+01 1.010078895674667234e-05
4.652699396294309508e+01 1.635266323962546045e-05
4.674695324028510157e+01 2.545433526656738776e-05
4.683234919501788340e+01 8.942836650953371922e-06
4.695224856580431094e+01 1.423654529973355891e-04
4.708077379060414813e+01 4.126487675906521425e-05
4.720929901540398532e+01 1.660060845990923758e-05
4.733954941100650871e+01 3.370963643310996040e-05
4.763886654527190956e+01 9.232245763839811207e-05
4.777515503868381330e+01 4.406282375626774665e-05
4.788297821385146591e+01 2.935004553466932586e-05
4.804773202550763500e+01 4.863101239821917253e-05
4.814865451746455705e+01 3.160261301675472862e-05
4.831340832912072614e+01 9.322219768498170235e-05
4.843675804151251896e+01 6.210530368460487051e-06
4.850662745902115347e+01 6.357500502785557022e-06
4.861272546338612699e+01 5.553642681482258501e-05
4.883268474072813348e+01 4.325323016592868902e-05
4.896638547793601504e+01 1.123390999888168644e-04
4.922602368373971871e+01 1.942388944204761860e-05
4.933298427350602822e+01 5.662852583094772896e-06
4.945719657129916413e+01 8.290980834386809075e-06
4.948911223114878766e+01 8.189883957663144073e-06
4.967370550703580534e+01 3.247339800236767496e-05
4.979360487782223288e+01 5.737335526288249481e-05
4.997647298290656437e+01 5.258404504811194552e-05
5.009378459748896972e+01 3.244457395990347950e-05
5.035687314489803157e+01 9.807724109322959842e-05
5.048453578429653277e+01 9.406530190881259106e-06
5.062427461931380890e+01 6.212291900221937515e-05
5.079420394337802236e+01 4.695491309571244847e-06
5.096758360904760821e+01 2.728767633997233739e-05
5.115390205573730498e+01 2.996388904621763731e-05
5.128674020754385054e+01 5.327106747827848384e-05
5.142302870095576139e+01 1.586987359182588582e-05
5.155500426736096387e+01 2.046261273078508073e-05
5.166800295493666084e+01 4.023784210541216382e-05
5.176547510528821761e+01 2.944205083954094468e-05
5.185949691403440909e+01 3.031264677906091572e-05
5.196645750380071860e+01 9.963801456359669070e-05
5.213897458406896135e+01 6.448117665187573076e-06
5.222695829500575826e+01 1.630709748632144953e-05
5.234858283659487199e+01 7.166865904434678428e-05
5.258234348035833250e+01 4.606250589425881035e-05
5.283508100295130561e+01 2.609878758698383678e-05
5.307833008612952597e+01 3.589115176975087289e-05
5.317838999268510491e+01 3.198589861094678174e-05
5.329742677807018936e+01 1.843274516519121308e-04
5.349064590797062380e+01 7.286179327278531413e-06
5.361658337656643880e+01 1.698589646195689741e-05
5.386414538675136043e+01 1.873138340373179154e-05
5.399094544074851854e+01 5.198656108513238935e-05
5.412550876335774319e+01 3.190772440382691336e-05
5.422729384071600833e+01 1.430719185503428937e-05
5.433080408887695256e+01 3.867674683027294455e-05
5.443690209324191898e+01 2.649144086480285611e-05
5.451884770636933553e+01 2.168725405718810608e-05
5.461977019832625757e+01 2.700209000671675394e-05
5.480436347421327525e+01 2.640240697692886114e-05
5.496307918806004977e+01 5.449073166313769123e-05
5.513300851212427034e+01 7.892115573501440811e-06
5.533744125224213661e+01 1.201513111091968036e-04
5.549788213689159733e+01 2.980001956193948685e-06
5.564797199672496930e+01 5.246774498959971838e-05
5.578253531933419396e+01 4.704917909033093349e-05
5.589553400690989093e+01 9.627702600619724311e-06
5.597316669303059911e+01 1.141996388080672708e-05
5.608185245359959481e+01 2.775064120075881305e-05
5.630181173094160130e+01 4.644649459037043121e-05
5.643378729734680377e+01 4.658458939848178238e-05
5.652090842288226469e+01 1.593495369190931925e-05
5.662959418345125329e+01 2.398590054695734654e-05
5.679866092211413076e+01 2.050504070578022231e-05
5.697894127099444006e+01 1.039543247494441748e-04
5.710832908119562035e+01 3.120293918992218725e-05
5.724375498920618810e+01 4.476578613566206325e-05
5.736020401838725036e+01 3.449861310334530158e-05
5.752754558624744874e+01 1.339986788898080719e-05
5.766038373805399431e+01 7.462829761830724136e-05
5.779063413365651058e+01 3.859885988656899972e-06
5.797177706793816299e+01 6.248303839423123974e-05
5.810202746354068637e+01 4.043628625073531114e-05
5.831767381387599158e+01 3.143530288974399325e-05
5.844706162407717187e+01 2.312824903494736708e-05
5.861267802113467695e+01 3.642216192654511417e-05
5.872826446491440322e+01 1.342468412169567819e-05
5.882487402986461689e+01 1.159535279874206530e-05
5.897151354809261647e+01 5.547508162332531327e-05
5.924236536411375909e+01 3.296426772221954085e-05
5.933897492906397275e+01 1.005556297788229554e-05
5.947612600787721959e+01 8.537336372895430500e-06
5.966589479617228875e+01 2.118175073212582400e-05
5.998850173627389637e+01 5.490661710009203374e-05
6.010667593625763772e+01 3.066400475943648692e-05
6.020587325741188067e+01 7.882840952665207633e-06
6.028868145594063321e+01 2.856519842771209384e-06
6.037062706906804976e+01 5.188304614710765628e-06
6.047068697562362871e+01 2.475367590955208466e-05
6.066304352012271295e+01 4.655266273987942549e-05
6.089852933468886675e+01 1.337447999379636616e-06
6.100031441204712479e+01 4.137881305912157820e-05
6.110037431860270374e+01 4.744487060220643065e-05
6.129876896091118255e+01 6.270346495594096244e-05
6.150837721343709319e+01 7.389294289628477121e-07
6.170763444114691509e+01 4.795896352100392638e-05
6.183357190974273010e+01 5.785541231188151517e-06
6.194484542651574088e+01 3.123182519216127892e-05
6.214065231262019751e+01 3.608603553810931354e-05
6.233732178412599012e+01 3.892866887101418942e-05
6.246929735053119259e+01 1.934904765848905695e-05
6.258574637971225485e+01 3.153166518990210940e-05
6.263663891839138387e+01 3.127862702251954611e-05
6.276257638698719887e+01 4.729215628816136143e-05
6.295838327309165550e+01 1.319835188526919984e-04
6.328357796939728530e+01 7.011790369998551007e-05
6.335344738690592692e+01 6.454209704660247718e-05
6.351820119856209601e+01 1.220563443637125079e-05
6.363723798394718045e+01 6.251717978527507129e-05
6.377352647735909130e+01 6.540093728004079712e-06
6.390205170215892849e+01 1.724865858999496317e-05
6.403316468316279497e+01 3.678762429181647631e-05
6.415910215175860287e+01 8.786755171001170176e-06
6.432989406122416653e+01 2.936893876330270696e-05
6.446100704222803301e+01 3.135227213387833939e-05
6.458176899841579655e+01 4.015293586290451049e-05
6.468355407577405458e+01 2.449569171047251198e-05
6.484054461881815712e+01 1.613398346411377873e-05
6.497597052682873198e+01 4.527912756235849453e-05
6.509241955600978713e+01 1.673178978017762390e-05
6.517263999833451749e+01 1.923843394103161094e-05
6.528132575890350608e+01 3.451583656549432453e-05
6.538828634866982270e+01 5.413605993711803128e-05
6.549955986544283348e+01 1.846074627853299514e-05
6.561514630922255265e+01 3.087803517959798879e-05
6.574884704643044131e+01 5.727120471176610789e-05
6.584890695298602736e+01 1.353136462544266075e-05
6.594810427414026321e+01 8.719552940593308090e-05
6.605937779091327400e+01 1.058905052548703087e-04
6.616288803907421823e+01 3.302235817307486816e-05
6.629141326387406252e+01 8.209158395256327650e-05
6.641648814706853443e+01 2.223520220880380516e-05
6.661833313098237852e+01 8.750578877413575239e-05
6.675979713680233374e+01 1.995004022035057952e-05
6.687624616598338889e+01 8.128144867635918842e-06
6.698148158494701931e+01 1.608395542470982521e-05
6.712553334697099672e+01 7.643340951352564069e-06
6.730236335424595495e+01 2.474124149393745628e-05
6.741967496882834610e+01 2.254298083986677691e-05
6.751714711917990996e+01 5.652425586002475600e-06
6.762324512354487638e+01 2.190521569122804265e-05
6.779834996001713421e+01 1.161017290948744556e-05
6.793636362423173125e+01 4.658917642235306246e-05
6.814252153515228372e+01 8.819007732638027845e-06
6.824948212491858612e+01 3.461970652032958122e-05
6.837024408110634965e+01 3.084617004704572860e-05
6.848669311028741902e+01 2.607759434931764470e-06
6.861953126209395748e+01 5.582051400003030709e-05
6.881188780659304882e+01 3.067367517488078876e-06
6.893006200657679017e+01 1.139621499058750438e-05
6.907842669560749016e+01 3.046774908083601036e-05
6.930011114375217574e+01 5.860588186765826942e-05
6.944847583278286152e+01 5.518244543377363452e-05
6.956233710575989448e+01 2.502736754209916519e-05
6.967878613494096385e+01 6.696206217991163760e-05
6.979782292032604119e+01 8.015777537363726662e-06
6.997292775679831323e+01 1.298756357814178885e-05
7.009196454218339056e+01 1.194646904839081618e-05
7.027224489106370697e+01 1.584100561411983893e-05
7.035936601659916789e+01 4.049445006140284123e-05
7.046546402096413431e+01 2.523926646037484575e-05
7.056983685452642874e+01 7.032476058065658796e-05
7.067248451728602276e+01 1.932831265511444002e-05
7.078289544865769756e+01 3.552956525136317017e-05
7.094678667491253066e+01 7.672701328171940556e-05
7.105633502088285525e+01 3.664044199150679788e-05
7.127543171282351864e+01 5.440179106953558434e-05
7.146347533031590160e+01 6.270455842392771771e-06
7.159458831131976808e+01 6.335864455412724700e-05
7.183697480909664534e+01 1.496222954968318968e-05
7.197757622951526457e+01 2.384356520224980490e-05
7.208539940468291718e+01 1.668552436429562342e-05
7.218804706744251121e+01 6.068878942712996089e-05
7.231312195063699733e+01 4.093339007645001857e-05
7.244423493164084960e+01 3.724986580808968746e-05
7.261157649950104087e+01 1.753113192246861772e-05
7.282032216662561552e+01 2.262188934661529181e-05
7.296696168485362932e+01 4.383880928363567979e-05
7.316449374176075082e+01 1.708347835806883630e-05
7.341981902055775322e+01 2.845239283002461408e-05
7.362597693147830569e+01 5.346704921589521577e-05
7.373638786284998048e+01 4.321360079457496601e-05
7.393737026136247437e+01 7.278280970972486965e-05
7.407797168178109359e+01 3.012369736846321085e-05
7.420649690658092368e+01 1.781659787204693126e-05
7.431173232554455410e+01 3.112954911027100599e-05
7.443335686713366783e+01 3.112609998620953793e-05
7.461018687440861186e+01 2.237294212353245945e-05
7.472404814738564482e+01 1.211974565524964125e-05
7.483963459116537820e+01 7.030930001086000715e-06
7.494745776633301659e+01 5.874093154018848257e-05
7.503802923347384990e+01 2.784069676958788971e-05
7.515706601885894145e+01 2.458244431514302260e-06
7.527092729183597442e+01 3.607478592127519659e-05
7.543309334728812132e+01 1.025071457183804464e-05
7.562372472098452647e+01 3.386557905937319357e-05
7.574793701877766239e+01 2.895436870476369179e-05
7.582643229029970655e+01 7.101067053555729313e-06
7.593684322167138134e+01 5.517640392122389632e-05
7.605070449464841431e+01 7.430214113038486592e-05
7.616542835302679748e+01 3.305642528613096106e-05
7.630689235884675270e+01 8.700183716123316088e-06
7.651305026976730517e+01 9.385367892808040588e-06
7.669246803324627137e+01 2.667110362872998267e-06
7.678476467118977666e+01 9.484450875373948305e-06
7.696677019087277927e+01 2.028476011081606340e-05
7.708580697625785660e+01 2.578188109734319737e-05
7.717551585799735392e+01 8.778516260425093656e-06
7.730059074119182583e+01 7.143152025810207593e-05
7.747052006525603929e+01 1.867395795266033100e-05
7.761457182728001669e+01 9.304684018364873122e-05
7.776466168711338867e+01 9.982497346916427856e-06
7.795270530460577163e+01 5.064981640126047413e-05
7.807432984619488536e+01 2.600099393400643404e-05
7.817093941114509903e+01 4.187013531176263275e-05
7.828393809872079601e+01 5.626516909480610383e-06
7.841850142133002066e+01 3.169675370856106755e-05
7.857980489138081737e+01 3.750963418389814121e-05
7.864881172348812299e+01 3.638479509017564662e-05
7.881270294974294188e+01 1.303244643723380030e-06
7.900850983584740561e+01 6.667294929522969216e-05
7.930351404310609098e+01 6.226836432578435174e-05
7.945791682994617133e+01 3.678394704573535479e-05
7.960110600656881275e+01 3.267728750366396179e-05
7.971151693794048754e+01 4.512040189852151726e-06
7.982020269850947614e+01 7.940991753590379335e-06
7.992371294667042037e+01 3.278922882919750066e-05
7.999617012038308417e+01 3.182020906913497348e-05
8.012728310138693644e+01 2.978807527615522977e-05
8.022216749553447812e+01 1.468646787058731278e-05
8.030928862106993904e+01 1.016482767853282046e-05
8.042401247944830800e+01 2.344907796887394678e-05
8.054391185023473554e+01 2.618571550774590091e-05
8.062326970715812990e+01 1.072116005489143705e-05
8.074144390714187125e+01 1.556875430644903924e-05
8.096399094068790703e+01 7.019153315707317041e-05
8.106836377425018725e+01 2.307359914681609815e-05
8.123225500050502035e+01 9.287500750415036811e-06
8.133921559027132275e+01 1.005099881609315492e-05
8.144962652164299755e+01 2.948592079022197120e-06
8.161092999169380846e+01 7.974358506882136492e-05
8.170581438584133593e+01 1.342578345944815972e-05
8.182140082962105510e+01 2.933217916315483852e-05
8.194561312741419101e+01 6.352081826129972952e-05
8.216125947774949623e+01 2.551340226309357407e-05
8.232256294780029293e+01 3.140427326855365904e-05
8.244505007479075687e+01 6.306084317434468517e-05
8.254856032295170110e+01 5.387297104707583103e-06
8.265983383972471188e+01 4.969871217912379737e-05
8.278835906452454196e+01 3.532298346603046733e-05
8.297122716960888056e+01 3.878078268326683544e-05
8.314546942067980240e+01 2.110274488206690836e-05
8.325243001044611901e+01 1.242673746054410422e-05
8.334558923379096029e+01 4.549897169295079649e-06
8.343529811553045761e+01 6.746780142560075654e-06
8.354398387609944621e+01 1.259636182466097434e-05
8.371218802936097347e+01 7.727641334888318755e-06
8.382604930233802065e+01 1.568659952375607087e-05
8.395198677093382855e+01 1.309047062127634178e-04
8.410811472857659510e+01 1.260741603434845085e-05
8.423318961177106701e+01 1.242535644455072181e-05
8.436602776357760547e+01 2.009372457524616248e-05
8.448678971976536900e+01 1.886583569750663843e-05
8.466189455623764104e+01 2.211864811706164730e-05
8.487926607737561824e+01 8.897955038174033861e-06
8.498191374013522648e+01 6.668819474531607745e-06
8.508973691530287908e+01 3.898842137375179556e-05
8.519410974886515930e+01 1.351158627971259975e-05
8.529503224082208135e+01 6.591679324863280618e-05
8.542355746562192564e+01 1.009376734404555676e-05
8.550722824955201418e+01 3.343739833604409921e-06
8.563230313274648609e+01 4.678035971048581995e-05
8.574961474732889144e+01 3.671153689183916151e-05
8.587210187431934116e+01 2.167020938666899130e-05
8.598855090350041053e+01 8.022721393834913539e-05
8.611966388450427701e+01 1.935135805293620922e-05
8.628096735455507371e+01 1.541379965300612747e-05
8.639137828592674850e+01 1.268844171505063240e-05
8.649575111948902872e+01 1.194386543601257811e-05
8.664929132092777309e+01 8.039129776426551146e-05
8.683302201141344767e+01 2.208531808591574042e-05
8.693566967417304170e+01 3.938553048684324495e-05
8.704694319094606669e+01 2.839640559060477632e-05
8.730485622594707706e+01 3.080179212448013663e-05
8.744028213395765192e+01 3.944579222729590676e-06
8.762746316604869889e+01 2.269459100484201970e-05
8.776720200106596792e+01 3.780545210128785882e-05
8.787761293243764271e+01 3.644563875469959443e-06
8.796559664337443962e+01 7.437588247902688078e-06
8.807859533095013660e+01 4.609714034185828158e-05
8.828734099807471125e+01 2.112818168216940896e-05
8.842276690608528611e+01 4.712960647396555939e-05
8.854439144767438563e+01 1.871356217387001186e-05
8.867377925787556592e+01 4.794908987162036347e-05
8.884543375274246557e+01 6.523897296247839992e-06
8.896015761112084874e+01 1.022448524710116061e-04
8.907919439650594029e+01 4.413562642610947443e-05
8.921893323152320932e+01 4.798802421220914392e-05
8.933969518771097285e+01 2.937752872831450457e-05
8.943975509426655890e+01 4.636403049730236815e-05
8.951738778038726707e+01 2.083781634655808841e-05
8.964677559058844736e+01 6.916623089166808430e-05
8.974942325334805560e+01 6.466272755418613622e-06
8.983826954968618850e+01 5.804029016615520258e-06
8.993832945624177455e+01 3.500304353189173824e-05
9.007634312045637159e+01 2.101880731878318605e-05
9.029802756860105717e+01 4.803949791058235801e-05
9.041533918318346252e+01 2.324017206551670244e-05
9.052229977294976493e+01 1.893277292141985448e-05
9.064564948534156485e+01 4.964365250243663643e-05
9.078711349116152007e+01 2.274016905416871388e-05
9.096911901084450847e+01 3.592708177715675928e-05
9.112179662688190263e+01 1.688839853340060807e-05
9.123997082686564397e+01 1.696027492942393328e-05
9.136935863706682426e+01 1.503506914806499935e-05
9.149788386186666855e+01 1.650814784470263827e-05
9.154963898594714067e+01 1.527628986176938727e-05
9.166781318593088201e+01 3.102945407507477218e-05
9.177132343409182624e+01 2.888088257020995659e-05
9.183946768079778167e+01 1.307581299860162141e-05
9.194901602676812047e+01 5.101992831191019188e-05
9.205770178733710907e+01 3.617398953434223683e-05
9.214568549827390598e+01 7.745978873601221394e-06
9.224574540482949203e+01 2.256674054046074396e-05
9.240704887488028874e+01 8.721223192872527675e-06
9.251918497705464972e+01 5.581050290854389121e-06
9.264167210404509945e+01 4.178678970149956912e-05
9.276933474344359354e+01 1.220489368459591075e-05
9.292891304269171826e+01 9.390202581643026169e-06
9.303673621785937087e+01 2.727064767715883423e-05
9.312989544120422636e+01 1.870730946146264255e-05
9.331448871709123694e+01 6.531369945806464537e-05
9.345163979590448378e+01 2.727720860918674505e-05
9.359914189953383357e+01 4.968966578447036589e-05
9.375009434476854153e+01 5.281266176765170626e-05
9.395193932868238562e+01 9.637810638172789426e-05
9.406580060165941859e+01 2.097240563689088284e-05
9.413653260456939620e+01 8.140429003979772631e-06
9.425039387754644338e+01 9.166845670029631838e-05
9.436511773592482655e+01 3.877892652573445827e-05
9.446776539868442057e+01 4.471802706016249033e-06
9.464287023515669262e+01 6.814011845849661444e-05
9.476621994754847833e+01 4.306546643287430042e-05
9.494477512562610855e+01 1.849816835826617923e-05
9.507416293582728883e+01 3.101843889247027293e-05
9.530102289638003299e+01 1.703875057500049318e-05
9.538555626571145751e+01 1.197973722536056550e-05
9.547699031825362681e+01 3.227728483643398300e-05
9.560379037225078491e+01 4.036630972130247810e-05
9.574611696347209033e+01 4.575943031285415820e-06
9.598850346124896760e+01 3.932013154908398653e-05
9.611357834444343951e+01 2.662573520734641213e-05
9.629817162033045008e+01 2.287905900433821177e-05
9.639650635608334994e+01 1.766741135581232348e-05
9.647845196921076649e+01 6.668943041887112395e-06
9.659058807138512748e+01 3.114839773151138188e-05
9.676051739544934094e+01 5.806432500839621826e-05
9.693993515892830715e+01 4.531743396546143249e-05
9.705379643190535432e+01 4.852222356963275781e-05
9.721768765816017321e+01 2.471840174124807627e-05
9.731861015011709526e+01 1.947067637177517886e-05
9.741953264207401730e+01 4.166083873219410060e-05
9.751355445082020879e+01 5.323919382357956307e-06
9.761878986978383921e+01 8.218908607331596393e-05
9.777405524202525555e+01 1.260905507425091613e-05
9.787842807558753577e+01 4.015365059495226740e-05
9.798280090914981599e+01 1.656934289244383940e-05
9.810960096314697410e+01 4.503831730227143750e-05
9.831662145946886255e+01 1.011148703560636768e-04
9.846929907550625671e+01 3.285058936718392162e-06
9.862542703314902326e+01 2.642414626281350260e-05
9.874015089152739222e+01 1.412509375851425752e-05
9.884193596888566447e+01 9.411773682963220741e-06
9.891956865500637264e+01 1.052964688607602035e-05
9.901962856156194448e+01 4.198714599552303858e-06
9.911020002870277779e+01 4.861995464125107458e-06
9.920939734985701364e+01 2.781270642474265998e-06
9.942245594398828246e+01 1.950770003023889285e-05
9.953890497316935182e+01 2.095056341260687671e-05
9.964586556293565422e+01 1.768687882166724613e-05
9.972953634686575697e+01 1.087487292144039888e-05
9.981320713079585971e+01 2.276583825026141580e-06
9.992534323297020649e+01 6.040485238419594078e-05
1.000607691409807813e+02 4.441172413051715809e-05
1.003298957861992307e+02 2.232223447653625109e-05
1.006283503350632884e+02 7.047557960780805692e-05
1.007724020970872658e+02 1.868490003658067089e-05
1.010182389364695155e+02 1.014945770808424535e-05
1.011950689437444595e+02 2.660936756407292128e-06
1.013123805583268648e+02 2.938288457654691000e-05
1.014409057831267091e+02 4.988969604309962503e-05
1.015625303247158087e+02 2.187213139128453725e-05
1.017367725757867305e+02 2.615157101334957752e-05
1.018420079947503609e+02 1.939825491079086319e-05
1.019532815115233717e+02 5.084060987170723421e-05
1.021482258122264852e+02 7.836609440170823682e-06
1.023388571859228904e+02 5.061272366571980576e-05
1.024863592895522402e+02 2.842816719575805520e-05
1.026329988077802398e+02 6.501127840525682032e-05
1.027451349099546007e+02 1.292273636506614612e-05
1.028270805230820173e+02 6.768648673210617007e-06
1.029280030150389393e+02 4.967073212388155637e-05
1.030384139464106141e+02 5.786586453003305470e-05
1.032195568806922665e+02 1.289548248658627706e-05
1.034093256689873215e+02 7.260096399610457830e-06
1.034791950864959631e+02 8.541843576264487517e-06
1.036103080674998296e+02 7.547092520173683189e-05
1.037707489521492903e+02 1.790785700982935739e-05
1.038759843711129207e+02 2.141078416178575402e-05
1.039915708148926399e+02 2.397522890031765920e-05
1.040571273053945731e+02 2.109894645811642244e-05
1.041718511637729421e+02 5.274876765650407365e-06
1.042779491681379227e+02 5.791069910798928580e-05
1.044789315666504166e+02 5.245133854069972719e-06
1.046764636235575523e+02 5.170541068137484656e-05
1.049326514877558907e+02 3.633624129574016269e-05
1.050732529081745099e+02 4.267296525116124099e-05
1.052500829154494539e+02 7.994851907567316861e-06
1.053639441884264869e+02 3.446845141898526125e-06
1.054890190716209588e+02 2.297254397986503181e-05
1.056115061986114085e+02 8.154225317843747007e-05
1.057219171299830833e+02 1.565779032493611655e-05
1.058211144511373192e+02 4.469074585302833995e-05
1.059289376263049718e+02 3.459132687231037529e-05
1.060410737284793328e+02 4.794815163170745024e-05
1.061601105138644243e+02 3.267026729186169470e-06
1.062955364218749850e+02 8.862554070481548846e-05
1.064792671123606596e+02 1.288323330119579945e-05
1.067501189283817951e+02 9.708203626734324425e-05
1.069519639122956391e+02 3.193671843822134296e-05
1.071788238728483833e+02 3.840100927154435493e-05
1.073297763180830913e+02 1.978430393094870242e-05
1.073841191983675856e+02 2.061598108943900020e-05
1.075212702771808324e+02 5.320036520702802943e-06
1.076394444771645738e+02 6.591952286460392560e-05
1.077464050669308904e+02 3.423747426130376985e-05
1.078490527296904986e+02 5.366158801543695372e-05
1.079353112698246093e+02 3.195572700417171540e-05
1.080422718595909259e+02 7.621258467708896518e-05
1.081578583033706451e+02 2.596443545441726286e-05
1.082492923559128144e+02 5.262098099551074523e-06
1.083502148478697364e+02 1.793128610915388054e-05
1.084683890478534778e+02 2.535843938917427259e-05
1.086089904682720970e+02 1.909913622879779867e-05
1.087953089149617938e+02 2.537544680182903520e-05
1.089428110185911294e+02 9.784056759580791440e-06
1.090670233163842653e+02 1.386340039999094509e-05
1.092636927878900650e+02 2.171216024275274021e-05
1.093965309396966035e+02 4.728724398572974849e-05
1.095060792856669423e+02 1.720317671001800273e-06
1.095949255820050894e+02 3.680775409769461616e-05
1.097036113425740780e+02 6.146426628147724834e-06
1.099321964739294941e+02 2.226964057629296075e-05
1.100546836009199438e+02 1.283708901316212734e-05
1.101806210695157660e+02 1.171741447621104104e-05
1.102893068300847546e+02 2.755452039579456579e-05
1.104212823964899570e+02 2.219679068589374153e-05
1.106429668446346426e+02 5.061787404546450449e-05
1.107594158738157120e+02 1.926825454481248003e-05
1.108258349497189812e+02 1.242977603289905461e-05
1.109448717351040727e+02 6.341151094497961055e-05
1.110432064708569584e+02 6.688502857747683189e-05
1.111605180854393637e+02 1.282249899414509336e-05
1.112390133569614221e+02 4.558968884354320752e-05
1.113425236051223663e+02 7.457597725174598051e-05
1.114572474635007353e+02 5.383451652407505767e-05
1.115926733715113102e+02 4.547533087594244960e-05
1.117971061116291764e+02 5.239153633327914663e-05
1.119144177262115818e+02 4.896625377942202915e-06
1.120058517787537511e+02 7.729642787475392120e-06
1.120946980750918840e+02 1.862384584137786992e-05
1.123086192546245030e+02 4.999439875413378694e-05
1.124380070648256833e+02 2.449109197424186171e-05
1.126700425377864718e+02 5.677207547058367849e-05
1.129659093304465074e+02 9.163410673408798213e-05
1.130840835304302487e+02 4.400020017437994608e-05
1.132126087552300930e+02 4.303133613664469095e-05
1.133385462238259009e+02 1.359211475198574359e-05
1.134584455946123285e+02 3.707880492943034631e-05
1.136326878456832503e+02 3.409067135832514128e-05
1.137517246310683419e+02 3.987869177904873808e-05
1.139320049799486441e+02 4.753291001758654620e-05
1.140536295215377578e+02 5.658271391274758452e-05
1.142399479682274546e+02 2.419585947248644109e-05
1.143563969974085239e+02 1.470501575045164854e-05
1.144926854908204348e+02 1.863251209131787096e-05
1.145953331535800288e+02 4.060253811122357807e-05
1.147066066703530538e+02 4.031114686213707631e-05
1.148118420893166700e+02 6.020037713942866964e-06
1.149265659476950532e+02 6.834269105878523255e-05
1.150594040995016059e+02 9.603494812958108468e-06
1.151672272746692443e+02 8.212326844962868612e-06
1.152879892308570220e+02 2.476709827231261539e-05
1.153880491374125938e+02 4.325343070558523183e-05
1.155044981665936632e+02 1.858716515039168042e-05
1.156304356351894711e+02 5.676225781153302328e-05
1.157520601767785848e+02 5.203643220221922747e-06
1.159487296482843846e+02 9.677456230179366098e-05
1.160763922876828786e+02 6.868901902303158253e-05
1.162100930248907673e+02 2.684922588054355143e-05
1.163334427372825530e+02 2.931203862960871784e-05
1.164740441577011723e+02 2.768282803495945385e-05
1.165904931868822274e+02 8.624224003560749835e-05
1.167293694364981604e+02 3.620968067646013428e-05
1.169924579839072294e+02 6.048641054624940449e-05
1.171028689152789042e+02 1.436980876865764028e-05
1.172063791634398484e+02 2.317963854803890383e-05
1.173150649240088370e+02 5.514259200260981117e-05
1.175160473225213451e+02 1.388148124977683006e-05
1.176799385487761782e+02 2.422089540824879975e-05
1.178188147983921112e+02 2.545133026007201710e-05
1.179387141691785388e+02 2.756836513950706446e-05
1.180396366611354466e+02 4.356851819328606498e-05
1.181440094946977410e+02 2.870439462503458464e-06
1.182595959384774602e+02 3.046903025045051336e-05
1.184191742377255849e+02 1.441546839026222466e-05
1.186348205880608759e+02 1.240575388049063802e-04
1.187711090814727868e+02 1.698297399975716454e-05
1.189444887471423726e+02 5.073585579482594969e-05
1.190652507033301362e+02 4.297958676858742961e-05
1.191963636843340026e+02 3.163904780338095698e-05
1.192912480784815443e+02 6.401865948242081716e-05
1.194292617426961272e+02 1.590477973846945588e-05
1.195612373091013296e+02 2.161244066865696266e-05
1.197268537061588489e+02 2.697783153724627548e-05
1.198286387835171070e+02 2.467831328707176839e-06
1.199269735192700068e+02 3.400085068847358191e-05
1.200416973776483900e+02 6.585694173451589093e-06
1.202961600710440422e+02 3.803007337199772051e-05
1.204350363206599752e+02 1.044710246476151220e-05
1.205256077878007943e+02 5.861882779059699564e-07
1.206325683775671109e+02 2.939842491445050716e-05
1.207507425775508523e+02 2.635871041355561647e-05
1.209629385862807851e+02 9.354721717295804708e-05
1.210975019088900098e+02 4.416888564616888453e-05
1.212044624986563264e+02 1.982764258787955575e-05
1.213459265044762816e+02 2.642763555068420317e-05
1.215227565117512256e+02 1.042967765883028998e-05
1.216305796869188782e+02 6.047269036058693385e-05
1.217409906182905530e+02 5.067804253351743040e-05
1.218445008664514972e+02 1.981680523643180859e-05
1.219117825277561025e+02 1.085536317933825564e-05
1.220334070693452162e+02 1.568857447361692991e-04
1.221403676591115328e+02 1.839287626155319878e-05
1.223094343977744103e+02 5.541301828064450121e-05
1.224310589393635098e+02 3.881880031445096812e-05
1.225889120678089483e+02 3.740822491313569429e-05
1.227804060269067037e+02 8.155954595342565267e-05
1.229330836429440978e+02 7.782189247475472906e-05
1.230659217947506363e+02 1.541875214172760682e-05
1.231133639918244000e+02 1.692308756054341441e-05
1.232341259480121778e+02 4.234781761722472413e-05
1.233117586341328860e+02 4.113327155474570456e-05
1.234860008852038078e+02 2.342703590949090392e-05
1.236473043552546045e+02 4.926025816175420082e-05
1.237611656282316517e+02 1.992968730435628287e-05
1.238413860705563820e+02 4.511417050826417363e-06
1.239276446106904928e+02 1.090696038701238904e-05
1.240423684690688759e+02 1.307158425745199725e-04
1.241424283756244620e+02 1.442629330018100088e-05
1.242468012091867422e+02 1.019324422901529741e-04
1.243459985303409780e+02 2.019217266243419811e-05
1.244555468763113169e+02 6.758033007658459520e-05
1.246228884441715081e+02 5.747374957943591909e-05
1.247540014251753746e+02 1.185683084263412231e-04
1.248695878689550938e+02 1.182294552983234816e-06
1.249523960674838463e+02 1.116996961177699664e-05
1.251723553448258599e+02 4.924161674996009505e-05
1.253560860353115345e+02 4.796466814185959147e-05
1.254733976498939256e+02 1.856802240455305861e-05
1.256502276571688839e+02 6.469864506300178949e-05
1.257580508323365223e+02 3.873327086827634238e-06
1.258770876177216138e+02 1.934459038660696931e-05
1.260694441622207052e+02 3.876716822448167751e-05
1.261617408001642104e+02 3.742823211592207237e-05
1.263549599300646378e+02 5.133700094408600938e-05
1.266327124292965038e+02 7.961276522050821124e-05
1.267500240438789092e+02 7.805491997247199004e-05
1.268500839504344953e+02 1.706719857512957683e-05
1.269432431737793365e+02 2.612221749249360749e-05
1.270441656657362586e+02 5.211091446070731294e-05
1.272261711854192612e+02 2.955970378686502821e-05
1.273624596788311578e+02 4.631731153689541957e-05
1.274840842204202715e+02 3.950288117767686215e-05
1.275901822247852380e+02 8.638790846099233026e-05
1.277230203765917906e+02 2.740090903328813069e-06
1.278170421853379821e+02 2.081662393424124990e-05
1.279731701429807345e+02 4.464189405218957983e-06
1.280697797079309623e+02 4.242353057227506971e-05
1.281603511750717814e+02 9.108721938358833956e-06
1.282698995210421060e+02 6.635038523878955844e-05
1.284105009414607252e+02 7.586812349296750610e-05
1.285580030450900608e+02 1.220091639582554776e-05
1.286710017326657578e+02 1.143566978889095590e-04
1.287701990538199937e+02 9.016123618731758407e-06
1.288702589603755939e+02 8.031673800113380468e-05
1.289616930129177490e+02 2.563751378474973575e-05
1.290738291150921100e+02 9.572312639711009563e-05
1.292213312187214456e+02 1.306046877198482239e-05
1.293395054187051869e+02 6.426427764673098460e-05
1.294706183997090534e+02 9.255897449693704709e-05
1.296008687953115839e+02 9.437206526543896496e-05
1.297233559223020336e+02 4.700416715588563569e-05
1.299070866127877082e+02 1.087438825663528575e-04
1.300330240813835303e+02 5.618655888148835036e-05
1.301175574507149690e+02 9.966430005587795430e-06
1.302762731645617578e+02 1.341171228343822092e-04
1.304039358039602519e+02 4.918023464754436234e-05
1.305221100039439932e+02 5.541774687251529194e-06
1.306282080083089454e+02 6.310565506490273897e-05
1.308524802126576674e+02 2.571375149773807476e-05
1.310931415396318584e+02 1.973811745805221913e-05
1.312070028126088914e+02 6.581525524371820626e-06
1.313467416476261747e+02 3.020731215307528340e-05
1.314424886271750381e+02 5.869110193300758484e-05
1.317073023453868075e+02 1.064837470948951613e-04
1.318254765453705488e+02 3.296713574922909598e-05
1.319315745497355010e+02 1.083754418450052636e-04
1.320385351395018176e+02 9.933053473337865604e-05
1.321437705584654339e+02 1.164725137666480828e-05
1.322360671964089534e+02 3.759352795776486547e-05
1.323533788109913587e+02 3.126425966326225043e-05
1.324957054022126499e+02 2.191581312916057115e-05
1.326112918459923833e+02 2.378132877542230388e-05
1.327311912167787966e+02 8.245204140737565925e-05
1.329226851758765520e+02 9.609968915498935758e-06
1.330555233276830904e+02 6.838389981688248922e-05
1.332754826050251040e+02 2.024289845550473400e-05
1.334048704152262985e+02 5.066531808797096503e-05
1.336619208648259587e+02 9.075259522122006454e-05
1.338422012137062609e+02 6.713760563998489065e-05
1.339362230224524524e+02 7.065531838795446298e-05
1.340509468808308498e+02 1.984660720551121281e-05
1.341889605450454326e+02 4.646244376973203118e-05
1.342993714764171216e+02 1.303719016915061824e-05
1.344020191391767014e+02 3.581940488064444338e-05
1.346211158311173790e+02 1.040261375672151841e-04
1.347548165683252535e+02 1.057239206077998625e-05
1.348324492544459758e+02 3.528559885294321125e-06
1.349281962339948393e+02 6.410826655237286957e-05
1.350429200923732367e+02 2.407679948204933379e-04
1.351516058529422253e+02 7.759044729791812013e-06
1.353137719083943580e+02 6.129865684130764430e-05
1.354681746952344383e+02 7.129224584504468784e-05
1.355837611390141717e+02 1.522658338407539380e-04
1.356984849973925407e+02 8.390332752763817554e-05
1.358390864178111599e+02 4.966713222310208668e-05
1.359624361302029456e+02 1.898645507213591311e-05
1.360624960367585174e+02 1.827410367412375116e-05
1.362867682411072394e+02 1.113126707801354238e-04
1.364196063929137779e+02 6.321681424531372406e-05
1.365317424950881389e+02 1.432683716023546659e-05
1.366421534264598279e+02 8.723104247552529986e-05
1.369328447067117906e+02 9.650889963429210223e-05
1.370587821753076128e+02 2.950078031682681835e-04
1.371666053504752654e+02 1.590259404344868997e-06
1.372442380365959878e+02 5.367476698078959044e-05
1.373529237971649763e+02 9.573233758071245916e-05
1.374641973139379729e+02 5.908285321069424266e-05
1.376203252715807537e+02 1.107048299227554535e-04
1.377505756671832557e+02 8.433256672590901787e-05
1.379067036248260081e+02 1.238066998948842903e-05
1.380395417766325750e+02 1.072892884791925558e-04
1.382664017371853049e+02 9.633435807145379756e-05
1.384182167678213489e+02 1.154406181974585349e-04
1.386692291196116287e+02 1.563865914977205442e-04
1.388546849809000037e+02 9.504309894576655601e-05
1.390841326976567700e+02 4.508050839953167016e-05
1.393006416333934112e+02 4.342774857204592583e-05
1.393972511983436107e+02 2.265147671331682887e-05
1.394998988611032189e+02 2.011986205872618301e-05
1.396146227194815879e+02 4.099192619688528773e-05
1.397534989690975351e+02 2.377583244874699437e-05
1.399320541471751653e+02 1.281814114384651100e-04
1.400579916157709874e+02 2.025929497166892171e-04
1.402451726478620060e+02 4.701660569258065683e-05
1.403417822128122339e+02 8.100231999300047550e-05
1.404539183149865949e+02 9.194894429991855441e-05
1.405996952478132584e+02 1.384351424966059169e-04
1.407161442769943278e+02 7.331908066350278073e-05
1.408886613572625492e+02 6.540107741875343466e-05
1.410137362404570354e+02 1.444224133168020693e-04
1.412889009834848650e+02 1.078396592175039033e-04
1.414053500126659344e+02 6.070580168373698239e-05
1.415174861148402954e+02 7.288986298677484123e-06
1.416253092900079480e+02 1.076375815426581177e-04
1.419177257410626112e+02 6.640598303509153246e-05
1.420462509658624413e+02 1.495941796022016187e-04
1.422196306315320271e+02 1.678456409384417958e-05
1.423533313687399016e+02 1.580520700986125129e-04
1.424602919585062182e+02 5.124458445235601103e-05
1.426129695745436265e+02 8.658086886454114761e-05
1.427380444577380842e+02 4.642529313418897039e-05
1.428268907540762314e+02 1.811714191217853775e-06
1.429269506606318032e+02 1.172017175169851630e-04
1.430399493482075002e+02 2.798480710470199057e-04
1.432366188197132999e+02 9.754203712216830407e-05
1.433064882372219415e+02 7.263108181240220639e-05
1.434281127788110553e+02 1.312450685891029790e-04
1.436152938109021022e+02 8.122527488661800740e-05
1.437809102079596073e+02 1.119345828832216453e-04
1.439180612867728541e+02 2.722000619842860131e-05
1.440672885612048901e+02 7.099378836518508047e-05
1.442510192516905647e+02 9.830899596161371285e-05
1.443881703305038116e+02 1.342052157525075006e-04
1.446452207801035001e+02 1.814877080008722092e-04
1.448358521537998911e+02 1.571841209278234034e-05
1.449428127435662077e+02 1.769757822906684475e-04
1.450601243581486131e+02 3.132276222891228613e-04
1.452119393887846570e+02 8.652606388822246233e-05
1.453258006617616900e+02 1.575304638025323411e-04
1.454301734953239702e+02 8.849091582589807027e-05
1.456130416004083088e+02 2.057127545179244967e-04
1.457363913128001229e+02 7.836882060763972072e-05
1.458899315142388389e+02 6.003422287351479076e-05
1.460244948368480777e+02 3.401921985914528102e-04
1.462918963112638551e+02 1.051193405957530250e-04
1.464238718776690575e+02 2.009557082458897001e-04
1.466300297885895816e+02 2.975751213721473682e-04
1.469396979476710783e+02 4.036077062907772879e-05
1.470552843914508117e+02 1.213969210619949044e-04
1.472260763009163611e+02 6.116493223094616430e-05
1.473390749884920581e+02 2.208681414880795670e-04
1.476280410979413773e+02 1.784112635907671705e-04
1.478109092030256875e+02 1.498303980381655079e-05
1.479273582322067568e+02 2.352951431727992213e-04
1.480455324321904982e+02 4.947578143709516077e-04
1.482370263912882535e+02 8.864858091390436434e-05
1.483232849314223643e+02 1.484397306002301553e-04
1.484319706919913529e+02 1.774152948365500799e-04
1.486157013824770559e+02 3.195160116686895555e-04
1.487312878262567608e+02 2.165197070702697981e-04
1.488960416379129299e+02 4.614262881136409601e-05
1.490245668627127600e+02 3.019513041031136858e-04
1.492186485780145517e+02 5.393376837812296256e-05
1.493471738028143818e+02 1.308873829394721741e-04
1.494204935619283958e+02 1.179569079482252508e-04
1.496447657662770894e+02 5.525855644124904546e-04
1.498302216275654644e+02 9.185361783168239692e-05
1.499225182655089554e+02 1.412725829064280807e-04
1.500415550508940612e+02 3.731918768091202487e-04
1.502175224727676550e+02 6.160261534966434662e-06
1.503400095997581047e+02 4.640039976558827609e-04
1.506229376113980152e+02 3.176816318335336231e-04
1.507428369821844569e+02 5.119151248958940628e-05
1.509300180142754755e+02 3.024795838780314021e-04
1.510300779208310757e+02 7.159541568562777323e-04
1.512008698302966252e+02 1.178110722975569393e-04
1.514337678886587355e+02 3.421172760952671094e-04
1.516338877017699076e+02 6.141739860917907719e-04
1.519314796652326152e+02 5.111959785278273166e-05
1.520720810856512344e+02 1.928659135524712648e-04
1.523662227075085980e+02 4.338528755638392919e-04
1.526353493527270473e+02 9.591313152856848238e-04
1.528199426286140579e+02 1.180388317979653827e-04
1.529355290723937912e+02 5.440611505185532224e-04
1.530381767351533711e+02 1.440846207199712216e-03
1.532193196694350377e+02 1.264688267579145396e-04
1.533573333336496205e+02 7.433244920343342428e-04
1.536126586124466371e+02 6.724692986606826397e-04
1.537385960810424308e+02 1.811099420208983157e-04
1.540249744342877136e+02 9.899191889186998231e-04
1.542406207846230188e+02 4.076572129370432322e-04
1.544165882064966127e+02 5.832934470168291792e-04
1.546425855816480066e+02 1.852646242167023524e-03
1.549557040823348757e+02 5.606557050933138860e-04
1.550618020866998563e+02 8.024909439843949882e-04
1.551679000910648085e+02 1.451247381999725251e-06
1.553447300983397668e+02 1.563290261447862223e-03
1.556362839639930939e+02 1.127262007675225225e-03
1.560296229070046650e+02 4.695877762489338372e-03
1.562159413536943759e+02 4.436012246145210037e-04
1.564151985814041836e+02 1.929119567310570021e-03
1.566187687361207281e+02 4.509786625748548466e-03
1.568965212353525942e+02 1.526458052948576527e-04
1.570362600703698490e+02 1.091629054181125942e-03
1.572553567623105266e+02 1.281464925008119968e-03
1.574011336951371902e+02 2.449674525485756246e-03
1.576469705345194257e+02 1.657353759360116058e-02
1.578324263958077722e+02 2.411094756588265907e-03
1.580394468921296607e+02 4.011820379715522883e-02
1.583732674424487072e+02 5.113547322417036356e-02
1.586173791110282707e+02 4.919297201027288818e-02
1.588269873635541956e+02 2.088383530342720340e-03
1.590797248861471758e+02 3.396875459815810322e-02
1.593324624087401276e+02 1.368500904189837997e-01
1.595593223692928859e+02 1.107518302867727296e-02
1.597283891079557350e+02 2.475035426558251650e-02
1.599078068714347296e+02 8.411264327550934186e-03
1.600872246349136958e+02 8.272135115297807664e-03
1.602752682524060788e+02 2.389300764535946114e-02
1.604374343078582115e+02 1.081270675011660083e-02
1.606651568538123058e+02 1.378936569912257160e-01
1.609213447180106300e+02 3.318305686509519931e-02
1.611766699968076182e+02 2.020335364255303710e-03
1.613828279077281707e+02 5.137065577303567138e-02
1.616398783573278592e+02 5.229514029984381335e-02
1.619590349558241087e+02 4.104477332410252227e-02
1.621720935499553775e+02 2.108734591350506019e-03
1.623575494112437241e+02 1.710564412217256691e-02
1.626033862506259879e+02 2.256724175495252761e-03
1.627439876710445787e+02 1.153381348568591506e-03
1.629734353878013451e+02 9.671604547492752401e-04
1.631243878330360531e+02 1.723534619215825081e-04
1.633693620870169525e+02 5.051156577427232987e-03
1.635729322417334970e+02 2.150472498152077375e-03
1.636540152694595633e+02 1.284335907179559502e-03
1.637747772256473411e+02 5.514598924852238742e-04
1.639654085993437320e+02 5.271038106361729779e-03
1.643777244211848370e+02 1.412572944258900631e-03
1.646503014080086587e+02 1.942347994420918740e-03
1.649496185422740382e+02 9.751407523859350127e-04
1.650695179130604799e+02 3.894332984453792055e-04
1.651695778196160518e+02 2.713361842631494491e-04
1.653524459247003904e+02 2.438727715635410215e-03
1.655775807144504483e+02 4.710484727587529964e-04
1.657500977947186698e+02 5.163257151724796011e-04
1.659752325844687277e+02 1.336402514127575788e-03
1.662788626457408441e+02 2.023307862729864666e-04
1.663944490895205490e+02 6.517428670932568641e-04
1.665548899741700097e+02 6.247228437416963830e-04
1.666713390033510791e+02 1.227013997198413793e-03
1.667869254471308125e+02 3.047335339909999752e-04
1.669654806252084427e+02 1.908644155995722989e-03
1.670767541419814393e+02 5.796980318997049016e-04
1.671707759507276307e+02 1.558257399121261227e-04
1.673631324952267221e+02 1.576678769487787485e-03
1.676374346528532158e+02 4.989128507034908426e-04
1.677797612440745354e+02 5.448130546150434613e-05
1.679505531535400848e+02 3.501436579378229552e-04
1.680799409637412793e+02 1.207987767861135183e-04
1.683516553651637366e+02 7.962977623362551671e-04
1.685724772279070862e+02 3.238943381638759427e-04
1.687656963578075136e+02 5.119330718854731661e-04
1.689727168541294020e+02 1.618209826840944898e-03
1.690865781271064350e+02 1.781985283220182043e-04
1.691849128628593348e+02 5.199220685266176217e-05
1.692625455489800572e+02 2.015905953756380587e-04
1.693876204321745149e+02 5.775292326256746024e-04
1.695290844379944986e+02 3.367899589638648499e-04
1.696601974189983366e+02 8.254795280471772211e-04
1.697861348875941587e+02 8.373258144183790463e-05
1.699560642116583722e+02 9.011642559724554512e-04
1.700845894364582307e+02 4.780534330107346209e-04
1.703450902276632632e+02 1.186793744021548370e-03
1.706306059955072101e+02 1.603673746395336609e-04
1.707556808787016678e+02 1.371898571847607166e-04
1.709773653268463534e+02 8.292255947172683279e-04
1.710946769414287587e+02 8.608550078834843896e-05
1.712697817779010450e+02 2.951640674663727612e-04
1.713905437340887943e+02 2.675689572844727033e-04
1.715535723749422914e+02 4.705347770995687673e-04
1.716838227705448219e+02 8.050524555756751691e-04
1.719658881967833679e+02 1.620332935919180416e-03
1.720875127383724816e+02 3.059671125307787828e-04
1.723652652376043477e+02 6.705783617223186723e-04
1.725326068054645532e+02 2.111858409358775379e-04
1.726525061762509665e+02 6.912488576416350033e-04
1.727732681324387443e+02 1.523989774304785824e-04
1.729518233105163745e+02 8.310275662219480421e-04
1.730665471688947434e+02 8.023855691718859151e-04
1.733322234725078488e+02 9.209520828375719267e-04
1.734495350870902541e+02 4.697026556818354560e-05
1.735633963600672871e+02 3.530283774047728745e-04
1.737298753425261282e+02 3.315440848257708334e-04
1.739800251089151004e+02 1.428890561551579477e-03
1.740947489672934694e+02 1.378998816540680597e-04
1.742457014125281773e+02 4.610249155348423653e-04
1.743794021497360518e+02 3.896723696661236994e-04
1.745545069862083380e+02 1.107911041737407853e-03
1.746692308445867070e+02 2.139959108266478120e-03
1.749581969540359978e+02 1.803155769230566910e-03
1.750677453000063508e+02 1.625547479090381055e-03
1.753316964328167558e+02 1.921701622612623402e-03
1.754835114634527997e+02 1.302317141276734119e-04
1.756387768356942161e+02 6.906347769461345732e-04
1.757647143042900382e+02 1.432497630488796463e-05
1.759674218736052183e+02 1.790954783109990683e-03
1.760597185115487378e+02 1.753856049134592263e-03
1.763495472063993645e+02 1.211570398278163842e-03
1.765867581917682116e+02 2.184580607251545691e-03
1.766825051713170751e+02 3.469694848451923032e-03
1.769697461099636939e+02 3.875336918923622583e-03
1.770646305041112214e+02 1.042436790456446709e-03
1.772543992924063048e+02 2.021886517328141779e-03
1.773518714427578402e+02 4.662001196363966572e-04
1.776520511624245842e+02 1.542102263842691501e-02
1.780600540572589807e+02 3.833530130633313465e-02
1.783412568980962192e+02 7.730728863711043564e-02
1.786077957871106321e+02 3.551722521888789341e-02
1.790606531228147560e+02 9.496476612811111107e-02
1.793220164994211530e+02 2.129855931195569207e-01
1.796998289052085909e+02 3.754493940057271328e-02
1.799284140365640212e+02 1.674947176181564718e-02
