Frequency Power
2.449243510282436698e-01 4.912934607083088018e-02
4.082072517137394496e-01 2.678327112045930311e-02
5.714901523992352850e-01 2.117478913461126599e-02
7.347730530847309538e-01 5.694904446671190251e-03
8.980559537702268447e-01 6.420559294619053274e-03
1.061338854455722513e+00 4.801065749585358387e-03
1.224621755141218182e+00 4.379352755160949816e-03
1.387904655826714073e+00 2.413702767809930861e-03
1.551187556512209964e+00 2.991315365500368719e-03
1.714470457197705633e+00 1.459186072850494204e-03
1.877753357883201302e+00 1.218129046261454389e-03
2.041036258568697637e+00 6.675532091812816544e-04
2.204319159254193305e+00 1.260548025078931126e-03
2.367602059939688974e+00 4.649187370050741940e-04
2.530884960625184643e+00 1.180366196367428795e-03
2.694167861310680312e+00 9.082378167441044212e-04
2.857450761996176425e+00 2.989044661745776828e-04
3.020733662681672094e+00 5.100184607223652014e-04
3.184016563367167763e+00 6.379790173735698120e-04
3.347299464052663875e+00 1.555872439332721001e-04
3.477925784601060055e+00 4.956804714928084166e-04
3.673865265423655213e+00 6.567197785656997020e-04
3.837148166109150882e+00 4.172726449719458587e-04
4.000431066794646107e+00 3.850282353925131942e-04
4.163713967480141775e+00 1.652896921287722867e-04
4.326996868165637444e+00 4.517103607015885217e-04
4.490279768851134001e+00 1.045414605024900503e-04
4.653562669536629670e+00 1.242508869371805851e-04
4.816845570222125339e+00 2.871129531386790515e-04
4.980128470907621008e+00 1.236552214817647803e-04
5.110754791456018076e+00 1.719063379403883369e-04
5.306694272278612345e+00 4.233161023049123416e-04
5.469977172964108014e+00 4.575365279097876395e-05
5.633260073649604571e+00 3.449943290532524165e-04
5.796542974335100240e+00 1.260105389812136859e-04
5.927169294883496420e+00 5.901147347852050474e-05
6.090452195568992089e+00 1.255476644040610880e-04
6.286391676391587247e+00 2.426709362392752672e-04
6.449674577077082915e+00 1.626821754351536668e-04
6.612957477762578584e+00 1.506305303758433275e-04
6.776240378448074253e+00 8.737220157998713474e-05
6.939523279133569922e+00 1.834957611762835881e-04
7.102806179819066479e+00 6.124259711752966413e-05
7.233432500367462659e+00 3.690220474989065329e-05
7.396715401052958327e+00 1.943900750907896931e-04
7.592654881875553485e+00 6.257087886157083195e-05
7.723281202423950553e+00 8.463863680955655542e-05
7.886564103109446222e+00 1.130012986344378686e-04
8.082503583932041380e+00 1.343983986141510556e-04
8.245786484617537937e+00 7.728017383962321684e-05
8.409069385303032718e+00 2.001989542040967420e-04
8.735635186674024055e+00 6.494601444623684786e-05
8.866261507222422011e+00 6.592476018833684070e-05
9.062200988045017169e+00 6.426181289421550955e-05
9.192827308593413349e+00 2.842769804652811960e-05
9.388766789416008507e+00 1.941597471713797077e-04
9.552049690101503288e+00 3.687242759271435084e-05
9.715332590786999845e+00 4.936133324378713579e-05
1.000924181202089258e+01 1.209701856779935448e-04
1.020518129284348774e+01 7.688834969397256337e-05
1.033580761339188392e+01 3.856986633104538377e-05
1.049909051407737870e+01 1.264355637738740932e-04
1.069502999489997386e+01 1.590181128297847959e-04
1.102159579627096520e+01 9.793640685985961064e-05
1.118487869695646175e+01 8.165923994860481750e-06
1.131550501750485793e+01 3.666204777773068093e-05
1.151144449832745309e+01 5.760231148017922289e-05
1.164207081887584927e+01 1.730606461265064174e-05
1.180535371956134583e+01 5.566443826673265290e-05
1.196863662024684061e+01 8.921559313561387217e-05
1.216457610106943577e+01 1.218259725030776267e-04
1.232785900175493232e+01 5.192792961509320923e-05
1.249114190244042710e+01 2.655972190031478564e-05
1.262176822298882506e+01 3.991891148655884384e-05
1.281770770381141844e+01 4.423698373110945158e-05
1.311161692504531118e+01 1.983214478127400156e-04
1.330755640586790634e+01 8.274603947607918136e-05
1.347083930655340289e+01 2.677647833293845316e-05
1.363412220723889767e+01 4.149872167813787971e-06
1.376474852778729563e+01 3.662862853283235050e-05
1.392803142847279041e+01 9.179809078332354421e-07
1.409131432915828697e+01 3.737475219206465510e-05
1.425459722984378175e+01 1.139551812417310440e-05
1.441788013052927830e+01 1.329807279251312953e-04
1.474444593190026964e+01 7.515413548330018953e-05
1.490772883258576442e+01 1.558998608346304183e-05
1.510366831340835958e+01 7.124187801631943096e-05
1.529960779423095474e+01 3.094041477301972100e-05
1.539757753464225232e+01 2.880767496134114213e-05
1.572414333601324365e+01 3.764640156560843451e-05
1.588742623669874021e+01 1.276828213084925986e-04
1.608336571752133537e+01 8.376847179451430586e-06
1.621399203806973333e+01 1.754266212812186139e-05
1.640993151889232493e+01 7.239220281466277680e-05
1.683446706067461562e+01 6.185284929433864927e-05
1.699774996136011040e+01 5.755300887382707061e-05
1.719368944218270556e+01 1.176031297926884704e-04
1.738962892300530072e+01 4.738427846532038998e-06
1.755291182369079550e+01 3.842295199133961321e-05
1.771619472437629383e+01 2.564340834986701413e-05
1.787947762506178861e+01 5.510089982786751581e-05
1.817338684629568135e+01 1.991475719806068087e-05
1.849995264766667091e+01 9.296152744414232368e-05
1.879386186890056365e+01 6.415315918282552476e-05
1.898980134972315881e+01 1.083733641262534013e-04
1.921839741068285434e+01 3.546016886842596599e-05
1.944699347164254633e+01 1.883963742985192386e-05
1.964293295246514148e+01 1.396365749890172037e-05
1.980621585315063982e+01 5.165796112981349704e-05
1.996949875383613460e+01 2.916105310733985633e-05
2.016543823465872975e+01 9.853570334831701129e-05
2.042669087575552211e+01 6.006915309805479272e-05
2.075325667712651523e+01 1.035593946242574039e-05
2.094919615794911039e+01 2.993438005921495647e-05
2.107982247849750479e+01 2.953442290792794478e-05
2.127576195932009995e+01 3.308301366768180859e-05
2.160232776069109306e+01 1.429796342847480437e-04
2.179826724151368822e+01 6.117725499359848900e-05
2.209217646274758096e+01 9.442039035142216636e-06
2.232077252370727294e+01 2.095143058154761329e-05
2.251671200452986810e+01 6.955942812336120089e-05
2.274530806548956363e+01 1.291780537876045097e-05
2.290859096617505841e+01 7.633751958170314014e-05
2.339843966823154631e+01 2.298187706989621832e-05
2.359437914905414146e+01 1.332814229675300089e-05
2.385563179015093382e+01 1.490608475652605827e-04
2.421485417165902376e+01 5.216928638812810500e-05
2.441079365248161892e+01 2.834509204789262740e-05
2.470470287371551166e+01 3.560946560715653298e-05
2.493329893467520719e+01 9.817002742282252746e-06
2.529252131618329713e+01 9.132564982267925172e-05
2.552111737714299267e+01 4.412354921309397999e-05
2.568440027782848745e+01 4.794161243046930770e-05
2.584768317851398223e+01 1.444920404202193617e-05
2.604362265933657739e+01 7.243294962355287529e-05
2.646815820111886808e+01 5.168908429290856957e-05
2.666409768194146324e+01 4.863447884667841632e-05
2.699066348331245280e+01 3.059217891954510828e-05
2.728457270454634553e+01 1.580228250655442727e-05
2.751316876550604107e+01 1.130493170575103405e-04
2.777442140660283343e+01 7.310726939734661048e-06
2.793770430728832821e+01 7.681362629691593799e-05
2.826427010865932132e+01 3.221574353375297500e-05
2.846020958948191648e+01 4.321897516504267470e-05
2.865614907030451164e+01 4.798587810725406016e-05
2.888474513126420362e+01 5.239900103879243558e-05
2.927662409290939394e+01 1.808976524505348762e-05
2.940725041345779189e+01 2.129635716437702027e-05
2.957053331414328667e+01 7.124544002098704039e-05
2.976647279496588183e+01 3.023119993816563212e-05
3.009303859633687139e+01 7.476799722155836551e-05
3.035429123743366731e+01 5.027758915866645337e-05
3.058288729839335929e+01 1.799199414059910406e-05
3.074617019907885762e+01 1.039221386471846235e-05
3.094210967990144923e+01 8.098675948556223643e-05
3.123601890113534196e+01 2.729502910937803335e-05
3.162789786278053228e+01 4.400313402523502773e-05
3.215040314497412055e+01 3.893293100667163064e-05
3.234634262579671571e+01 1.272983372043846135e-04
3.257493868675641124e+01 2.027976629764493367e-05
3.273822158744190602e+01 8.249171402106211115e-06
3.296681764840160156e+01 3.549409279970219052e-05
3.319541370936128999e+01 3.004114968869452389e-05
3.352197951073228666e+01 5.674436273688632888e-05
3.378323215182907546e+01 4.154147958959664730e-05
3.414245453333716540e+01 4.976356876817198928e-05
3.453433349498235572e+01 4.955745934043764812e-05
3.473027297580495087e+01 1.700418625743899196e-05
3.495886903676464641e+01 9.613670418613520037e-05
3.515480851758724157e+01 1.834901400593536480e-05
3.531809141827273635e+01 1.063752901562196752e-06
3.551403089909533151e+01 9.190783484238725023e-05
3.603653618128891623e+01 5.137537041315225374e-05
3.626513224224861176e+01 3.372460451668956579e-05
3.642841514293410654e+01 3.141836743690722459e-05
3.659169804361960843e+01 5.685994004323343096e-06
3.695092042512769837e+01 1.071963615402754549e-04
3.740811254704708233e+01 3.805431922844638287e-05
3.760405202786967749e+01 3.943795731407823108e-05
3.783264808882937302e+01 4.150182686005167502e-06
3.806124414978906856e+01 3.574003412000870507e-05
3.828984021074876409e+01 6.670399589266924948e-05
3.864906259225685403e+01 3.208908093092650160e-05
3.884500207307944919e+01 2.547984099215278359e-05
3.904094155390204435e+01 4.279009067718642393e-05
3.920422445458753913e+01 6.286341452625699973e-05
3.943282051554723466e+01 4.194965870907050540e-05
3.959610341623272944e+01 5.420076399364719128e-05
3.982469947719241787e+01 1.844913855244013291e-05
4.015126527856341454e+01 2.470316069840540566e-05
4.037986133952311008e+01 8.159726405069454960e-06
4.064111398061989888e+01 9.057887854574861431e-05
4.086971004157959442e+01 7.647362681546273190e-05
4.109830610253928995e+01 5.934288049985691983e-05
4.149018506418448027e+01 1.731745033342826318e-05
4.178409428541836945e+01 2.219764871522985391e-05
4.201269034637806499e+01 9.285104399607526564e-05
4.227394298747486090e+01 2.628121711358148872e-05
4.256785220870875008e+01 5.775752522313224834e-05
4.292707459021684002e+01 4.142734076958067300e-05
4.328629697172492996e+01 5.734644358061627878e-05
4.344957987241042474e+01 2.709967900377337251e-05
4.367817593337012028e+01 1.972601335373382970e-05
4.400474173474110984e+01 1.078097232129929348e-04
4.429865095597500613e+01 2.862843629059552380e-05
4.469052991762019644e+01 5.789828741722385778e-05
4.495178255871699236e+01 1.722139471284160798e-05
4.524569177995088154e+01 1.833124454815269141e-05
4.547428784091057707e+01 8.921487205626940360e-05
4.570288390187027261e+01 4.094191050460264204e-05
4.589882338269286777e+01 2.624657067230870021e-05
4.609476286351545582e+01 7.296605324192197183e-05
4.629070234433805098e+01 3.466121716511663111e-05
4.658461156557194727e+01 4.467234937355278840e-05
4.684586420666874318e+01 4.239618770555603276e-05
4.730305632858812714e+01 3.228994547437591005e-05
4.753165238954782268e+01 1.611016923294320393e-05
4.769493529023331746e+01 1.072129374839923349e-04
4.792353135119301299e+01 3.633192421762365118e-05
4.811947083201560815e+01 6.408723475132972855e-05
4.834806689297530369e+01 3.343912676577862249e-05
4.867463269434629325e+01 7.008171804256832461e-05
4.887057217516888841e+01 1.032030825076855298e-05
4.909916823612858394e+01 4.950691234030127157e-05
4.936042087722537275e+01 3.619653238328379675e-05
4.958901693818506828e+01 6.102650096347432519e-05
4.998089589983025860e+01 7.412411040531920203e-05
5.030746170120124816e+01 5.481541162904634889e-05
5.050340118202384332e+01 3.114570305088009398e-05
5.073199724298353885e+01 2.954479971251810404e-05
5.099324988408033477e+01 4.567525752350838300e-05
5.138512884572552508e+01 1.166916218306567613e-04
5.177700780737071540e+01 4.974568411515716833e-05
5.200560386833040383e+01 7.186880817559945466e-06
5.220154334915299899e+01 2.380634310204475648e-05
5.252810915052399565e+01 6.823151529650897207e-05
5.275670521148368408e+01 1.150177175997866132e-04
5.314858417312887440e+01 3.103880020983973941e-05
5.357311971491116509e+01 2.188057701666001214e-05
5.399765525669345578e+01 1.197407383378048921e-04
5.419359473751605094e+01 5.909107227516697842e-05
5.438953421833864610e+01 3.107718508386728015e-05
5.458547369916124126e+01 3.719285643409531264e-05
5.471610001970963566e+01 2.415470671194201122e-05
5.514063556149192635e+01 2.602926529032050123e-05
5.540188820258871516e+01 9.635146786131934754e-05
5.546720136286291591e+01 8.732939493254934077e-05
5.572845400395971183e+01 4.563949378053415565e-05
5.598970664505650063e+01 3.229598709189179388e-05
5.618564612587909579e+01 2.959834518689507266e-05
5.644689876697589170e+01 2.912779338044493301e-05
5.664283824779848686e+01 4.723735619246541723e-05
5.683877772862108202e+01 7.353545525544420279e-05
5.713268694985497120e+01 9.455237724807443898e-05
5.736128301081466674e+01 4.972477876531306707e-05
5.758987907177436227e+01 9.629990096534774872e-06
5.781847513273405781e+01 2.943438240853665330e-05
5.807972777383084662e+01 8.087708854789523111e-05
5.847160673547603693e+01 9.902669688575692949e-05
5.883082911698412687e+01 2.758511062758943675e-05
5.902676859780672203e+01 1.538487180403353622e-05
5.925536465876641756e+01 5.815075993063292413e-05
5.945130413958901272e+01 1.067322198472537041e-04
5.984318310123420304e+01 7.528786775330127505e-05
6.033303180329069448e+01 3.371594933164153905e-06
6.056162786425038291e+01 1.269750739164511152e-05
6.085553708548427920e+01 7.981353624070711508e-05
6.105147656630687436e+01 1.117009145899655473e-04
6.124741604712946952e+01 1.014931862549864355e-04
6.150866868822625833e+01 4.195513683268362569e-05
6.199851739028274977e+01 3.937011028639124837e-06
6.219445687110534493e+01 3.987165966443099492e-05
6.248836609233923411e+01 9.127233423064522492e-05
6.304352795466991921e+01 1.081918229617069137e-04
6.350072007658931028e+01 3.689676326655547578e-05
6.366400297727480506e+01 1.476624442266117842e-05
6.385994245809740022e+01 7.063151237055225807e-05
6.412119509919418192e+01 4.214375507824690280e-05
6.448041748070227186e+01 8.651270392789191601e-05
6.474167012179907488e+01 2.246493030355741901e-05
6.490495302248456255e+01 5.643645114723358448e-05
6.513354908344426519e+01 9.905942843270564154e-05
6.532948856426685325e+01 1.290207676611388305e-05
6.562339778550074243e+01 7.416146674927370861e-05
6.588465042659754545e+01 9.353700652650731692e-05
6.611324648755723388e+01 2.358196500248966679e-05
6.630918596837983614e+01 6.794450293266233890e-05
6.653778202933952457e+01 8.928604016077558263e-05
6.673372151016211262e+01 1.627322189649270479e-05
6.712560047180730294e+01 7.238883299906845770e-05
6.755013601358959363e+01 3.518020787626951410e-05
6.774607549441219589e+01 3.826779055503675564e-05
6.790935839509768357e+01 1.237271002030320593e-04
6.810529787592028583e+01 4.311040232421017361e-05
6.856248999783967690e+01 1.032394192527660409e-04
6.888905579921066646e+01 3.265690381640676059e-05
6.911765186017035489e+01 1.654463626712425668e-05
6.931359134099295716e+01 5.785437376979363813e-05
6.954218740195264559e+01 5.448193267982181143e-05
6.973812688277524785e+01 7.904674474012834669e-05
7.003203610400913703e+01 1.673824424226030741e-04
7.048922822592852810e+01 5.958098709404504700e-05
7.071782428688821653e+01 3.944461374134442547e-05
7.088110718757371842e+01 1.838492247412727595e-05
7.117501640880760760e+01 7.572368612590821171e-05
7.156689537045279792e+01 1.195648744456353227e-04
7.182814801154958673e+01 3.465845314956387201e-05
7.195877433209798824e+01 6.533722443019166328e-05
7.218737039305767667e+01 5.079319406236076489e-05
7.261190593483996736e+01 1.498995834725057395e-04
7.297112831634805730e+01 9.237559431242157765e-05
7.319972437730774573e+01 4.649715608919895827e-05
7.339566385813034799e+01 4.166581371625902806e-05
7.362425991909003642e+01 4.511046319907826196e-05
7.382019939991263868e+01 3.734954198731951054e-05
7.411410862114652787e+01 1.042945245766754885e-04
7.440801784238041705e+01 9.248670153188618000e-05
7.460395732320301931e+01 1.076339280131589037e-04
7.479989680402560737e+01 8.326330824386105121e-05
7.496317970471110925e+01 3.869732849190752949e-05
7.522443234580789806e+01 2.539422997448020542e-05
7.564896788759018875e+01 1.027857324015090279e-04
7.597553368896117831e+01 4.399537568088490768e-05
7.620412974992088095e+01 1.051890278940796500e-04
7.636741265060636863e+01 1.090895707435188782e-04
7.659600871156605706e+01 4.562505068468683940e-05
7.705320083348544813e+01 1.422169631542001349e-04
7.737976663485643769e+01 2.507969546027729977e-05
7.754304953554193958e+01 1.215510392776375547e-04
7.780430217663872838e+01 8.546541801604777024e-05
7.826149429855811945e+01 1.347324515016467086e-04
7.849009035951780788e+01 1.701892225552083184e-04
7.897993906157429933e+01 7.882046465073980766e-05
7.920853512253400197e+01 7.857005588515498509e-05
7.966572724445337883e+01 1.911597526298074255e-04
7.989432330541308147e+01 6.665709714751452924e-05
8.005760620609856915e+01 7.428936882184263436e-05
8.028620226705827179e+01 1.114380949248442430e-04
8.048214174788085984e+01 4.764633479989206500e-05
8.074339438897766286e+01 2.564771570034801606e-05
8.106996019034865242e+01 2.024129352472120176e-04
8.126589967117124047e+01 8.162914945678782092e-05
8.146183915199384273e+01 1.188085628211368416e-04
8.165777863281643079e+01 1.794945868011375335e-04
8.188637469377613343e+01 8.181488703214704781e-05
8.244153655610681142e+01 5.046803078825981862e-05
8.267013261706649985e+01 5.532676624149580912e-05
8.286607209788910211e+01 1.503741680683192382e-04
8.309466815884879054e+01 1.544652915726946781e-04
8.325795105953429243e+01 2.217631235127760542e-04
8.338857738008269394e+01 1.700816841640746910e-04
8.371514318145368350e+01 1.493092935718765860e-05
8.387842608213917117e+01 1.372030825690599749e-05
8.423764846364726111e+01 1.314697497818670434e-04
8.462952742529245143e+01 1.772861087474542888e-04
8.485812348625215407e+01 2.211274430434192247e-04
8.515203270748604325e+01 9.220545849598648671e-05
8.534797218830863130e+01 1.679148683518147617e-04
8.554391166913123357e+01 1.989573208471252482e-04
8.583782089036512275e+01 2.301310631426890986e-05
8.603376037118772501e+01 1.756732874428880648e-04
8.626235643214741344e+01 1.049550954474382024e-04
8.652360907324420225e+01 9.543259219054978863e-05
8.675220513420390489e+01 2.208891680169958161e-04
8.698080119516359332e+01 3.973822044755941150e-04
8.730736699653458288e+01 7.392625246788701995e-05
8.750330647735718514e+01 3.820615886340538125e-05
8.773190253831687357e+01 6.367020425224316244e-05
8.796049859927657621e+01 2.103708408511218916e-04
8.812378149996206389e+01 2.842102780775442451e-04
8.835237756092176653e+01 3.256280576620361770e-04
8.854831704174435458e+01 1.668962208951477232e-04
8.874425652256695685e+01 1.044672000979156550e-04
8.903816574380084603e+01 1.783292422237704939e-04
8.933207496503473521e+01 1.098450185114600679e-04
8.952801444585732327e+01 2.564742309947695611e-04
8.975661050681702591e+01 2.771630442938158778e-04
8.991989340750251358e+01 3.203433300745057652e-04
9.014848946846221622e+01 2.904684734474277446e-04
9.047505526983320578e+01 3.416940519048154864e-04
9.070365133079289421e+01 1.487170913669793909e-04
9.089959081161549648e+01 2.309247745817201078e-04
9.112818687257518491e+01 2.877406328292272798e-05
9.132412635339778717e+01 2.227455234079978475e-04
9.168334873490587711e+01 6.165476825088703336e-04
9.187928821572846516e+01 6.732140669796746234e-04
9.236913691778495661e+01 2.722064013727141336e-04
9.269570271915594617e+01 5.398539216137661747e-04
9.289164219997854843e+01 4.562342040039514502e-04
9.308758168080113649e+01 8.546161451625873453e-04
9.325086458148663837e+01 4.078474042789737692e-04
9.341414748217212605e+01 3.719082146629505595e-04
9.361008696299472831e+01 3.850637345460799902e-04
9.383868302395441674e+01 9.565909372471734272e-04
9.403462250477701900e+01 1.688514666248675054e-03
9.426321856573670743e+01 1.219192459995251327e-03
9.449181462669639586e+01 1.481734964840202267e-03
9.478572384793029926e+01 2.583126777598309678e-04
9.501431990888998769e+01 2.789249494613251553e-03
9.547151203080937876e+01 1.521573044327551028e-02
9.566745151163196681e+01 1.940492362993352995e-02
9.602667389314005675e+01 2.414289595821246179e-02
9.625526995409975939e+01 2.316922242803762938e-02
9.645120943492234744e+01 1.340407658221231743e-02
9.667980549588205008e+01 7.765872519662243845e-03
9.690840155684173851e+01 3.006383419729831679e-03
9.713699761780142694e+01 4.569399110760444791e-04
9.746356341917243071e+01 9.506373138879410829e-04
9.765950289999501877e+01 1.684315696082888843e-03
9.785544238081762103e+01 1.237971852644298302e-03
9.808403844177730946e+01 1.039354112482444945e-03
9.837794766301119864e+01 8.334082322420435221e-04
9.857388714383380091e+01 2.619969046445544338e-04
9.886779636506769009e+01 8.536768807501193650e-04
9.906373584589027814e+01 1.540854529115703647e-03
9.925967532671288041e+01 1.024875438219523998e-03
9.945561480753546846e+01 7.401582958023838728e-04
9.958624112808386997e+01 3.383870788129223319e-04
9.978218060890645802e+01 5.574405528340267962e-04
9.997812008972906028e+01 2.192029673348448141e-04
1.001087464102774618e+02 3.325199904986861962e-04
1.003046858911000498e+02 6.013131049892897441e-04
1.004679687917855517e+02 3.136447471325000836e-03
1.006639082726081398e+02 4.431953525190051799e-03
1.008598477534307420e+02 2.501890869606439912e-03
1.010231306541162297e+02 1.504616598693141573e-03
1.011864135548017316e+02 1.116681016961084240e-03
1.013823530356243197e+02 5.175085900362133215e-04
1.015129793561727212e+02 1.134396353777728222e-03
1.016762622568582088e+02 3.613580196534453993e-03
1.018722017376808111e+02 1.408789210470118812e-02
1.020681412185033992e+02 2.923893710165204399e-02
1.022640806993260014e+02 3.585148528081902319e-02
1.024600201801485895e+02 5.180034574977703671e-02
1.026559596609711917e+02 6.435750995054188850e-02
1.028518991417937798e+02 6.553335037391770646e-02
1.030478386226163821e+02 5.701624665026992778e-02
1.032437781034389701e+02 4.761433051524077698e-02
1.034723741643986727e+02 3.522105216732933364e-02
1.036683136452212608e+02 2.944664490410478161e-02
1.038642531260438631e+02 1.420306825433817303e-02
1.040601926068664511e+02 4.195614669450762474e-03
1.042234755075519530e+02 3.173762258991609411e-04
1.043541018281003403e+02 6.803597576913228331e-04
1.046480110493342437e+02 2.099730192431944250e-03
1.048439505301568317e+02 3.686243924505094079e-03
1.050398900109794340e+02 3.450021087870878272e-03
1.052358294918020221e+02 1.173971608854820076e-03
1.054644255527617247e+02 9.253214186073770598e-04
1.057583347739956139e+02 4.703878003293675649e-04
1.059542742548182019e+02 2.025873921921066047e-03
1.061828703157779046e+02 1.091249768884544656e-03
1.064441229568746934e+02 8.309045986399740029e-04
1.066400624376972814e+02 6.625004448326365491e-04
1.068360019185198837e+02 9.468105342278834713e-04
1.070645979794795721e+02 1.027099516399728466e-04
1.072605374603021744e+02 2.825846212066088887e-04
1.073911637808505617e+02 1.284031592768661127e-03
1.075871032616731640e+02 2.289507172308115780e-03
1.077830427424957520e+02 9.591269862651728619e-04
1.079463256431812539e+02 7.996884289727118492e-04
1.081422651240038419e+02 1.017414473869502787e-03
1.083055480246893438e+02 1.562372387305535160e-04
1.085341440856490323e+02 4.401719710395706354e-04
1.087300835664716345e+02 1.104155821613104702e-03
1.088933664671571222e+02 4.688424007614905840e-04
1.090566493678426241e+02 1.009355951515325924e-03
1.092199322685281260e+02 1.934450904486968281e-03
1.094158717493507140e+02 3.680150953888444883e-03
1.096118112301733163e+02 7.278991650551511379e-03
1.098404072911330047e+02 5.621367996127856793e-03
1.100363467719555928e+02 8.532238866056945925e-03
1.102322862527781950e+02 7.934631918268562900e-03
1.103955691534636969e+02 9.993288216738983876e-03
1.105588520541491846e+02 1.258137086127217655e-02
1.107547915349717869e+02 1.503563038805737564e-02
1.109833875959314753e+02 1.613900501765540979e-02
1.111793270767540633e+02 8.721695547281714533e-03
1.113752665575766656e+02 1.040284315192581410e-02
1.115385494582621675e+02 7.540733584125129327e-03
1.117344889390847555e+02 7.547130031577687498e-03
1.119304284199073436e+02 9.137934055266484432e-03
1.121263679007299459e+02 7.315210968036591800e-03
1.123549639616896343e+02 4.130483919938145523e-03
1.125509034425122366e+02 4.354302749618760727e-04
1.127141863431977242e+02 6.172128507206249256e-04
1.130080955644316276e+02 1.037327345175927769e-03
1.132040350452542157e+02 1.887462259083150240e-03
1.133673179459397176e+02 3.000976773543491665e-03
1.135959140068994060e+02 5.039056669381422777e-03
1.138245100678591086e+02 1.512795495244609583e-03
1.139551363884074959e+02 1.604085852027666622e-03
1.141510758692300982e+02 2.149469148343690836e-03
1.143796719301897866e+02 1.006382182647593861e-02
1.145756114110123889e+02 1.608645668276540222e-02
1.147715508918349769e+02 2.468065159015391322e-02
1.150001469527946654e+02 3.602979784557134441e-02
1.154573390747140564e+02 3.506171525392094007e-02
1.156859351356737591e+02 2.209132417219420580e-02
1.159145311966334475e+02 1.355400814124046657e-02
1.161104706774560356e+02 5.398261243078806768e-03
1.163064101582786378e+02 8.994023070960449834e-04
1.164696930589641397e+02 1.557438604544267476e-03
1.168615720206093300e+02 5.301565431161599749e-03
1.170901680815690185e+02 1.721505412512834999e-03
1.176126733637626103e+02 1.227494628600090364e-03
1.177432996843109976e+02 1.215956117569890697e-03
1.179065825849964995e+02 1.358046212571447113e-03
1.181678352260932883e+02 3.228560865074780583e-03
1.182658049665045894e+02 3.094345414657490717e-03
1.185597141877384786e+02 1.347140965683436137e-03
1.187556536685610808e+02 5.082855270968777989e-05
1.192128457904804577e+02 1.025594750246267180e-02
1.196047247521256480e+02 2.706329993087067121e-02
1.200619168740450391e+02 3.118911956777051242e-02
1.207150484767870182e+02 1.630634026016979793e-02
1.211395840185693089e+02 2.775229522474953209e-03
1.216620893007629007e+02 2.948252562936258970e-03
1.221845945829564926e+02 1.761360810656007175e-03
1.226744432850129698e+02 1.922479065562645965e-03
1.231316354069323609e+02 3.426884654094606870e-03
1.234255446281662500e+02 1.067039351824316520e-03
1.235888275288517519e+02 1.046811527097515513e-03
1.241766459713195303e+02 4.895264687837678173e-03
1.246011815131018210e+02 1.704240287880603999e-02
1.251236867952954128e+02 3.156793386449745914e-02
1.254175960165293020e+02 2.836282050428893739e-02
1.256461920774889904e+02 1.982238583871717350e-02
1.261686973596825823e+02 9.603171074361796858e-03
1.266258894816019733e+02 1.815915687350986110e-04
1.269197987028358625e+02 1.335210108619060447e-03
1.271810513439326513e+02 7.051978033664009276e-04
1.274096474048923540e+02 2.299392207207004955e-03
1.276709000459891428e+02 2.835300093826678865e-03
1.280954355877714193e+02 6.865539197005640897e-04
1.283893448090053369e+02 1.316051725384885561e-03
1.288465369309247137e+02 2.580146811822572883e-03
1.292057593124328037e+02 1.128758431341718958e-03
1.299568606555860981e+02 7.525238897922999042e-03
1.303487396172312742e+02 2.029933019326217447e-02
1.309039014795619664e+02 2.108045638460730523e-02
1.314917199220297448e+02 1.820703916511027046e-02
1.320142252042233224e+02 7.596072974043604174e-03
1.330265791884733915e+02 8.829602517250211609e-04
1.335490844706669975e+02 2.220027907042506059e-03
1.341042463329976897e+02 7.753653694324631101e-04
1.346267516151912673e+02 2.768294404821164140e-04
1.349533174165622427e+02 6.494346885313858264e-04
1.351819134775219595e+02 4.033030880615977114e-04
1.355411358590300495e+02 5.990770220907167855e-04
1.361616108816349140e+02 9.472333138446930884e-04
1.364881766830059178e+02 1.963097131689514184e-04
1.369127122247882085e+02 3.093964833203026476e-04
1.376311569878043883e+02 1.115432023391978861e-03
1.379903793693124783e+02 1.416264827704993335e-04
1.381863188501350805e+02 4.471383522503904372e-05
1.385128846515060559e+02 1.550316478035197298e-04
1.390353899336996619e+02 1.170900040751762317e-03
1.402763399789094194e+02 9.034329327616869194e-04
1.405702492001433086e+02 1.543540703470093305e-03
1.411254110624740008e+02 8.537368995540342207e-05
1.420071387261756684e+02 2.616513073176584582e-03
1.425949571686434467e+02 1.130819472992375982e-04
1.436726243131677165e+02 3.119076031217221656e-02
1.438685637939903188e+02 3.843344616088863186e-02
1.440971598549500072e+02 3.837548631550638523e-02
1.442930993357726095e+02 3.150201153404266069e-02
1.458932717624904853e+02 1.472011822798645038e-03
1.462851507241356614e+02 1.851220075916307738e-03
1.468729691666034398e+02 4.048860299773796001e-05
1.471342218077002428e+02 1.561008092314644712e-04
1.474281310289341320e+02 5.323244721099084937e-04
1.476567270898938204e+02 7.417168333425477574e-04
1.479506363111277096e+02 2.371503532913781312e-04
1.483751718529100003e+02 2.824183656237141444e-05
1.489303337152406925e+02 5.069269807717492879e-04
1.494854955775713847e+02 1.444686184926955894e-04
1.497467482186681593e+02 1.622614790219678002e-05
1.499426876994907616e+02 4.193426793382482436e-06
1.503345666611359661e+02 2.903756467561901047e-04
1.506611324625069415e+02 1.057584605581021259e-04
1.509550416837408306e+02 7.176041709595678956e-05
1.513142640652489206e+02 1.938729825268805236e-05
1.515428601262086374e+02 7.705839657167582748e-05
1.517387996070312113e+02 1.685360362013947741e-04
1.520653654084022151e+02 1.309340181407385624e-04
1.523592746296361042e+02 4.186772764329424847e-05
1.526531838508699934e+02 2.618038578772016975e-05
1.529797496522409972e+02 1.005298601765056794e-04
1.533389720337490871e+02 1.207717226347379097e-04
1.535349115145716894e+02 7.612727941966188549e-05
1.539594470563539517e+02 4.654329945530049322e-05
1.541227299570394678e+02 3.188871528138717705e-05
1.543513260179991562e+02 7.127985352258651758e-05
1.547432049796443323e+02 7.086895234843963785e-05
1.550371142008782499e+02 3.864765510251699007e-05
1.553963365823863398e+02 5.745090290378467777e-05
1.555922760632089137e+02 6.869932768685331324e-06
1.557882155440315159e+02 3.040291214675155425e-05
1.559514984447170036e+02 6.529956785243748885e-05
1.561474379255396059e+02 7.827133947040048982e-05
1.564413471467734951e+02 5.609074433689971982e-05
1.567352563680073843e+02 3.859232205584809414e-05
1.571597919097896749e+02 7.196045244776828758e-06
1.574210445508864780e+02 6.935044243273151532e-05
1.576496406118461664e+02 3.221105059603206417e-05
1.580088629933542563e+02 8.377750697668687630e-05
1.582048024741768586e+02 1.732480798248596998e-05
1.583680853748623463e+02 2.280661800893618612e-05
1.585640248556849485e+02 3.409904030140670239e-05
1.587599643365075508e+02 3.334933336152303307e-05
1.590538735577414400e+02 2.326629792294670267e-05
1.594457525193866161e+02 6.770815782468295196e-05
1.598376314810318206e+02 3.261188984633481779e-05
1.600335709618543945e+02 5.348096203144187769e-05
1.602295104426769967e+02 1.198201749357316395e-05
1.605560762440480005e+02 6.407635785145075703e-05
1.608173288851447751e+02 5.949080122142774718e-05
1.611765512666528650e+02 3.719082679254577843e-05
1.614378039077496680e+02 1.478609190636080962e-05
1.616337433885722703e+02 3.005339219631723011e-06
1.620582789303545610e+02 9.427513797009985078e-05
1.622868749913142494e+02 1.972830978875167991e-05
1.624501578919997371e+02 1.845328600256440922e-05
1.626460973728223394e+02 5.644264465509152837e-05
1.628420368536449416e+02 9.618145751523734786e-06
1.630053197543304293e+02 7.396972275752531157e-06
1.631686026550159170e+02 1.275489530572383186e-05
1.634625118762498062e+02 6.966563080642470510e-05
1.638870474180320969e+02 1.821260453401076288e-05
1.640503303187176130e+02 2.601902195080876446e-05
1.642462697995401868e+02 2.792096409063361026e-05
1.644422092803627891e+02 1.579949052555194565e-05
1.646708053413224775e+02 4.042004827994529089e-05
1.648994014022821943e+02 6.421476637635544860e-05
1.652259672036531697e+02 4.594302712660816704e-05
1.654219066844757720e+02 2.483525024343314816e-05
1.656831593255725750e+02 2.832435019383202382e-05
1.661403514474919518e+02 4.564784619074536135e-05
1.665322304091371279e+02 4.694481073969816433e-05
1.666955133098226440e+02 4.690138683911897573e-05
1.668587962105081317e+02 1.389317291781968663e-05
1.670547356913307340e+02 4.512764825874872044e-05
1.672833317522904224e+02 8.519541306575519117e-06
1.675119278132501108e+02 4.148273178762663699e-05
1.680017765153066023e+02 7.045785612962493635e-05
1.683283423166776060e+02 2.145489211414749995e-05
1.685242817975001799e+02 1.666225020627717598e-05
1.687855344385969829e+02 2.974068459584083927e-06
1.691121002399679867e+02 5.353647029869360843e-05
1.693080397207905605e+02 7.463936482355037214e-05
1.694713226214760766e+02 2.169337265560054479e-05
1.696999186824357650e+02 3.862701127606565384e-05
1.701244542242180557e+02 4.486236241782518675e-06
1.702877371249035434e+02 3.771370067725355347e-06
1.705816463461374326e+02 8.253309526530882927e-05
1.707449292468229203e+02 3.699555754339656997e-05
1.709408687276455225e+02 1.882075819866670350e-06
1.711368082084681248e+02 7.454630723196012908e-05
1.714960305899762147e+02 1.599293142132487585e-06
1.717246266509359032e+02 3.067555453713029272e-05
1.719532227118955916e+02 5.433094501810561549e-05
1.720511924523069069e+02 4.649328227863567739e-05
1.722797885132665954e+02 1.355833470556259533e-05
1.725410411543633700e+02 3.860093486485472852e-05
1.727696372153230868e+02 1.496724048558217319e-05
1.729982332762827753e+02 1.096938122854737688e-05
1.731941727571053775e+02 5.717340416290173023e-05
1.733901122379279514e+02 4.163050505647598372e-05
1.737166780392989551e+02 8.692821082544491631e-05
1.739452741002586436e+02 4.152279331845370775e-05
1.743371530619038481e+02 2.397494146251802295e-05
1.746310622831377373e+02 3.943865972363582567e-05
1.748270017639603111e+02 1.343227790196588046e-05
1.750555978249200280e+02 7.592118702328057712e-05
1.754148202064281179e+02 8.416909020920665461e-06
1.755781031071136056e+02 5.329427689031911251e-06
1.758066991680732940e+02 5.426769870604798934e-05
1.760026386488958963e+02 5.326143043858514239e-05
1.761985781297184985e+02 1.486087499697763423e-05
1.765251439310894739e+02 8.131748650995400765e-05
1.771456189536943668e+02 2.840157145642916524e-05
1.774068715947911699e+02 4.647945180730716342e-05
1.776354676557508583e+02 5.708017164173726361e-05
1.777987505564363460e+02 7.553316598235193719e-05
1.781253163578073497e+02 5.461495973627052049e-05
1.785825084797267266e+02 3.151938907379020190e-05
1.787784479605493289e+02 4.463599601785917464e-05
1.791376703420574188e+02 6.504423523402940843e-05
1.795948624639767957e+02 1.115252199912767148e-04
1.798887716852106848e+02 1.230781627836119274e-05
1.800520545858962009e+02 1.417356441549062383e-05
1.802479940667187748e+02 6.362623431002836045e-05
1.806072164482268647e+02 6.037739677369843866e-05
1.807378427687752662e+02 5.122066912230069277e-05
1.810317519900091554e+02 7.369443074952288614e-05
1.814889441119285607e+02 4.495433388264601500e-05
1.817175401728882491e+02 8.950008699504957178e-05
1.819134796537108514e+02 4.041045316824091647e-05
1.821747322948076260e+02 9.050088123943133937e-05
1.824686415160415152e+02 8.032179722591629675e-05
1.826645809968641174e+02 2.325851501958478278e-05
1.828605204776867197e+02 1.135461265384298267e-04
1.830891165386464081e+02 8.183111589366204080e-05
1.833177125996060965e+02 6.489756485931996147e-05
1.835463086605658134e+02 6.140567277490747923e-05
1.837422481413883872e+02 6.438231405627277632e-05
1.840035007824851903e+02 3.075271487830050389e-05
1.842647534235819933e+02 1.498667479651945192e-04
1.844933494845416817e+02 1.440906879643613528e-04
1.846892889653642840e+02 5.807775440428411182e-05
1.848525718660497716e+02 1.543091780050368742e-05
1.851791376674207470e+02 1.418451388098168392e-04
1.854403903085175500e+02 6.890883835882723651e-05
1.856363297893401523e+02 1.708274385083394177e-04
1.858975824304369269e+02 9.274696739729163691e-05
1.860935219112595291e+02 2.855805707979581208e-05
1.862894613920821314e+02 6.810286313751829290e-05
1.865833706133160206e+02 3.303820228505274553e-04
1.870405627352353974e+02 1.548376010862442364e-04
1.872691587961951143e+02 4.418011396432459080e-05
1.874324416968806020e+02 8.387720887563936991e-05
1.876610377578402904e+02 2.085656381061475040e-04
1.880202601393483803e+02 3.204408367191574083e-04
1.881508864598967818e+02 3.229089356918623762e-04
1.883794825208564703e+02 6.842112395309888468e-05
1.885754220016790725e+02 1.189404325466501323e-04
1.888040180626387610e+02 3.330306373974660809e-04
1.891632404441468509e+02 5.034609542707346513e-04
1.895551194057920554e+02 1.666069986519657796e-04
1.897510588866146293e+02 2.010266715493822475e-04
1.899796549475743461e+02 6.707516275596673476e-04
1.902082510085340346e+02 1.399803804069801004e-03
1.903715339092195222e+02 1.337827289572794762e-03
1.909266957715502144e+02 1.411650868182966190e-04
1.920696760763486850e+02 2.434743051817184548e-02
1.923635852975825742e+02 2.052889475185151399e-02
1.935392221825181309e+02 1.431745535472917202e-03
1.938004748236149339e+02 1.760728024064265153e-03
1.939637577243004216e+02 1.012879370591432274e-03
1.941923537852601385e+02 2.943481230542679418e-04
1.944209498462198269e+02 8.317785311192589016e-05
1.947148590674537161e+02 4.946413145483539260e-04
1.949107985482763183e+02 6.864677586148142628e-04
1.951720511893730929e+02 2.950603845529319079e-04
1.953679906701956952e+02 3.875967643973643960e-04
1.955639301510182975e+02 1.704842543208062657e-04
1.957598696318408713e+02 2.696731523727569405e-04
1.960864354332118751e+02 3.203237846360326496e-04
1.963150314941715635e+02 3.136778490123681663e-04
1.965109709749941658e+02 8.620476658352420123e-05
1.967069104558167680e+02 1.531299090039424339e-04
1.969028499366393419e+02 3.067941320274132438e-04
1.971641025777361449e+02 1.880597067511169634e-04
1.973600420585587472e+02 2.262282059290533537e-04
1.974906683791071487e+02 2.137266957778849528e-04
1.976866078599297225e+02 1.725753115778584374e-04
1.978498907606152386e+02 1.029617158535603948e-04
1.980784868215749270e+02 4.464086933909264623e-04
1.983070828825346155e+02 2.827117850375117196e-04
1.985030223633572177e+02 2.401857343490954131e-04
1.986989618441798200e+02 7.154242223853330893e-05
1.988949013250023938e+02 1.687245645146559741e-05
1.990908408058249961e+02 8.400604451470836131e-05
1.992541237065104838e+02 2.712107953991248471e-04
1.994827197674702006e+02 9.429117244659021438e-04
1.996786592482927745e+02 3.337730134300601146e-04
1.998419421489782906e+02 3.017926778137193229e-04
2.000378816298008644e+02 4.519117005626404140e-05
2.003971040113089543e+02 1.120330016449677207e-04
2.006257000722686712e+02 3.376229946051650336e-04
2.008542961332283596e+02 7.606524645547566498e-04
2.010502356140509335e+02 3.576088236547598294e-04
2.012461750948735357e+02 6.675351912778701956e-04
2.014421145756961380e+02 3.605621898132017585e-04
2.017686803770671418e+02 4.854503275054477922e-04
2.019646198578897156e+02 4.068793268410955482e-04
2.022258724989865186e+02 6.179995393054100528e-04
2.024544685599462071e+02 6.317540908790858284e-04
2.026177514606316947e+02 8.430374830190245569e-04
2.028463475215914116e+02 4.820660385937830788e-04
2.029769738421397847e+02 5.733790525224427212e-04
2.031729133229623869e+02 1.409915797552883411e-03
2.033361962236478746e+02 1.795853310059284053e-03
2.035321357044704769e+02 2.429237132233068568e-03
2.037280751852930791e+02 1.729209138750933917e-03
2.039240146661156814e+02 1.510451205539013221e-03
2.042179238873495706e+02 7.873700421950138861e-04
2.043812067880350583e+02 1.537762477061785935e-03
2.045444896887205459e+02 5.608699577602431138e-03
2.047404291695431482e+02 1.277534939490066260e-02
2.049363686503657505e+02 2.608740751470285321e-02
2.051323081311883527e+02 4.049217627487826376e-02
2.053282476120109266e+02 5.266600707487366362e-02
2.055241870928335288e+02 5.607735944291953462e-02
2.057201265736561311e+02 6.083727051810582792e-02
2.059160660544787333e+02 5.788944231515631700e-02
2.061120055353013072e+02 5.039814082558854991e-02
2.063079450161239095e+02 3.825282286789913333e-02
2.065038844969465117e+02 2.378071689729133534e-02
2.066998239777691140e+02 1.439655611415559776e-02
2.068957634585916878e+02 5.897554860878707894e-03
2.072223292599626916e+02 1.125373798145563788e-03
2.073856121606481793e+02 9.238698621446323920e-04
2.075488950613336669e+02 1.249571650438095630e-03
2.077121779620191830e+02 2.779664525554832125e-03
2.079081174428417569e+02 2.491489469670310399e-03
2.081040569236643591e+02 2.820302923712217618e-03
2.083326529846240476e+02 1.282541300374370448e-03
2.086265622058579652e+02 7.803521160113922233e-04
2.088225016866805390e+02 9.004365718087968280e-04
2.089857845873660551e+02 8.830410941506241368e-04
2.091490674880515428e+02 7.456392029825210715e-04
2.093450069688741451e+02 6.459180640221765489e-04
2.095082898695596327e+02 9.946491749911231649e-04
2.098348556709306081e+02 6.791903896557772427e-04
2.099981385716161242e+02 3.242728672100893988e-04
2.101940780524386980e+02 5.307677791498875350e-04
2.103900175332613003e+02 9.504542518860209293e-04
2.105859570140839025e+02 5.203169844351275422e-04
2.107818964949065048e+02 3.841447515154094734e-04
2.109451793955919925e+02 9.420414744253961738e-05
2.111084622962774802e+02 4.864363533722337125e-05
2.113697149373742832e+02 3.392581592739931881e-04
2.115983109983339716e+02 6.775221454858982402e-04
2.117942504791565739e+02 1.285288358303032308e-03
2.119901899599791761e+02 5.671350440260942635e-04
2.121534728606646638e+02 2.974369951600360179e-04
2.123494123414872661e+02 4.283858512988767683e-05
2.126433215627211553e+02 8.598864828526179421e-05
2.128066044634066429e+02 1.120345748783215060e-04
2.130025439442292452e+02 2.517059118711092915e-04
2.131984834250518475e+02 5.611777292277958214e-04
2.133944229058744213e+02 5.865664229089232211e-04
2.135903623866970236e+02 6.532624276855519526e-04
2.137536452873825112e+02 3.675419200005906667e-04
2.139495847682051135e+02 4.559820757478654039e-04
2.142108374093019165e+02 2.770732416563018163e-04
2.144067768901244904e+02 2.564557221023317022e-04
2.145700597908100065e+02 2.018774453922078888e-04
2.147659992716325803e+02 2.296718244919855666e-04
2.149945953325922972e+02 2.901515965418282445e-04
2.151905348134148710e+02 2.396408017515724701e-04
2.154517874545116740e+02 8.242856086639786068e-04
2.156803835154713624e+02 3.751473468741518434e-04
2.158436664161568785e+02 3.209149026182993281e-04
2.160069493168423662e+02 2.749086042520039875e-04
2.162028887976649685e+02 6.551638806169383673e-04
2.163661716983504562e+02 6.224469937188198193e-04
2.165621111791730584e+02 3.428765423498457941e-04
2.168233638202698330e+02 4.643271030822869569e-04
2.170846164613666360e+02 5.147496617769422200e-05
2.172805559421892383e+02 1.548736878745393176e-04
2.174438388428747260e+02 5.591948220062982608e-04
2.176397783236973282e+02 6.448182166290423057e-04
2.178357178045199021e+02 3.689317319379478819e-04
2.180316572853425043e+02 7.188215628636649866e-04
2.182929099264393074e+02 1.122651273761559113e-03
2.186194757278102827e+02 1.034911184166692000e-03
2.188154152086328850e+02 1.004331474906656552e-03
2.190113546894554872e+02 4.381617573559322084e-04
2.191746375901409749e+02 2.414637823103358918e-05
2.193052639106893764e+02 1.941192219911311211e-05
2.195665165517861794e+02 2.894188100697396397e-04
2.198930823531571548e+02 1.618175492083341648e-03
2.200890218339797570e+02 3.529378485335686252e-03
2.202849613148023593e+02 5.011203750355714727e-03
2.204809007956249332e+02 5.953363835246356164e-03
2.206115271161733347e+02 5.972173202793525787e-03
2.208727797572701377e+02 7.555575617275417551e-03
2.210034060778185392e+02 7.993775921678606539e-03
2.212320021387782276e+02 1.158419356958306778e-02
2.214279416196008299e+02 1.287279873492851168e-02
2.216238811004234037e+02 1.109079824328967033e-02
2.218198205812460060e+02 9.345340138851476047e-03
2.219504469017944075e+02 9.022622230641470439e-03
2.221790429627540959e+02 8.045304976200514172e-03
2.223749824435766982e+02 6.435930520176794296e-03
2.225709219243993005e+02 6.693506378649908412e-03
2.227995179853589889e+02 5.035963854700130186e-03
2.229628008860444766e+02 2.180622497728677833e-03
2.231260837867299642e+02 1.311515148778586749e-03
2.232893666874154803e+02 9.244201185193203505e-04
2.235179627483751688e+02 6.477552317451730404e-04
2.237139022291977710e+02 1.329720682849357843e-04
2.238771851298832587e+02 3.648070649752180555e-04
2.240731246107058610e+02 3.924156083887690672e-04
2.242690640915284348e+02 3.456159092350876284e-04
2.243996904120768363e+02 7.296590067063385161e-04
2.245956298928994386e+02 8.775167227988400461e-04
2.247915693737220408e+02 1.852961380973654074e-03
2.250201654346817293e+02 6.915825495480378742e-04
2.252161049155043315e+02 7.223425705686238726e-04
2.254120443963269054e+02 4.636770317786442362e-04
2.255753272970124215e+02 1.231930323706322819e-04
2.257386101976979091e+02 6.012365474852600367e-04
2.259345496785205114e+02 2.911662289163256573e-04
2.262611154798914868e+02 8.198898516989691328e-04
2.264897115408512036e+02 3.820649059399922878e-04
2.266529944415366913e+02 3.300753457293745317e-04
2.268489339223592935e+02 1.491191964915391242e-04
2.270122168230447812e+02 6.442460053915192737e-04
2.272081563038673835e+02 1.493101893495718318e-03
2.274040957846899573e+02 1.310034093482925896e-03
2.276000352655125596e+02 1.372052601302401007e-03
2.278286313264722480e+02 1.658912491169126872e-04
2.279919142271577641e+02 3.990164534797027663e-05
2.284817629292142271e+02 2.895948953809901905e-03
2.286777024100368294e+02 1.764313999971824087e-03
2.288736418908594317e+02 1.904751938424811700e-03
2.292328642723675216e+02 4.078832443710119220e-04
2.294288037531901239e+02 3.266671634447962120e-03
2.298859958751095007e+02 2.266387163168743016e-02
2.302452182566175907e+02 3.290871187363150069e-02
2.303758445771659922e+02 3.298976468394132500e-02
2.306044406381256806e+02 2.848531500639128050e-02
2.313881985614160612e+02 3.144984992600526486e-03
2.317474209429241512e+02 6.352409784048129206e-04
2.319433604237467534e+02 1.086926560198778202e-03
2.321066433244322411e+02 1.588781951928246779e-03
2.323352393853919295e+02 2.373672615594183983e-03
2.327597749271742202e+02 2.962057772580623427e-04
2.330210275682710233e+02 4.352974121662547564e-04
2.331843104689565109e+02 4.045271704338744903e-04
2.334129065299161994e+02 7.069601978037659551e-04
2.336415025908759162e+02 7.416639366215549900e-04
2.337721289114242893e+02 7.862159432679487149e-04
2.341640078730694938e+02 1.674760166761408628e-04
2.343599473538920961e+02 5.237933432157565331e-04
2.345232302545775838e+02 2.969545646910933001e-04
2.347518263155372722e+02 2.149832577515938025e-04
2.351110486970453621e+02 8.365292283075652629e-04
2.354376144984163659e+02 3.752838759145523339e-04
2.357968368799244558e+02 5.651973656456624326e-04
2.360254329408841443e+02 2.357983996017630913e-04
2.361887158415696319e+02 4.013556327391454569e-05
2.364826250628035211e+02 9.118888568053865355e-04
2.367438777039003241e+02 8.656285088526038387e-04
2.371357566655455287e+02 7.000568656303592834e-04
2.374296658867794179e+02 1.486413588782842157e-04
2.379848277491100816e+02 2.419962602932541895e-03
2.384420198710294869e+02 1.126202594211896677e-03
2.395196870155537567e+02 2.072609700540289229e-02
2.398789093970618467e+02 2.984289074956528870e-02
2.400748488778844489e+02 3.152455046187699339e-02
2.409892331217232027e+02 4.485631651645862611e-03
2.419036173655619848e+02 1.904356351453884068e-03
2.423281529073442755e+02 7.685911558148908300e-04
2.428506581895378531e+02 4.204802817130559177e-04
2.432751937313201438e+02 7.814846029755257795e-04
2.436997292731024345e+02 4.124167797650269383e-04
2.442222345552960405e+02 4.141865942632171212e-04
2.447447398374896181e+02 4.584072464487399731e-04
2.451692753792719088e+02 4.018998749475528810e-04
2.456264675011912857e+02 6.911414558247218690e-04
2.461163162032477771e+02 1.365331321550735755e-04
2.464428820046187809e+02 1.612978460853672924e-04
2.467041346457155555e+02 6.784948424056265644e-04
2.469653872868123585e+02 9.701837120067032753e-04
2.473899228285946492e+02 1.165173567374214999e-04
2.475532057292801369e+02 4.857137166657628566e-05
2.478144583703769399e+02 3.754909773482764993e-04
2.482063373320221160e+02 1.748273255757366081e-03
2.484022768128447183e+02 1.699458197882172499e-03
2.488921255149012097e+02 1.077138915376975390e-04
2.498391663388770780e+02 1.687791838391486735e-02
2.504922979416190572e+02 2.947570415532554250e-02
2.524843493299821091e+02 1.405542316940991973e-03
2.528109151313531129e+02 1.724600418049934691e-03
2.532027940929982890e+02 2.970185938900863276e-04
2.535946730546434935e+02 4.490853610910649270e-04
2.539865520162886696e+02 6.209577929309201402e-04
2.542804612375225588e+02 7.140146520840665511e-04
2.545743704587564764e+02 2.020805074492213859e-04
2.549989060005387387e+02 3.976873471072143659e-04
2.553581283820468570e+02 5.900214117769493789e-04
2.558479770841033201e+02 4.823179415833507956e-04
2.562071994656114384e+02 2.145304957454277013e-05
2.564357955265710984e+02 3.031125571203216853e-04
2.568603310683533891e+02 4.959058130072707075e-04
2.572848666101356798e+02 1.022048498875657591e-03
2.575787758313695690e+02 1.897706898898276866e-04
2.579053416327406012e+02 8.829354355325198550e-05
2.581992508539744904e+02 6.749848659211426789e-05
2.584278469149341504e+02 3.042165472885741085e-04
2.587544127163051826e+02 1.268495612437792880e-03
2.589503521971277564e+02 9.341220634748202472e-04
2.592116048382245594e+02 6.193994896115153628e-04
2.594402008991842195e+02 6.940366771127276296e-04
2.598973930211036532e+02 4.788710332743197854e-04
2.611056864861762961e+02 1.159690394414042078e-02
2.613995957074101852e+02 1.819344614918559991e-02
2.619221009896037913e+02 2.009131497630713137e-02
2.625425760122086558e+02 1.304601572184052247e-02
2.630324247142651188e+02 4.584680389882198406e-03
2.640447786985152447e+02 8.140774309848020649e-04
2.641754050190635894e+02 7.568559365449516879e-04
2.645346274005717078e+02 1.776134636549503388e-03
2.649591629423539985e+02 6.232179977494558838e-04
2.656449511252330922e+02 6.633106021746916655e-05
2.659715169266040675e+02 4.580911379155830224e-04
2.663633958882492720e+02 3.485733858027704525e-04
2.665919919492089321e+02 6.010759396750050849e-04
2.671798103916767104e+02 3.440647921446454423e-04
2.674410630327735134e+02 1.074607136749155558e-04
2.679635683149671195e+02 3.508696420994427529e-04
2.682248209560639225e+02 1.133723210998363747e-04
2.686166999177091270e+02 5.147968394934713567e-04
2.689759222992171885e+02 1.494087517345841170e-05
2.692045183601769054e+02 1.591425030071936386e-05
2.694004578409994792e+02 8.318149926367066386e-05
2.695637407416849669e+02 7.434568092190893930e-05
2.697596802225075976e+02 1.619629503777771933e-05
2.701189026040156591e+02 4.913809246497552290e-04
2.706414078862092651e+02 6.898739279298208183e-05
2.708700039471689252e+02 2.833157564537191564e-05
2.711965697485399573e+02 7.656524032294692312e-05
2.715557921300480189e+02 4.821061549060192135e-04
2.718497013512819080e+02 1.774693910530459744e-05
2.720456408321045387e+02 9.235852673923123811e-05
2.722415803129271126e+02 9.602636125243179603e-05
2.725354895341610018e+02 1.490147656965304520e-04
2.729926816560803786e+02 2.369843380006833567e-04
2.732865908773142678e+02 4.370597995148426681e-05
2.736458132588223862e+02 2.095274719595397156e-04
2.739070658999191892e+02 1.249840006785713159e-04
2.741683185410159354e+02 1.624169628724687398e-04
2.743969146019756522e+02 1.751531797239670946e-04
2.746581672430724552e+02 6.239740407927293691e-05
2.750500462047176597e+02 1.144464867452435930e-04
2.752786422656773198e+02 1.794568342037621499e-04
2.756705212273225243e+02 2.645893188987301467e-04
2.762256830896532165e+02 1.830552835134575311e-04
2.764542791506128765e+02 6.660191073938356127e-05
2.766502186314355072e+02 1.446369423051455225e-04
2.768788146923951672e+02 1.173307192482528512e-04
2.771400673334919702e+02 2.318011095004842673e-04
2.775972594554113471e+02 2.215905965856665807e-04
2.778911686766452362e+02 8.775612323886253338e-06
2.782503910581533546e+02 2.394642261080168004e-04
2.785443002793872438e+02 2.984878199383200975e-04
2.789688358211695345e+02 3.379278489772919152e-04
2.793607147828147390e+02 2.532699929530050402e-05
2.796546240040486282e+02 2.173834941427957215e-04
2.799811898054196035e+02 2.739030055397542393e-04
2.803404121869277219e+02 5.833636340018855419e-04
2.806669779882986973e+02 8.340988970190144015e-05
2.810262003698067588e+02 2.441459490870749637e-04
2.814507359115890495e+02 3.545583956884522619e-04
2.817446451328229386e+02 4.806908806172346038e-04
2.821038675143310570e+02 1.577036836938833589e-04
2.823651201554278600e+02 3.547346177716651991e-04
2.829202820177585522e+02 7.556282836784795204e-04
2.831815346588552984e+02 5.020653803831491308e-04
2.835407570403634168e+02 2.864253384108074972e-04
2.838346662615973059e+02 5.395391358097722948e-04
2.843898281239279981e+02 9.867215307402359137e-04
2.846510807650248012e+02 1.223182232529319543e-03
2.849776465663957765e+02 6.714947426856384847e-04
2.852715557876296657e+02 6.855127690148565605e-04
2.856634347492748702e+02 1.641528418673245549e-03
2.860226571307829317e+02 5.417439407997675163e-03
2.864471926725652224e+02 1.583913994000558456e-03
2.867411018937991116e+02 1.167201976339306800e-03
2.870350111150330008e+02 1.552271847906563050e-02
2.874922032369524345e+02 7.381222449846129574e-02
