Frequency Power
5.175202602612360980e-02 1.558679117865234814e-03
3.363881691698034637e-01 2.505764844848413619e-03
7.504043773787922866e-01 1.067042796924237702e-02
1.112668559561657666e+00 5.296099721152459222e-03
1.552560780783708294e+00 4.971483744305658405e-03
1.888948949953511702e+00 9.461123681248147406e-04
2.199461106110253361e+00 5.447763838568023178e-04
2.535849275280056769e+00 2.665971115568498942e-05
3.130997574580478560e+00 4.640379808693989436e-05
3.622641821828652908e+00 8.737170551020893310e-06
4.062534043050703758e+00 1.332061353354445738e-05
4.528302277285815691e+00 1.014777615793434878e-05
5.097574563573175510e+00 5.505520699025536213e-06
5.615094823834411386e+00 2.365247895583161665e-07
5.899730966978091296e+00 1.581804263534070733e-06
6.236119136147895148e+00 3.528077663247755566e-06
6.727763383396069052e+00 1.685117703399990898e-06
6.986523513526686990e+00 1.352876391786956089e-06
7.348787695709552814e+00 9.231837868370393110e-06
7.866307955970788690e+00 9.737693017953501110e-06
8.383828216232025454e+00 1.718711141279900792e-06
8.771968411427952361e+00 7.415446615454561483e-06
9.160108606623879268e+00 7.290404976671896132e-06
9.703504879898176227e+00 5.813151852942075899e-06
1.016927311413328994e+01 3.805153730244652954e-07
1.058328932234227793e+01 6.380252438818500831e-07
1.089380147849901981e+01 2.956138848506808985e-07
1.125606566068188563e+01 4.982043770257786503e-07
1.161832984286474968e+01 1.051420266658344751e-05
1.200647003806067659e+01 4.675505123573801731e-07
1.249811428530885138e+01 3.296044850738284647e-06
1.280862644146559326e+01 3.069004310200909369e-06
1.309326258460927406e+01 5.287154883908939082e-06
1.340377474076601416e+01 1.577812769448570611e-05
1.392129500102725181e+01 6.652169978135944303e-06
1.423180715718399192e+01 5.213243419616557369e-06
1.451644330032767272e+01 1.067870405813048970e-05
1.482695545648441460e+01 3.771324486914586675e-06
1.503396356058890859e+01 6.471413298760081789e-06
1.539622774277177442e+01 1.867583614093116005e-06
1.578436793796770132e+01 2.910815919258499613e-06
1.614663212015056715e+01 9.730963735714830944e-07
1.648302028932036833e+01 2.432026429376481809e-06
1.689703649752935988e+01 1.665140673967749541e-06
1.720754865368609998e+01 2.593901382900607348e-06
1.754393682285590472e+01 1.425483438908170099e-06
1.785444897901264483e+01 1.466864096075088071e-06
1.819083714818244957e+01 5.530200780165869253e-06
1.883773747350899441e+01 3.440603367819903934e-06
1.925175368171798240e+01 6.058422854685963689e-07
1.984690198101840508e+01 3.876169516926399304e-06
2.039029825429270204e+01 1.405644515433140620e-06
2.129595870974986482e+01 2.491292063298141498e-06
2.165822289193273065e+01 1.747741071784910729e-06
2.199461106110253539e+01 2.435035522369909751e-06
2.227924720424621441e+01 2.246870174235050794e-07
2.256388334738989343e+01 1.931605041417413847e-06
2.284851949053357245e+01 5.032073270968287921e-07
2.315903164669031611e+01 1.373388152141670560e-06
2.352129582887318193e+01 4.201389245300495920e-06
2.450458432336952797e+01 2.379683082561478336e-06
2.486684850555239379e+01 3.367293982734378324e-06
2.522911268773525961e+01 4.619924607228139452e-06
2.559137686991812544e+01 4.690131376849164604e-06
2.592776503908793018e+01 1.085825887512360104e-06
2.667816941646671935e+01 3.026500781621871608e-06
2.701455758563652410e+01 4.354281761574734069e-06
2.727331771576714203e+01 4.204224459567037966e-06
2.766145791096306894e+01 1.225221906522263351e-06
2.797197006711981260e+01 3.376637616226548776e-06
2.851536634039410956e+01 3.748333045605980588e-06
2.908463862668146760e+01 6.247995355382443769e-07
2.949865483489045914e+01 2.553340177899480936e-06
2.983504300406026033e+01 1.886127879838555257e-06
3.035256326432149621e+01 5.618461682759906496e-06
3.066307542047823986e+01 4.957329873608604823e-07
3.092183555060885780e+01 7.188063216176078904e-07
3.110296764170028894e+01 1.020313100523902244e-06
3.138760378484396796e+01 1.777179337399044011e-06
3.169811594100071162e+01 5.793569637487037774e-06
3.200862809715745527e+01 6.001429011457696092e-06
3.234501626632725646e+01 2.829793001701675228e-06
3.278490848754930909e+01 5.520087681946245477e-06
3.314717266973217136e+01 2.245554652223812761e-06
3.350943685191504073e+01 5.517592840608320198e-06
3.410458515121545986e+01 4.443014411712022181e-06
3.462210541147669574e+01 4.553058856857561898e-06
3.534663377584242738e+01 8.769218881998521429e-06
3.581240201007754109e+01 3.200485714140901129e-06
3.620054220527346445e+01 4.159166098175566610e-06
3.656280638745633382e+01 3.386688846607672550e-06
3.692507056963919609e+01 8.828936494221231989e-07
3.720970671278287512e+01 2.684542182341174075e-06
3.752021886893961522e+01 5.001547491084328801e-07
3.798598710317472893e+01 4.677127210670046152e-06
3.837412729837065939e+01 5.163844051469168406e-06
3.904690363671026176e+01 1.143143335284803690e-06
3.930566376684087970e+01 1.197906838782980768e-06
3.987493605312824485e+01 1.935629790169780986e-06
4.031482827435029037e+01 2.174005998755240210e-06
4.072884448255928191e+01 2.543453733816390753e-06
4.124636474282051779e+01 5.740085178057385339e-06
4.168625696404257042e+01 2.089552524535983408e-06
4.207439715923849377e+01 3.915624315338935199e-07
4.235903330238217279e+01 5.196968051443632453e-07
4.290242957565646975e+01 1.728010916292726554e-06
4.316118970578708769e+01 4.480932009529045998e-07
4.347170186194383490e+01 3.559300621629915518e-06
4.378221401810057500e+01 1.511757803456717204e-06
4.406685016124425402e+01 6.842237809366217384e-07
4.435148630438793305e+01 2.299440898465147167e-06
4.468787447355773423e+01 2.905243573830692124e-06
4.510189068176672578e+01 2.617686686051697100e-06
4.541240283792346588e+01 1.958872326082323328e-06
4.603342715023695320e+01 3.912370814459233545e-06
4.639569133241981547e+01 2.688301334015617302e-06
4.670620348857655557e+01 1.546352912677147786e-06
4.701671564473330278e+01 3.132175740026762785e-06
4.730135178787698180e+01 1.939390882445780656e-07
4.756011191800759974e+01 8.549710650428692217e-07
4.792237610019046201e+01 3.099034703253113023e-06
4.825876426936026320e+01 5.253642619708267454e-07
4.872453250359537691e+01 5.034932619124836264e-06
4.919030073783049062e+01 3.849309967020197483e-06
4.952668890700029181e+01 1.027028648610821106e-06
4.975957302411784866e+01 1.799919730884220354e-06
5.001833315424846660e+01 1.025942711963050019e-06
5.050997740149664139e+01 5.083924250112333744e-06
5.084636557066644968e+01 4.346821802525179626e-06
5.115687772682318979e+01 4.678745783478579061e-06
5.146738988297992989e+01 4.699728501201903881e-06
5.172615001311054783e+01 3.437626867545274147e-06
5.201078615625422685e+01 2.497907447885391108e-06
5.229542229939790587e+01 2.422862930701510694e-06
5.263181046856771417e+01 1.796457334118405781e-06
5.281294255965914175e+01 3.086696716756076826e-06
5.314933072882895004e+01 2.088681880647755665e-06
5.343396687197262906e+01 1.730807457791884179e-06
5.379623105415549134e+01 1.672389030881450103e-06
5.415849523633836071e+01 9.099102601180788445e-06
5.465013948358652840e+01 3.270556030594511704e-06
5.498652765275633669e+01 1.508959302875820040e-06
5.529703980891307680e+01 7.812117972746648848e-07
5.576280804314819051e+01 4.412930054503415921e-06
5.609919621231799169e+01 5.680614373740409523e-07
5.640970836847473180e+01 2.175395503621527634e-06
5.710836071982740236e+01 2.478289358778171491e-06
5.744474888899720355e+01 3.313615803770163189e-06
5.783288908419313401e+01 6.841714611865350486e-07
5.814340124034987412e+01 5.851562546455549029e-06
5.847978940951968241e+01 3.570184288719156279e-06
5.876442555266336143e+01 2.909035253384588845e-06
5.910081372183316262e+01 1.259195352519078376e-05
5.941132587798990272e+01 2.640774287352236734e-06
5.977359006017277210e+01 5.791689378346783940e-06
6.018760626838175654e+01 1.718769420967669489e-07
6.047224241152543556e+01 1.122052776674046403e-06
6.080863058069524385e+01 1.504446266856017869e-05
6.140377887999566298e+01 3.190090088077059883e-06
6.199892717929608210e+01 5.909495809883114288e-06
6.238706737449201256e+01 9.069087331281111615e-07
6.285283560872712627e+01 3.639625391990833463e-06
6.339623188200142323e+01 2.915045158078200787e-06
6.391375214226265911e+01 6.655362955602877003e-07
6.425014031143246029e+01 2.272615760850596470e-06
6.463828050662839075e+01 1.382082648980330968e-06
6.523342880592880988e+01 1.393656000334181334e-06
