Frequency Power
4.830478247510731210e-02 3.669175868635005285e-04
1.337007372078863054e-01 1.081294552327814105e-04
2.087456671245709050e-01 1.057284424366686834e-04
3.200191838975859349e-01 2.141857711896081196e-03
5.425662174436161056e-01 4.202180152687822043e-04
6.650533444340668288e-01 1.751733300858362638e-02
7.806397882137878774e-01 7.530522556150560714e-04
8.582724743344960494e-01 5.160441452080465497e-04
9.635078932981226973e-01 5.200993911896992922e-03
1.068743312261749345e+00 3.543694748233358637e-04
1.157589608599893127e+00 1.238254370268046523e-04
1.236084880121942620e+00 1.528957152190701181e-04
1.349946153098981139e+00 3.783638282744302989e-03
1.462944840674678781e+00 6.228320566687631362e-04
1.550065966210140145e+00 7.229726090222940785e-04
1.663064653785837566e+00 5.738419203464737058e-03
1.774338170558852568e+00 3.253226396460189452e-04
1.855421198284925577e+00 2.523318482268104121e-04
1.971870227465987835e+00 3.850615000420328643e-03
2.096082525259121088e+00 5.106250446984852401e-05
2.171990040577146619e+00 2.695212028545256001e-05
2.247897555895172594e+00 3.081737076778963912e-05
2.356583316464163858e+00 1.404043378703576312e-03
2.479933028855955790e+00 3.959737049602891034e-05
2.676602500361749737e+00 9.624234927969802357e-05
2.811165822970977501e+00 1.585134406888160581e-05
2.894836606901074028e+00 4.782626912069810722e-06
3.015598563088842443e+00 1.149206042290128296e-04
3.146711544092704926e+00 9.202104813241296759e-06
3.213130619995977710e+00 1.078978929834366535e-05
3.338205503190451839e+00 3.794051062552426996e-04
3.461555215582243772e+00 3.740298508590529528e-05
3.557302195131117450e+00 3.156687050687506175e-05
3.657362101686696843e+00 6.402916199375098007e-05
3.768635618459711623e+00 8.156125458449455540e-06
3.858344500199196947e+00 1.050572651416005227e-05
3.988594895801718110e+00 2.892709729211826917e-04
4.122295633009604998e+00 3.180688499088142874e-06
4.188714708912876894e+00 2.721112605000602629e-06
4.258584126421514071e+00 2.640417954408627029e-08
4.376758326405258970e+00 4.354372985969217366e-05
4.544099894265452022e+00 6.146147415605255924e-06
4.670037362861267916e+00 1.243886219162370038e-04
4.785623806640988853e+00 1.220492786743378781e-05
4.867569419768402739e+00 3.972502946477153110e-06
4.975392594936053570e+00 1.152371113267049429e-04
5.087528697110410114e+00 4.046530462693095608e-06
5.176374993448553674e+00 4.520983431869001733e-06
5.346304317512770687e+00 1.595937991946569877e-04
5.473104371509927013e+00 8.232501556872267421e-06
5.643896280975485347e+00 2.539250150892505267e-05
5.811237848835678399e+00 4.212660542379981241e-06
5.892320876561750964e+00 9.199368943830625772e-07
6.010495076545495863e+00 6.708969107214581896e-05
6.195088352432513545e+00 3.460626925653272998e-06
6.334827187449787900e+00 2.886018448364886533e-05
6.462489826848285546e+00 8.012597911695969592e-06
6.571175587417276809e+00 1.351387853057788839e-05
6.674685835578221038e+00 3.159841815723710596e-05
6.782509010745871869e+00 5.074340536318217930e-06
6.867042380077309716e+00 4.610755318038782130e-06
6.984353994659713294e+00 1.024673188766703419e-04
7.106841121650163906e+00 2.259108144681470618e-06
7.187924149376236471e+00 2.294218268648788039e-06
7.369929669059230193e+00 4.042353246419714625e-05
7.501905235464434440e+00 3.876318386458456629e-06
7.656308022304509464e+00 3.784607915998479052e-05
7.812435979947267128e+00 3.278387479728698451e-06
7.985815645616848535e+00 2.211545231987031089e-05
8.202324581353490629e+00 5.272623016163185750e-06
8.335162733160036197e+00 5.455886354021373673e-05
8.463687957959875163e+00 5.217573709216846419e-06
8.617228159398608867e+00 1.391394874054911545e-05
8.804409191489648734e+00 1.915632865393410830e-06
8.883767048413039547e+00 4.766127380605415841e-07
9.003666419199467086e+00 5.246094474021169594e-05
9.126153546189916810e+00 2.935085562968271315e-06
9.209824330120014224e+00 4.074643060889810492e-07
9.298670626458157784e+00 2.409809559248556570e-06
9.387516922796301344e+00 3.124135932773816460e-06
9.548820392847106930e+00 2.293554855490689339e-06
9.667857178232193149e+00 2.931181576976337003e-05
9.773955182597159563e+00 1.559732167306560259e-06
9.849862697915186871e+00 2.178388181819898650e-06
9.970624654102953954e+00 3.814294369688415461e-05
1.009483695189608810e+01 3.773209037733720900e-07
1.017333222341813759e+01 6.000191466959043440e-07
1.035533774310113131e+01 2.187200598255228991e-05
1.049507657811840566e+01 3.855832880769739757e-06
1.064085351094506926e+01 1.613052916865489528e-05
1.080733249340392099e+01 2.464032566111882265e-06
1.101262781892312681e+01 1.624154845248516465e-05
1.120153402181684932e+01 2.200509183367750263e-06
1.132402114880730082e+01 2.166988169347613185e-05
1.144650827579775054e+01 7.895804339642752137e-07
1.154139266994528334e+01 2.491632187308794725e-06
1.163713964949415747e+01 2.641891620040398126e-06
1.177170297210338390e+01 6.978898719280939139e-07
1.186572478084957538e+01 8.248624589392560005e-07
1.199079966404404907e+01 2.664010649480257235e-05
1.212622557205461860e+01 1.337395673633313378e-06
1.238845153406234445e+01 2.654304663481098427e-06
1.253940397929705419e+01 1.265412787926459755e-06
1.266275369168884524e+01 1.921941272156683957e-05
1.278351564787661410e+01 3.691536396119706967e-06
1.286718643180671151e+01 7.813548855392763148e-07
1.297069667996765574e+01 1.240051177615390043e-05
1.308369536754335272e+01 1.282660759971948575e-06
1.333902064634034801e+01 2.092278670204810730e-05
1.347875948135762236e+01 2.531578385968754420e-06
1.363057451199367520e+01 5.597079006118429212e-06
1.381258003167666892e+01 1.453661640882311792e-07
1.388589979079067049e+01 2.481931947160377601e-08
1.401269984478782682e+01 1.168729834116050567e-05
1.415071350900242031e+01 1.044824220217496372e-06
1.433099385788273139e+01 6.237428902171133488e-06
1.445089322866915715e+01 1.071809995332720043e-06
1.455354089142876184e+01 3.429118747724656007e-06
1.466740216440580014e+01 5.352829484035222631e-06
1.476746207096137908e+01 1.724260902080403331e-06
1.485975870890488792e+01 1.272167359212759580e-06
1.497620773808595018e+01 1.521471890358879278e-05
1.510732071908981311e+01 9.659423671178070257e-07
1.536350858328814972e+01 7.491711189117796475e-06
1.549030863728530605e+01 2.503345133586642691e-06
1.564557400952672239e+01 1.083632381114804526e-05
1.579825162556411478e+01 3.817467114609902907e-07
1.598370748685247378e+01 5.375779075625314303e-06
1.616657559193680882e+01 7.550801968114819473e-07
1.632615389118492999e+01 9.066287444768868431e-06
1.645726687218879292e+01 2.293946520208818820e-07
1.655818936414571496e+01 1.587169222736977084e-06
1.663927239187178841e+01 2.386774713179762230e-06
1.680316361812661441e+01 3.822861514626006165e-07
1.688424664585268786e+01 2.968310828320588333e-07
1.700155826043509322e+01 1.467560228234364652e-05
1.711800728961615548e+01 1.459701182276769102e-06
1.720426582975027330e+01 6.223570077881251587e-07
1.729915022389780788e+01 1.560106638632857959e-06
1.739230944724265626e+01 8.557845447093981104e-07
1.749668228080494359e+01 7.906432902716371276e-07
1.766143609246111268e+01 6.610310119386191138e-06
1.778047287784619712e+01 1.550808423518544092e-07
1.785810556396690529e+01 2.709423881063932638e-07
1.797541717854931065e+01 1.036256761030605559e-05
1.809617913473707773e+01 3.343958781984651726e-07
1.817898733326583383e+01 2.554946975954665560e-07
1.835581734054077785e+01 5.011994620784726057e-06
1.849641876095939708e+01 1.840383407995689920e-07
1.865254671860215296e+01 5.871860809396554656e-06
1.883110189667978318e+01 1.072337769228401361e-06
1.902432102658021051e+01 6.319399134512735767e-06
1.913214420174786312e+01 4.169823739171029514e-07
1.922271566888868932e+01 1.445177272039466314e-06
1.932450074624695091e+01 6.867374025299333608e-06
1.959794031847211215e+01 1.320409773323486197e-06
1.977390774034571663e+01 7.257907437564334410e-07
1.986879213449324766e+01 3.211824380461927012e-07
1.998955409068101474e+01 1.102801675367011001e-05
2.012929292569829087e+01 1.334607456188875477e-06
2.027506985852495447e+01 5.014477287384562380e-07
2.039151888770601673e+01 6.896948331152390831e-07
2.052694479571658448e+01 1.229925438954446066e-06
2.066150811832581269e+01 4.230783400946614517e-06
2.078485783071760551e+01 1.675701300406657931e-06
2.095996266718986689e+01 5.732405168395797809e-06
2.114283077227420193e+01 5.594346690950244674e-07
2.134122541458268074e+01 7.434314097045288220e-06
2.166642011088831410e+01 3.897618023281623644e-06
2.181392221451766034e+01 1.648969328697126405e-07
2.201145427142479249e+01 5.254966090125076381e-06
2.212186520279646729e+01 1.086534901503918078e-06
2.219518496191047063e+01 1.528276574038092114e-06
2.231508433269689817e+01 4.552018976370875081e-06
2.243239594727929997e+01 8.492811506040656572e-07
2.257558512390194139e+01 1.549374384448355481e-06
2.267650761585885988e+01 2.082089852897962892e-06
2.277052942460505136e+01 1.110689131973110492e-06
2.286023830634453802e+01 3.109118919055456233e-06
2.297496216472291763e+01 1.378680201980374415e-05
2.309054860850263680e+01 4.303825050200068133e-07
2.334242354569427036e+01 2.915891631610853196e-06
2.348906306392227350e+01 1.781992010024422683e-07
2.365640463178246478e+01 4.266764824293293464e-06
2.382719654124802489e+01 8.449164832940897585e-07
2.392639386240226074e+01 6.520712703005355908e-07
2.404543064778734873e+01 1.519353988880577752e-06
2.417136811638316374e+01 1.429587243062383801e-06
2.433094641563128491e+01 6.049063474805140907e-06
2.443531924919357223e+01 9.405741548555816190e-07
2.461473701267254199e+01 2.669053125338220356e-06
2.471997243163616886e+01 7.182909946391123927e-08
2.478725409294078119e+01 7.701618019956199209e-08
2.486661194986417200e+01 8.488969285959986511e-07
2.498478614984791690e+01 8.126524588758367946e-06
2.510554810603568399e+01 4.237889939023261579e-07
2.518231820675505261e+01 2.634675035298158371e-07
2.527288967389587881e+01 7.718637279820612202e-07
2.543850607095339100e+01 1.640749079620757273e-06
2.554632924612104006e+01 3.616038011033973575e-08
2.565932793369673703e+01 3.379178224687462922e-06
2.578871574389791732e+01 6.898941503052635918e-07
2.595864506796213433e+01 3.747737235393269135e-06
2.614668868545451730e+01 2.939368940670914213e-07
2.632869420513750924e+01 3.094461352012099195e-06
2.645980718614137217e+01 5.217204266932012813e-07
2.663146168100827182e+01 2.560966434963729229e-06
2.683244407952077282e+01 1.643080728002722430e-07
2.700668633059169466e+01 4.291958291117081289e-06
2.719472994808407762e+01 2.908995471401992941e-07
2.731549190427184470e+01 4.332940998891595682e-06
2.744746747067705073e+01 6.090710400792434273e-07
2.759755733051041915e+01 8.150624153963766575e-07
2.776403631296927088e+01 4.037249545282502337e-07
2.785719553631411927e+01 3.600859122204741902e-07
2.797191939469249888e+01 7.383497998486209039e-06
2.815910042678354230e+01 1.283928208761003776e-06
2.827813721216862675e+01 6.391678771231799783e-07
2.839458624134968900e+01 2.815414471306492468e-07
2.852311146614952975e+01 6.810908301794139787e-07
2.864646117854131901e+01 2.288031828991703840e-06
2.881811567340821867e+01 4.046255853977658942e-07
2.894922865441208160e+01 8.518122652737054219e-07
2.913468451570043882e+01 8.010899380157318061e-07
2.933394174341025717e+01 3.531033289297713976e-06
2.945211594339400207e+01 3.588991200428471634e-07
2.963757180468236285e+01 3.929792383554165431e-06
2.980318820173987149e+01 5.529064124997852263e-07
3.001624679587114741e+01 2.693624007149911152e-06
3.014477202067098816e+01 1.475672705903816868e-06
3.022585504839706161e+01 1.602016026674220258e-07
3.033367822356471066e+01 2.985085764815700395e-06
3.043805105712699799e+01 5.686059320431691080e-07
3.052689735346514155e+01 1.414694978015872950e-06
3.063385794323145106e+01 1.474578756904574701e-06
3.080464985269700762e+01 3.225783958375611819e-07
3.096681590814915452e+01 6.980619839389033121e-06
3.106083771689534601e+01 8.103015651797603586e-07
3.116003503804958186e+01 9.571270913585198545e-07
3.124370582197968105e+01 1.716149111442073195e-07
3.133945280152855162e+01 4.992833443070972206e-06
3.144727597669620422e+01 1.816171839820961422e-07
3.153353451683032205e+01 5.901297619825522210e-07
3.165084613141272740e+01 3.686188451987762066e-06
3.178195911241659033e+01 1.339836480302385735e-06
3.196741497370494756e+01 1.576992219255817652e-06
3.214597015178257777e+01 7.218043239353705722e-07
3.225724366855558856e+01 4.383047291762639590e-07
3.234781513569641476e+01 2.065074427547900741e-06
3.245908865246943265e+01 1.986527291449646813e-07
3.260659075609877533e+01 1.852251228722506968e-06
3.270233773564765301e+01 1.326143745702830956e-07
3.279808471519652358e+01 6.223655075303016932e-07
3.287312964511320956e+01 4.056987973467631292e-08
3.298181540568219816e+01 3.954977530330472289e-06
3.316295833996385056e+01 5.881026167827243981e-07
3.333633800563343641e+01 9.258544692440367639e-07
3.344502376620242501e+01 6.547835822276413895e-07
3.353473264794191522e+01 5.289813357968949376e-07
3.365463201872833565e+01 3.173851072657121575e-06
3.377453138951476319e+01 1.042057767152174076e-06
3.397637637342860728e+01 3.268071228871440964e-06
3.413509208727538891e+01 3.366101784659461589e-07
3.424809077485108588e+01 4.644692335880537351e-07
3.434987585220935102e+01 2.678382008910369423e-06
3.446287453978504800e+01 1.830250887522658566e-07
3.463539162005328365e+01 2.572324374347056536e-06
3.495454821854953309e+01 3.239713402852601973e-06
3.516674422727946592e+01 6.358882058086088977e-07
3.530044496448735458e+01 2.082488533987170082e-06
3.547813755716364170e+01 8.336231055373940282e-07
3.558164780532458593e+01 4.607888326234486850e-07
3.566618117465602467e+01 2.892447447838778710e-07
3.578608054544245221e+01 2.294779886047240426e-06
3.597757450454019335e+01 4.488938164028931546e-06
3.611300041255076820e+01 4.202596374007812484e-07
3.623635012494255392e+01 6.741210786738682283e-07
3.635107398332093709e+01 1.107563535136647548e-06
3.650461418475966724e+01 4.679767176374479204e-07
3.667281833802120161e+01 2.553405528581618267e-06
3.679789322121568063e+01 1.543466425203179267e-06
3.696178444747050662e+01 1.577852930621874965e-06
3.708168381825693416e+01 9.611282329969926363e-07
3.717915596860849092e+01 5.627833723869882212e-08
3.735684856128477804e+01 2.307833123529765467e-06
3.761562418168713862e+01 2.142077786286873850e-06
3.781229365319293123e+01 3.971571903921456705e-07
3.800896312469872385e+01 2.760190505612680134e-06
3.821770879182329850e+01 3.373008615740961504e-07
3.831863128378022054e+01 1.287069921368400226e-06
3.844456875237603555e+01 1.183199034705333491e-06
3.854894158593832287e+01 4.369527758272852604e-08
3.866194027351401985e+01 1.170049461771853667e-06
3.878701515670849176e+01 2.755398292020313929e-07
3.895780706617404832e+01 4.052793686105279147e-06
3.908633229097388551e+01 1.262746077974380921e-06
3.918725478293080755e+01 5.765850016864324711e-08
3.935804669239636411e+01 1.962061252570450296e-06
3.950382362522302770e+01 1.944840795640195510e-07
3.963579919162823728e+01 2.074774245178912505e-06
3.979106456386965363e+01 8.321269130316744258e-07
3.996358164413788927e+01 1.413798808537733822e-06
4.008261842952297371e+01 5.989986379862661412e-07
4.030775321927303168e+01 9.793145095638563835e-07
4.056825401047807134e+01 5.361831254416813412e-07
4.067607718564572394e+01 8.198124268693889452e-07
4.079683914183349458e+01 1.424627013488667161e-07
4.097625690531246079e+01 1.809311613533099741e-06
4.109960661770425361e+01 5.505521200442931832e-07
4.118759032864105762e+01 4.835625341482564851e-08
4.129196316220334495e+01 1.184039270351270022e-06
4.141272511839110848e+01 1.770172440221027092e-06
4.154038775778960968e+01 2.514044679450965712e-08
4.166805039718810377e+01 2.620284533144597247e-06
4.179830079279062716e+01 2.793349696162771110e-07
4.197340562926289209e+01 1.858644546200492592e-06
4.209589275625334182e+01 5.312430544826678533e-07
4.228566154454840387e+01 2.119996305031005292e-06
4.247629291824480902e+01 1.259536069290446005e-07
4.262379502187415881e+01 2.255475405675759794e-06
4.274369439266058635e+01 6.200812499375608199e-07
4.292656249774491783e+01 8.907037514518112416e-07
4.304301152692598009e+01 1.293656680628849097e-06
4.321466602179287975e+01 1.807127320006792598e-08
4.333197763637528510e+01 2.384281905093862356e-06
4.345964027577378630e+01 1.063690012818364966e-06
4.353554779109180828e+01 1.002717668170779715e-06
4.364854647866750526e+01 8.101036636737177583e-07
4.374256828741369674e+01 5.013063677853793086e-07
4.392112346549132695e+01 2.270553800324505978e-06
4.411865552239846267e+01 6.092835103354817330e-07
4.419111269611111936e+01 3.033120082174345345e-07
4.427650865084390119e+01 5.787467022249371217e-08
4.437743114280082324e+01 1.531378173445675896e-06
4.449301758658054240e+01 1.133885451248995618e-06
4.464828295882195874e+01 3.454848335931562221e-06
4.476128164639765572e+01 9.157651677984738373e-08
4.485099052813713882e+01 5.300033110139354401e-07
4.495708853250211234e+01 1.749239521575642977e-06
4.508043824489389806e+01 1.136612341650142501e-06
4.518567366385752848e+01 1.205271658676173774e-07
4.530471044924261292e+01 1.830698864256360249e-06
4.544531186966123215e+01 8.807677145162823150e-08
4.554709694701949019e+01 1.404465846152798492e-07
4.564801943897641223e+01 7.342626457822110225e-08
4.573772832071589534e+01 2.186711164443875875e-08
4.600685496593435175e+01 1.073832351140853882e-06
4.612934209292480148e+01 8.551041539445566193e-07
4.631738571041718444e+01 1.015019481169606346e-06
4.641140751916337592e+01 2.616113302517793575e-07
4.652699396294309508e+01 4.217042219794489558e-07
4.674695324028510157e+01 6.591683187557905902e-07
4.683234919501788340e+01 2.315056261184373630e-07
4.695224856580431094e+01 3.685671793058652572e-06
4.708077379060414813e+01 1.067696160105153216e-06
4.720929901540398532e+01 4.300776195845213325e-07
4.733954941100650871e+01 8.739228756733396097e-07
4.763886654527190956e+01 2.389155659467321752e-06
4.777515503868381330e+01 1.141052328027472075e-06
4.788297821385146591e+01 7.604335403484235791e-07
4.804773202550763500e+01 1.261088403864399507e-06
4.814865451746455705e+01 8.173092517152829947e-07
4.831340832912072614e+01 2.409153458258501850e-06
4.843675804151251896e+01 1.606684712078810041e-07
4.850662745902115347e+01 1.638648242576909695e-07
4.861272546338612699e+01 1.436464150753522739e-06
4.883268474072813348e+01 1.120026464331959560e-06
4.896638547793601504e+01 2.901130551191632759e-06
4.922602368373971871e+01 5.033383309290763829e-07
4.933298427350602822e+01 1.466036993485158358e-07
4.945719657129916413e+01 2.134603513485079041e-07
4.949169998735280984e+01 2.112233093883882115e-07
4.967370550703580534e+01 8.405415210077407096e-07
4.979360487782223288e+01 1.482217377644357665e-06
4.997647298290656437e+01 1.356796464562723120e-06
5.009378459748896972e+01 8.413613419472114862e-07
5.035687314489803157e+01 2.536315207248941256e-06
5.048453578429653277e+01 2.441599627186748500e-07
5.062427461931380890e+01 1.608609233447832328e-06
5.079420394337802236e+01 1.211463765064761303e-07
5.096758360904760821e+01 7.047208378848093383e-07
5.115390205573730498e+01 7.755563215647716977e-07
5.128674020754385054e+01 1.379589731721193508e-06
5.142302870095576139e+01 4.119303311899206088e-07
5.155500426736096387e+01 5.277738809003129738e-07
5.166800295493666084e+01 1.040790921233754038e-06
5.176633769068956070e+01 7.615591984297158554e-07
5.185949691403440909e+01 7.841395507793614085e-07
5.196732008920206169e+01 2.580439695615623965e-06
5.213897458406896135e+01 1.656856193529627714e-07
5.222695829500575826e+01 4.217322727905514550e-07
5.234858283659487199e+01 1.855413399923505898e-06
5.258234348035833250e+01 1.193614584343011350e-06
5.283508100295130561e+01 6.743351953484008793e-07
5.307833008612952597e+01 9.324672831105656213e-07
5.317838999268510491e+01 8.294375515647425992e-07
5.329742677807018936e+01 4.773827946489094909e-06
5.348978332256928070e+01 1.871383411126003620e-07
5.361658337656643880e+01 4.370056190300142519e-07
5.386414538675136043e+01 4.800732683684707467e-07
5.399180802614986163e+01 1.335721650865917920e-06
5.412550876335774319e+01 8.278508163482379426e-07
5.422729384071600833e+01 3.685563316278983682e-07
5.433080408887695256e+01 1.002711340769606513e-06
5.443690209324191898e+01 6.864444542346637098e-07
5.451884770636933553e+01 5.613475856487388898e-07
5.461977019832625757e+01 7.049279977795374842e-07
5.480263830341058906e+01 6.783528437129416751e-07
5.496394177346139287e+01 1.417887948699434406e-06
5.513300851212427034e+01 2.020198867763831088e-07
5.533744125224213661e+01 3.108498785466886792e-06
5.549788213689159733e+01 7.784059319180152645e-08
5.564797199672496930e+01 1.354892418826606497e-06
5.578253531933419396e+01 1.226698495748116638e-06
5.589553400690989093e+01 2.493866689575154466e-07
5.597316669303059911e+01 2.978650500747615600e-07
5.608098986819825171e+01 7.154649621460778486e-07
5.630181173094160130e+01 1.208539385779057481e-06
5.643378729734680377e+01 1.213946023338083792e-06
5.652090842288226469e+01 4.155028866716497149e-07
5.662959418345125329e+01 6.226489636410795635e-07
5.679866092211413076e+01 5.284394661741135591e-07
5.697894127099444006e+01 2.684207016013730087e-06
5.710832908119562035e+01 8.150082110490767307e-07
5.724375498920618810e+01 1.162743964966037610e-06
5.736020401838725036e+01 8.937726595509057284e-07
5.752754558624744874e+01 3.509901841220590101e-07
5.766038373805399431e+01 1.929331934872164315e-06
5.779063413365651058e+01 1.009850163428023393e-07
5.797091448253682699e+01 1.613131466636141295e-06
5.810202746354068637e+01 1.043149770472243453e-06
5.831767381387599158e+01 8.146163628664542048e-07
5.844706162407717187e+01 5.975290072635553360e-07
5.861267802113467695e+01 9.423739699034852432e-07
5.872826446491440322e+01 3.478993859171202957e-07
5.882487402986461689e+01 2.991913736694444681e-07
5.897151354809261647e+01 1.423984310994763422e-06
5.924236536411375909e+01 8.528812740243230411e-07
5.933897492906397275e+01 2.607306213475761141e-07
5.947612600787721959e+01 2.186302293089011664e-07
5.966589479617228875e+01 5.483022708646821313e-07
5.998850173627389637e+01 1.426343493194122075e-06
6.010667593625763772e+01 7.935630422771752170e-07
6.020587325741188067e+01 2.050970457986727703e-07
6.028868145594063321e+01 7.400557906447270940e-08
6.037062706906804976e+01 1.348323152667893094e-07
6.047068697562362871e+01 6.480213710531161644e-07
6.066304352012271295e+01 1.202728565364560763e-06
6.089852933468886675e+01 3.498620287978956217e-08
6.099945182664578880e+01 1.072746707833684595e-06
6.110037431860270374e+01 1.229226779666967155e-06
6.129876896091118255e+01 1.622659849707117167e-06
6.150837721343709319e+01 1.928762327940672100e-08
6.170763444114691509e+01 1.241198573302053943e-06
6.183357190974273010e+01 1.492679957381767383e-07
6.194484542651574088e+01 8.082692810869660472e-07
6.214065231262019751e+01 9.329891962794946017e-07
6.233732178412599012e+01 1.006628968854468067e-06
6.246929735053119259e+01 4.985495209129682484e-07
6.258574637971225485e+01 8.164031202759049089e-07
6.263663891839138387e+01 8.082525249169991378e-07
6.276171380158586288e+01 1.222842585313349215e-06
6.295838327309165550e+01 3.427949235103952348e-06
6.328357796939728530e+01 1.812711071402334778e-06
6.335258480150458382e+01 1.668449899101396665e-06
6.351820119856209601e+01 3.176512439214484426e-07
6.363810056934852355e+01 1.615862679447832561e-06
6.377352647735909130e+01 1.684930689603203289e-07
6.390205170215892849e+01 4.465795491765516013e-07
6.403316468316279497e+01 9.463199366328190021e-07
6.415910215175860287e+01 2.270917357452307815e-07
6.432989406122416653e+01 7.599630351775390405e-07
6.446100704222803301e+01 8.146399028950656540e-07
6.458176899841579655e+01 1.040128361873675807e-06
6.468355407577405458e+01 6.326949952783280884e-07
6.484054461881815712e+01 4.165931487085805261e-07
6.497597052682873198e+01 1.166529786034109827e-06
6.509155697060845114e+01 4.325855599939004349e-07
6.517263999833451749e+01 4.970537318822894782e-07
6.528132575890350608e+01 8.905778994837155022e-07
6.538828634866982270e+01 1.400120269944664390e-06
6.549955986544283348e+01 4.779524316961580017e-07
6.561514630922255265e+01 7.979680010590879523e-07
6.574884704643044131e+01 1.480165387672213547e-06
6.584890695298602736e+01 3.492407537890547606e-07
6.594810427414026321e+01 2.253815950633230364e-06
6.605937779091327400e+01 2.745593865767007923e-06
6.616288803907421823e+01 8.541540987905266892e-07
6.629141326387406252e+01 2.126328618504899530e-06
6.641648814706853443e+01 5.749880645399203013e-07
6.661833313098237852e+01 2.257246077696844188e-06
6.675979713680233374e+01 5.158186658989600346e-07
6.687624616598338889e+01 2.105941621062941298e-07
6.698234417034836952e+01 4.145763846725987501e-07
6.712553334697099672e+01 1.979439926436925632e-07
6.730236335424595495e+01 6.404741719931511664e-07
6.741967496882834610e+01 5.829192839600668745e-07
6.751714711917990996e+01 1.457542260445202588e-07
6.762324512354487638e+01 5.644839832500559633e-07
6.779834996001713421e+01 2.999198558378106693e-07
6.793722620963306724e+01 1.204010793812396616e-06
6.814252153515228372e+01 2.275828452912166777e-07
6.824948212491858612e+01 8.934980662480909467e-07
6.837024408110634965e+01 7.992880030443047079e-07
6.848496793948473282e+01 6.693298097529397306e-08
6.861953126209395748e+01 1.438955084807451121e-06
6.881188780659304882e+01 7.944256497739727226e-08
6.893006200657679017e+01 2.954375317305095307e-07
6.907842669560749016e+01 7.874831633195316323e-07
6.930011114375217574e+01 1.517697564146156113e-06
6.944761324738151131e+01 1.418102998267471083e-06
6.956233710575989448e+01 6.473530639864645529e-07
6.967878613494096385e+01 1.732016699519618725e-06
6.979782292032604119e+01 2.074813555349432021e-07
6.997206517139696302e+01 3.319214083996091763e-07
7.009196454218339056e+01 3.087120292078256394e-07
7.027224489106370697e+01 4.092461240237295325e-07
7.035936601659916789e+01 1.045380222140572548e-06
7.046546402096413431e+01 6.537215581399245955e-07
7.056983685452642874e+01 1.814011450688612529e-06
7.067248451728602276e+01 4.985404239887551799e-07
7.078289544865769756e+01 9.181824620536837481e-07
7.094764926031386665e+01 1.996474066129651113e-06
7.105633502088285525e+01 9.493928280107607013e-07
7.127543171282351864e+01 1.406156801727689898e-06
7.146433791571725180e+01 1.630217640078452785e-07
7.159458831131976808e+01 1.635710756850116481e-06
7.183697480909664534e+01 3.861906459743239498e-07
7.197757622951526457e+01 6.194510985339886454e-07
7.208539940468291718e+01 4.299780954633339186e-07
7.218804706744251121e+01 1.568075486123149148e-06
7.231312195063699733e+01 1.058310125364701770e-06
7.244337234623951360e+01 9.584431897828870088e-07
7.261071391409970488e+01 4.537214866133793385e-07
7.282032216662561552e+01 5.850335622767812459e-07
7.296782427025496531e+01 1.130041703714838378e-06
7.316449374176075082e+01 4.400124009553703188e-07
7.341981902055775322e+01 7.342158787351539726e-07
7.362597693147830569e+01 1.379519182092291021e-06
7.373638786284998048e+01 1.115101935258659567e-06
7.393737026136247437e+01 1.885979234670748111e-06
7.407710909637974339e+01 7.786068585421774710e-07
7.420649690658092368e+01 4.593776372669842879e-07
7.431173232554455410e+01 8.049958539177770466e-07
7.443335686713366783e+01 8.007300233951625501e-07
7.461018687440861186e+01 5.790227699529155517e-07
7.472404814738564482e+01 3.117210405130055595e-07
7.483963459116537820e+01 1.810203298733651283e-07
7.494745776633301659e+01 1.521474763779360095e-06
7.503716664807251391e+01 7.203897519473147701e-07
7.515706601885894145e+01 6.371313473327702382e-08
7.527092729183597442e+01 9.326670139170208085e-07
7.543395593268945731e+01 2.655273115879106488e-07
7.562458730638586246e+01 8.691456067042871628e-07
7.574793701877766239e+01 7.477102711867002959e-07
7.582643229029970655e+01 1.841160090783436509e-07
7.593684322167138134e+01 1.427412315794360390e-06
7.604984190924707832e+01 1.917261961757382368e-06
7.616542835302679748e+01 8.514397866881613541e-07
7.630775494424810290e+01 2.246452919239155679e-07
7.651218768436596918e+01 2.381336750108532903e-07
7.669246803324627137e+01 6.839761409122549222e-08
7.678476467118977666e+01 2.447129291726753520e-07
7.696590760547142906e+01 5.239494410110655991e-07
7.708580697625785660e+01 6.657898932431999050e-07
7.717551585799735392e+01 2.275155554455303150e-07
7.729972815579047563e+01 1.854284543452892761e-06
7.747052006525603929e+01 4.913328438030691672e-07
7.761543441268136689e+01 2.400074888732797498e-06
7.776379910171205267e+01 2.574210196889127828e-07
7.795098013380308544e+01 1.264729154111799692e-06
7.807432984619488536e+01 6.747025004831707172e-07
7.817093941114509903e+01 1.081131809990177483e-06
7.828393809872079601e+01 1.460020004592031225e-07
7.841850142133002066e+01 8.199843913635644424e-07
7.857894230597948138e+01 9.696596009007884046e-07
7.864881172348812299e+01 9.283540645361770402e-07
7.881270294974294188e+01 3.361097529000478233e-08
7.900505949424203322e+01 1.841980507373002413e-06
7.930437662850742697e+01 1.604114516887920874e-06
7.945877941534750732e+01 8.944105489383632185e-07
7.960369376277283493e+01 8.716429757936163833e-07
7.971151693794048754e+01 1.084927143669616179e-07
7.982192786931214812e+01 2.020608435883255120e-07
7.992457553207175636e+01 8.437977307446621298e-07
8.013073344299230882e+01 7.338929568580070450e-07
8.022130491013312792e+01 3.683876812653319430e-07
8.031187637727396123e+01 2.653330499348244216e-07
8.042228730864563602e+01 5.903911038177204313e-07
8.054218667943206356e+01 6.645737846546417380e-07
8.074144390714187125e+01 3.999655457591966234e-07
8.096571611149059322e+01 1.885620081451337584e-06
8.123311758590635634e+01 2.377933567689638907e-07
8.133921559027132275e+01 2.605417905029264052e-07
8.145221427784703394e+01 7.626288411365706673e-08
8.161092999169380846e+01 2.057952640309365836e-06
8.170495180043999994e+01 3.433976394692372769e-07
8.182053824421971910e+01 7.590174012930856538e-07
8.194647571281554121e+01 1.621768896955407545e-06
8.216125947774949623e+01 6.576888422242023584e-07
8.232256294780029293e+01 8.102443843364856936e-07
8.244505007479075687e+01 1.615697433671846365e-06
8.254769773755035089e+01 1.413203374001226436e-07
8.265983383972471188e+01 1.289935484411341962e-06
8.278835906452454196e+01 9.066934323571505258e-07
8.297208975501023076e+01 1.018050929468603848e-06
8.314460683527846641e+01 5.473659589815258039e-07
8.325243001044611901e+01 3.188048206924295131e-07
8.334472664838962430e+01 1.171512488619223448e-07
8.343529811553045761e+01 1.734011260067942225e-07
8.354398387609944621e+01 3.150682733954795874e-07
8.371218802936097347e+01 1.971364605948030794e-07
8.382604930233802065e+01 4.002526286474130678e-07
8.395284935633517875e+01 3.386188329197268245e-06
8.410725214317524490e+01 3.250467635039897117e-07
8.423318961177106701e+01 3.212595185422663152e-07
8.436689034897895567e+01 5.187499383994458054e-07
8.448678971976536900e+01 4.772910502884709452e-07
8.466275714163897703e+01 5.715297613423164176e-07
8.487926607737561824e+01 2.282388082762246718e-07
8.498191374013522648e+01 1.724003218717236218e-07
8.508973691530287908e+01 1.003976482745811734e-06
8.519410974886515930e+01 3.457260082459723700e-07
8.529416965542074536e+01 1.700300576829020180e-06
8.542355746562192564e+01 2.568390771113446010e-07
8.550722824955201418e+01 8.374329108798225949e-08
8.563230313274648609e+01 1.207643945054569406e-06
8.574961474732889144e+01 9.457487645068556993e-07
8.587123928891800517e+01 5.598989464046750917e-07
8.598768831809906033e+01 2.077159716173943061e-06
8.611966388450427701e+01 4.970869385426504099e-07
8.628096735455507371e+01 4.000245533207292936e-07
8.639137828592674850e+01 3.279270601150116438e-07
8.649661370489037893e+01 3.047212361656466914e-07
8.664929132092777309e+01 2.076385510911860923e-06
8.683302201141344767e+01 5.657102140684162640e-07
8.693566967417304170e+01 1.006466583570843486e-06
8.704608060554471649e+01 7.222839871102117880e-07
8.730399364054574107e+01 7.918288621521295178e-07
8.744028213395765192e+01 9.972490492936456011e-08
8.762746316604869889e+01 5.842646144960943068e-07
8.776720200106596792e+01 9.853473146006630546e-07
8.787761293243764271e+01 9.463002366019357111e-08
8.796645922877578982e+01 2.025684688660390908e-07
8.807859533095013660e+01 1.188323041865800401e-06
8.828734099807471125e+01 5.442634744036562841e-07
8.842362949148662210e+01 1.210963024782511956e-06
8.854439144767438563e+01 4.686264012680564958e-07
8.867895477028362450e+01 1.238320317277821697e-06
8.884543375274246557e+01 1.646148841805778404e-07
8.895929502571951275e+01 2.817412172506000560e-06
8.908005698190727628e+01 1.125133494203379585e-06
8.921979581692454531e+01 1.242700123873556831e-06
8.933883260230963685e+01 7.533688575005984423e-07
8.943889250886522291e+01 1.122214560464059189e-06
8.953205173221006419e+01 6.205432191952743407e-07
8.964677559058844736e+01 1.740026145890858792e-06
8.975028583874939159e+01 1.656906118934590245e-07
8.983654437888351652e+01 1.484473667213021393e-07
8.994436755405115491e+01 1.075102100531222304e-06
