Frequency Power
2.008379678431597981e-01 1.912015006725776081e-02
4.873994585462048668e-01 1.389173225283773239e-01
7.511013431532805873e-01 3.290685915498469671e-01
1.085831289558546908e+00 2.705661900374429774e-01
1.555269629029347289e+00 1.451135727874088843e-01
1.907960694510018040e+00 7.988556020667608726e-02
2.249221956942704104e+00 2.170272046511028882e-02
2.448427095779009299e+00 4.350154836234108174e-03
2.621506970505634637e+00 9.348226456021204583e-03
2.794586845232259975e+00 2.287538393584608466e-03
2.955420502407473560e+00 2.421811473495028618e-03
3.129316791637526407e+00 1.921172683497630743e-03
3.277087816757900285e+00 1.099867397043816910e-03
3.452616934994808151e+00 1.771817313852597523e-03
3.617532664687158839e+00 8.935620899044123457e-04
3.779999150869226998e+00 1.059510055578251038e-03
3.942465637051295602e+00 5.413222589024540600e-04
4.105748537736791270e+00 6.592837288811084469e-04
4.277195583456562034e+00 6.963473363350472078e-04
4.443744142155767740e+00 5.511912275030674121e-04
4.609476286351545937e+00 2.438674524697801642e-04
4.765411456506194021e+00 5.871315844110903352e-04
4.936858502225964784e+00 1.539559882711474521e-04
5.102590646421742981e+00 2.715680491008902638e-04
5.240564697500986746e+00 2.889289543027475380e-04
5.412011743220757509e+00 3.950022602977887320e-04
5.597337835498795044e+00 2.896319352624792168e-04
5.745108860619168922e+00 1.764363111088907408e-04
5.913290248325229648e+00 4.475862183262589207e-05
6.056979200928465978e+00 2.173038645707043518e-04
6.235773977179083438e+00 1.993774519389796874e-04
6.412119509919419258e+00 2.569634004952812251e-04
6.536214514440395362e+00 2.477041425831739041e-04
6.730521166256135501e+00 1.079667073048108878e-04
6.909315942506753849e+00 8.026020992751758325e-05
7.202408749237218188e+00 2.247098324336343589e-04
7.373855794956988952e+00 2.377058816801297858e-04
7.553466985711034809e+00 8.515011538562782000e-05
7.804106238263270434e+00 8.712759761781385898e-05
8.021272496174979949e+00 1.494476755629340248e-04
8.214762733487292579e+00 1.296426117114635092e-04
8.326611520456856042e+00 1.172798831351634955e-04
8.535613633334291350e+00 1.448791318524009252e-04
8.961782004123435286e+00 8.621332301293115020e-05
9.136494707856915198e+00 5.944079272684289544e-05
9.321004385631525224e+00 1.920175151417371573e-04
9.497349918371861932e+00 6.160633431883920656e-05
9.641038870975098263e+00 1.623879117884545009e-05
9.805954600667448062e+00 9.447031204287966257e-05
9.996179179966050654e+00 5.809302524746204029e-05
1.019783356231263838e+01 1.683646083579724536e-04
1.047541449347798093e+01 4.734430449999807791e-05
1.063379890714291243e+01 5.605816171578676896e-05
1.094240358943849856e+01 6.521104792983654171e-05
1.112038195118569028e+01 1.990909039488554587e-04
1.145347906858410170e+01 1.029847092476297583e-04
1.174412263180428262e+01 2.293226462886330681e-05
1.192699948057203940e+01 7.655456883530774087e-05
1.223968623538476308e+01 1.427191506915150389e-04
1.243889137422106828e+01 9.960357527783281846e-05
1.262748312451281585e+01 8.582632902178891413e-05
1.307161261437736322e+01 1.190824323737940178e-04
1.325612229215197502e+01 9.477327959661119901e-05
1.343899914091973002e+01 5.417773749366697921e-05
1.358268809352296635e+01 1.525222631836090827e-05
1.373454119116047600e+01 1.890622120042503030e-05
1.393048067198307116e+01 1.503832396528640683e-04
1.423663611076837654e+01 1.462130310446271462e-04
1.443502483510125423e+01 5.347932759454322222e-05
1.462688224340671184e+01 2.266009407592132187e-05
1.481710682270531443e+01 5.298477981970033639e-05
1.506611324625069415e+01 7.724962714913498395e-05
1.525960348356300678e+01 8.060903578665821003e-05
1.550371142008782321e+01 6.345335226243282317e-05
1.595437222597979243e+01 9.193922705941158491e-05
1.615276095031266834e+01 3.682327501217729995e-05
1.634543477312155346e+01 5.325249100074260481e-05
1.653892501043386787e+01 3.082837421486229410e-05
1.678058370344840000e+01 1.492724549821149887e-04
1.700754693540124052e+01 5.530853025637921030e-05
1.720593565973411643e+01 6.591620068267433285e-05
1.761659215495813768e+01 8.490159510749178788e-05
1.783457482737327737e+01 8.039619372321087445e-05
1.807460069138095449e+01 1.038906347722297845e-04
1.835299803704972632e+01 3.659242373032387067e-05
1.854730468886546291e+01 5.653953164836329510e-05
1.876855301929431263e+01 1.236687053132310061e-04
1.891714045891811224e+01 7.105124501133978378e-05
1.912450974278869253e+01 1.695789828397423665e-05
1.929840603201874671e+01 2.539575234527531562e-05
1.962823749140344631e+01 1.072971206292546451e-04
1.988785730349338365e+01 4.150832321549158526e-05
2.011482053544622417e+01 6.424845207571238076e-05
2.032708830633736952e+01 1.539658979011254074e-05
2.048220706198858920e+01 5.851342170557960243e-05
2.095246181596281687e+01 1.503377615700150121e-04
2.120799955553561844e+01 4.916782796896323934e-05
2.137863018675196258e+01 3.590489715939808969e-05
2.171499296216408226e+01 1.016675793635136673e-04
2.191664734451066820e+01 2.885688213881859213e-05
2.208319590320987658e+01 1.172845764569902496e-05
2.227097123899819664e+01 4.901797431073373802e-05
2.242527358014599059e+01 6.516466723538597635e-05
2.260243552738975126e+01 4.341998796688026113e-05
2.276898408608895608e+01 1.407669194292802119e-05
2.298533392949724075e+01 7.825580814868919252e-05
2.338619345068013189e+01 2.877473813864713829e-05
2.355519125288962101e+01 1.659065826379156429e-05
2.377154109629790213e+01 1.425729143410185511e-04
2.399442225573360332e+01 8.100950043560428855e-05
2.428098374643665025e+01 5.408830858051701573e-05
2.449815000434835710e+01 6.469066521341498388e-05
2.471368343325321248e+01 9.686960825513379815e-05
2.507290581476130242e+01 3.344646145267945108e-05
2.534150618638894414e+01 2.082641331305278254e-05
2.555867244430065455e+01 6.859677527797763128e-05
2.581502659837688185e+01 7.269148587712767466e-05
2.602484512575774289e+01 1.697648301066666490e-05
2.618322953942267262e+01 5.870955127395288838e-06
2.639794655382410227e+01 2.268472014941035864e-05
2.666573051094831470e+01 3.397984687771306539e-05
2.707393776266205521e+01 3.724801037320324561e-05
2.726497875646408531e+01 1.295947481774481703e-05
2.745112126324555035e+01 3.730037223836737324e-05
2.763563094102016038e+01 3.871842612781572975e-05
2.782014061879477040e+01 3.037793653810047792e-06
2.798342351948026518e+01 7.964506712082014320e-06
2.813854227513148487e+01 1.810842787863291894e-05
2.838591586967001135e+01 9.492563833159845237e-05
2.866349680083535389e+01 3.493121085996791548e-05
2.891903454040815546e+01 3.308490675419441138e-05
2.906353990751481930e+01 3.220293893465450111e-05
2.923417053873116345e+01 1.530107029172517692e-05
2.945460245465658389e+01 4.050308551718855384e-05
2.971912075376708628e+01 4.457599978662790940e-05
3.008160879328888626e+01 1.211499924006723392e-05
3.042613571373528103e+01 6.996087923957945969e-05
3.079107299676736531e+01 1.171693122630240175e-05
3.099925869514137133e+01 6.495696712884605055e-06
3.121724136755650747e+01 7.888751932241682178e-05
3.147441193613616406e+01 3.026490017900382735e-05
3.171362138564041544e+01 3.670602298307962935e-05
3.205488264807310372e+01 2.827710795333599194e-05
3.225735344492311896e+01 2.462202197988630744e-05
3.255126266615700814e+01 6.022092680150988909e-05
3.279128853016468526e+01 3.089698724369436411e-05
3.302315024913809083e+01 2.991869893529987889e-05
3.330889532533770847e+01 8.797939364729769345e-05
3.367464902287321848e+01 2.369431856840182893e-05
3.405591459597385295e+01 8.470253138507715187e-05
3.432206572409121037e+01 2.210488692263036753e-05
3.465761208499990431e+01 2.494660027000633715e-05
3.479966820859628740e+01 2.795468383106028640e-05
3.500785390697028987e+01 4.008372450092772551e-05
3.520134414428260783e+01 2.059935471930453486e-05
3.541769398769088895e+01 1.020939826627620200e-04
3.567486455627054198e+01 1.965887407537102248e-05
3.578752975774353473e+01 1.593195977058654709e-05
3.619247135144356520e+01 7.216895229673760505e-05
3.655414297646193944e+01 2.958571104776807451e-05
3.687825953432264470e+01 5.344322070049795998e-05
3.711746898382689608e+01 3.935967951945684403e-05
3.742117517910192248e+01 4.916416851963121149e-05
3.781876904227110003e+01 3.539215064436625349e-05
3.824738665657052650e+01 6.538069559091257480e-05
3.868825048842136738e+01 5.316701066901528030e-05
3.910298905616252796e+01 9.689473839475180709e-05
3.945731295065005639e+01 2.473387913894009474e-05
3.966794789253434317e+01 7.809430670729426458e-06
4.001737330000130299e+01 4.756458729282441920e-05
4.027372745407753030e+01 4.770792010028909307e-05
4.060764098597937277e+01 2.048662619292479715e-05
4.075051352407918159e+01 2.968806707006406255e-05
4.093828885986749810e+01 1.394784528559464121e-05
4.112116570863525311e+01 5.265069044563609518e-05
4.135139459860180722e+01 4.827419218863393665e-05
4.151631032829415346e+01 3.435016644023740768e-05
4.179307484495606673e+01 2.434723983445337935e-05
4.202003807690891080e+01 6.174944296248589977e-05
4.227475940197827953e+01 1.235723769707340799e-05
4.245273776372547303e+01 1.452226882860624421e-05
4.283563616583295897e+01 1.310353266474961829e-04
4.311158426799144650e+01 3.093887260576593207e-05
4.352305717771889704e+01 2.255378811603362175e-05
4.372634438907233800e+01 6.454066412870541468e-05
4.394187781797719339e+01 7.338479750314953851e-05
4.417129029344031466e+01 5.546915056899178430e-05
4.459909149323631539e+01 2.735188761269402086e-05
4.484973074578854835e+01 6.675888292978245499e-05
4.522364858835833701e+01 5.268136967012945587e-06
4.564736771563719486e+01 8.840763449585053611e-05
4.595433956892593130e+01 3.649648617498428820e-05
4.621722503902957868e+01 4.965557478878182226e-05
4.654705649841427828e+01 1.390595128974672797e-04
4.675116012427115209e+01 4.298713497197933140e-06
4.692097434098406694e+01 3.078491996306013289e-05
4.709813628822782761e+01 1.449674259710868945e-05
4.723121185228650631e+01 9.393685002857442100e-06
4.742062001708168140e+01 2.441102215058054095e-05
4.767044285513048862e+01 1.006837410880386040e-04
4.794149247026841465e+01 9.529859962555382820e-06
4.811049027247790377e+01 4.058131315301007916e-06
4.853502581426018736e+01 1.064648373635331837e-04
4.878974713932956320e+01 6.368999095609764922e-05
4.900446415373099285e+01 4.802135945193097502e-05
4.939062821385218882e+01 2.212738120122178625e-05
4.964779878243184186e+01 1.627597342672479133e-05
4.985435165179899286e+01 7.763708235718478126e-05
5.027480512106414778e+01 3.735499389005876320e-05
5.057034717130489554e+01 4.363371716505129699e-05
5.079894323226459107e+01 4.120471470432534488e-05
5.112795827714586494e+01 7.012656030219074651e-06
5.137206621367067783e+01 7.202914761568106957e-05
5.165536204636001116e+01 1.851571083668093100e-05
5.189620432487112112e+01 3.803241670749263353e-05
5.225869236439292109e+01 1.267152628947978727e-04
5.250769878793830259e+01 2.169833111878434644e-05
5.272568146035344228e+01 4.543685131649129042e-05
5.296489090985769366e+01 2.856087035147508905e-05
5.309225157239237802e+01 3.295524022879856301e-05
5.336166835852344548e+01 8.068320043430298447e-05
5.359516290650370252e+01 5.060827451298561972e-05
5.405725351544365509e+01 8.216503013151351916e-06
5.424584526573540444e+01 5.047857635057222814e-05
5.447035925417796420e+01 1.256325748770440321e-04
5.473079548077132728e+01 6.984061513606263380e-05
5.503531809054977941e+01 3.690306183633055968e-05
5.525248434846148626e+01 1.977709559235986452e-05
5.547944758041432323e+01 1.089921020795293922e-05
5.563783199407925650e+01 3.202938507935221589e-05
5.592520989928572561e+01 7.150614136995368298e-05
5.615788803276256402e+01 2.386429082956597643e-05
5.647955534711298498e+01 1.153264042463469002e-04
5.685102394617248933e+01 1.271917575331713226e-05
5.706492454607048614e+01 1.898756481016069416e-05
5.729678626504389172e+01 1.293205278461676694e-04
5.756538663667153344e+01 1.831280285354656696e-05
5.792052694566248761e+01 4.861979908109768098e-05
5.814993942112560887e+01 3.912732330611009418e-05
5.839404735765042176e+01 4.315552719986004388e-05
5.865938207126435344e+01 5.086401704555862190e-05
5.906350725046095818e+01 1.511033908799570671e-05
5.928802123890351794e+01 1.519487000283441323e-04
5.950763674032550909e+01 4.343950285866233206e-05
5.975256109135374771e+01 3.421757211361871431e-06
6.015505344154349388e+01 9.235784964892713935e-05
6.040977476661286971e+01 2.843726205847941116e-05
6.071593020539817331e+01 7.377995733037152394e-05
6.101228867014234680e+01 8.423477015439691479e-05
6.124333397461232664e+01 1.044573165999493206e-05
6.142784365238693312e+01 4.938039429566824383e-05
6.168338139195973469e+01 1.324933377617401027e-05
6.189728199185773860e+01 2.626246550179452434e-05
6.213812427036884145e+01 1.921773700224077607e-04
6.246877214425697389e+01 3.511607083111461511e-05
6.273655610138118277e+01 2.950161886401458208e-06
6.295290594478946389e+01 1.644013247372799811e-04
6.321497500038968553e+01 5.613220636988625810e-05
6.344602030485966537e+01 6.069491725431368749e-05
6.389178262373106776e+01 4.812388488217740612e-05
6.412037868469076329e+01 1.635501201566532677e-05
6.432856438306477287e+01 1.415987374023949732e-04
6.470248222563455442e+01 5.232488044571761006e-05
6.497026618275876331e+01 4.384487420614779533e-05
6.522825316584184918e+01 6.672225042848398276e-05
6.579484483122051586e+01 5.144427395900423583e-05
6.606017954483445465e+01 3.474732552842479087e-05
6.635817083858547960e+01 7.820544730854523947e-05
6.670106493002502646e+01 1.171097037209178486e-04
6.724724623281800007e+01 3.583807271610585339e-05
6.755911657312729801e+01 6.408813403299654815e-05
6.781628714170696526e+01 7.966788298222343830e-05
6.803998471564608508e+01 1.310508985609924997e-04
6.849146193604148891e+01 4.999799839228168569e-06
6.870617895044290435e+01 7.530740262963892808e-05
6.891681389232719823e+01 1.420995074947986765e-04
6.914540995328690087e+01 9.873257318775328592e-06
6.951932779585668243e+01 1.201232599011070666e-04
6.985324132775852490e+01 6.355267442475638867e-05
7.006387626964280457e+01 3.936229680437067251e-05
7.036676605041439814e+01 8.037373587441505758e-05
7.064353056707631140e+01 4.060435789218261830e-05
7.095050242036505495e+01 1.194980044567335120e-04
7.123216542404753682e+01 4.002851816125416900e-05
7.150239862468203000e+01 3.976284095737250824e-05
7.174242448868970712e+01 1.620439431091338727e-04
7.202816956488932476e+01 1.881693751034051244e-05
7.239310684792140194e+01 1.427150469118138346e-04
7.262986705391537612e+01 9.094699865475649840e-05
7.285029896984079301e+01 2.788035259681846624e-05
7.319809154830089426e+01 1.039120027217839296e-04
7.345689494588741297e+01 5.245546735828260647e-05
7.376060114116242517e+01 1.767809721715170605e-04
7.407410431047858879e+01 1.568946772854081965e-05
7.430351678594171005e+01 1.964917795372646270e-05
7.457701564458990617e+01 1.830882927344303437e-04
7.485051450323811650e+01 2.679724544743337177e-05
7.518442803513995898e+01 1.001965497282873875e-04
7.541873899762363465e+01 1.550176089133086335e-04
7.559835018837769383e+01 6.510396615114924057e-05
7.581470003178597494e+01 3.769875771171633854e-05
7.608738247593075243e+01 1.092807173858700116e-04
7.634373663000697263e+01 8.815950937416668727e-05
7.658131325050436544e+01 9.796941985698664438e-05
7.685807776716629292e+01 3.926093458305961019e-05
7.723444485324635878e+01 1.675228836705057670e-05
7.743936489360665121e+01 1.199405276853844903e-04
7.767041019807662394e+01 8.165329243075105433e-05
7.802146843455044234e+01 2.508430412169479289e-05
7.833742084737687605e+01 1.373079186324964657e-04
7.854479013124745279e+01 6.097035938035192136e-05
7.878318316624827844e+01 1.596968869117722657e-04
7.921343360955455637e+01 9.911049986623445549e-05
7.945754154607938347e+01 1.426409153161376116e-04
7.973022399022416096e+01 1.563274442201141666e-04
8.005025847556773044e+01 3.852302802095355569e-05
8.026007700294859148e+01 2.129124246316092773e-04
8.047561043185343976e+01 1.702572855070157002e-04
8.088626692707747168e+01 3.968528558903352502e-05
8.116629710175308787e+01 2.884192447821556362e-04
8.150674194968235042e+01 5.740407223618671943e-05
8.167982182440897532e+01 5.869140847114877552e-05
8.200312196776626195e+01 1.671314119149930506e-04
8.225621046382877921e+01 1.603268628771668499e-04
8.251991234843585232e+01 1.701667347759824324e-04
8.309793381686250768e+01 1.243638798703435510e-04
8.328244349463712126e+01 1.839475567512512816e-04
8.341062057167523847e+01 1.847365677164624243e-04
8.368493584482686742e+01 3.817394322991435568e-05
8.400905240268757268e+01 2.458600721905909964e-04
8.427928560332206587e+01 8.029735211624338309e-05
8.455686653448741197e+01 1.184291354223334226e-04
8.483118180763904093e+01 2.415268323839639387e-04
8.501242582739995157e+01 1.112682704282012683e-04
8.539695705851428897e+01 2.870857617139073556e-04
8.570392891180301831e+01 1.019085622178440446e-04
8.602886188416715640e+01 1.790355568622343260e-04
8.620194175889378130e+01 2.791453431004483460e-04
8.644278403740489125e+01 5.076903207423427461e-05
8.685017487461520602e+01 3.559547515102043955e-04
8.708611866610574737e+01 2.829481014464488319e-04
8.772128914977231773e+01 1.806666510017317507e-04
8.795478369775257477e+01 1.889401037906568318e-04
8.821113785182880918e+01 3.338038845699637476e-04
8.856056325929576190e+01 1.455358798861783440e-04
8.910592814758533109e+01 3.787348433029907348e-04
8.934350476808272390e+01 2.091725205020585640e-04
8.971823902515593829e+01 3.880863609025765387e-04
8.994765150061905956e+01 4.163363309848145950e-04
9.016971624555132792e+01 1.220319454350370461e-04
9.036075723935336157e+01 2.523545837344903678e-04
9.053791918659712223e+01 3.934148664415125832e-04
9.075426903000540335e+01 7.541264076881766575e-04
9.112165555654776483e+01 4.154779951607567856e-04
9.141883043579537116e+01 3.719395717479161059e-04
9.171029041351897604e+01 6.305770419076005490e-04
9.191194479586556554e+01 1.204549677940323308e-03
9.212584539576356235e+01 5.106805987027308478e-04
9.278305907102269146e+01 1.588434531871278687e-03
9.308758168080113649e+01 1.034043581700990443e-03
9.334883432189792529e+01 1.248272958232547487e-03
9.353171117066568740e+01 1.480938062627665643e-03
9.369581048585460792e+01 1.141110738536725349e-03
9.396114519946854671e+01 2.262118295964601379e-03
9.453753383888833639e+01 9.251405503398013250e-03
9.470326598308412258e+01 9.202386568844030806e-03
9.495063957762265261e+01 1.099898098098669313e-02
9.516535659202406805e+01 1.330932304374510960e-02
9.536782738887409039e+01 1.074114675337113113e-02
9.581930460926948001e+01 7.914354878915305300e-03
9.600054862903039066e+01 9.404389339815079699e-03
9.625853561211346232e+01 1.078521521325251017e-02
9.647243621201147334e+01 1.504810881013888754e-02
9.670429793098486471e+01 1.418160327486253126e-02
9.708148143156836340e+01 1.185638560592242562e-02
9.726272545132925984e+01 1.092158305867773835e-02
9.769134306562868630e+01 2.783141740506026550e-03
9.791340781056096887e+01 1.693340940654464470e-03
9.809465183032186530e+01 1.136193660758589956e-03
9.828242716611018182e+01 4.346099575234809408e-04
9.846856967289164686e+01 6.146129278834303587e-05
9.871267760941647396e+01 3.607426721684164092e-04
9.891678123527333355e+01 1.580246594795385031e-03
9.911516995960622012e+01 9.614374971170662519e-04
9.929314832135339941e+01 1.018268119578371987e-04
9.943112237243265383e+01 1.137023962479125370e-04
9.958134264106330136e+01 3.264783053534384442e-04
9.977320004936876785e+01 5.930154122734658138e-04
1.000026125248318891e+02 8.910590798827798965e-04
1.001977355911510585e+02 2.283578606553681497e-03
1.003887765849530780e+02 5.434926490909352745e-03
1.005830832367688288e+02 8.558935345389883514e-03
1.007765734740811325e+02 8.880714562527104380e-03
1.009725129549037348e+02 8.925797742409079596e-03
1.011766165807605944e+02 1.116197576772156447e-02
1.013717396470797638e+02 1.133258922416905366e-02
1.015595149828680803e+02 1.388122717549220356e-02
1.017489231476632625e+02 1.784153478515732721e-02
1.019440462139824319e+02 2.213161226797779810e-02
1.021473334253358729e+02 2.292263764004091528e-02
1.023514370511927467e+02 2.825593201017179493e-02
1.025555406770496063e+02 3.820352030726705678e-02
1.027563786448927772e+02 3.504207624014733097e-02
1.029580330272393525e+02 3.246432324208752690e-02
1.031678515546202135e+02 3.181012774523353515e-02
1.033793029110079402e+02 3.052602884129252195e-02
1.035801408788510969e+02 2.694046293468189621e-02
1.037744475306668335e+02 2.377364315840471351e-02
1.039687541824825843e+02 2.163534204106054570e-02
1.041638772488017395e+02 1.171352241180670904e-02
1.043549182426037731e+02 9.956440840412358190e-03
1.045541233814400783e+02 1.533368073468641818e-02
1.047484300332558149e+02 1.644672825830895135e-02
1.049386546125544157e+02 1.244990446632560956e-02
1.051321448498667337e+02 1.016727812924819903e-02
1.053403305482407433e+02 6.290498519222363291e-03
1.055640281221798773e+02 2.878001257674546887e-03
1.057518034579681938e+02 2.675975539751428156e-03
1.059305982342188059e+02 3.699485951421664295e-03
1.061085765959659994e+02 1.542545744322814955e-03
1.062743087401617714e+02 5.609975900699513247e-05
1.064000365736896043e+02 2.986486620941086962e-04
1.065657687178853905e+02 1.216761632748210396e-03
1.067559932971839913e+02 3.446991710142071827e-03
1.069380537314483206e+02 1.261047090404402229e-03
1.070915396580926853e+02 4.182948431602015330e-04
1.072491076572541857e+02 2.779549017669842343e-04
1.077014012921530082e+02 3.690453099196084729e-03
1.079087705760235849e+02 3.623996204503611950e-03
1.080818504507502098e+02 3.780846963642174336e-03
1.082941182216413551e+02 1.084190261838801576e-03
1.085725155673101341e+02 3.996659331576463831e-03
1.088451980114549116e+02 6.457193069358699300e-03
1.090305241037329438e+02 6.663895497141802959e-03
1.092509560196583607e+02 3.817080559065646680e-03
1.094142389203438626e+02 3.529170852442824538e-03
1.097628479133073967e+02 3.193275586694902923e-03
1.099342949590271701e+02 3.976814168716903686e-03
1.101873834550896873e+02 4.205334779177217347e-03
1.104045497130013871e+02 3.020568968298388036e-03
1.106347786029679412e+02 9.737240214364997412e-04
1.108013271616671460e+02 1.366674688694934428e-03
1.111474869111203958e+02 2.136466285944780066e-03
1.113613875110183926e+02 4.672794161897060074e-03
1.116030462040329354e+02 5.035904243273856690e-03
1.118047005863795249e+02 5.539977878732731294e-03
1.121247350717230944e+02 2.829458442844115518e-03
1.122888343869120149e+02 3.717287095299425144e-03
1.125149812043614190e+02 6.883483337816191823e-03
1.127264325607491458e+02 9.589516335052103435e-03
1.129533957927019827e+02 7.769165016282929617e-03
1.131591322475657080e+02 5.695380952694430177e-03
1.133885447230288293e+02 2.286166985582814646e-03
1.135085576550326607e+02 2.520076357186140040e-03
1.136530630221393352e+02 2.399251764346968779e-03
1.138783934250853207e+02 5.836842555270204888e-03
1.140996417555141562e+02 6.796057804955457637e-03
1.143021125523641786e+02 1.024260901635572554e-02
1.145135639087518911e+02 1.022755897139542881e-02
1.146972571720230718e+02 1.596919252495509686e-02
1.149299353054999102e+02 1.360478117335595268e-02
1.151177106412882267e+02 1.712253520191083997e-02
1.153479395312547808e+02 1.357958115172137707e-02
1.155071403594231327e+02 1.713369809687772041e-02
1.157439005654171069e+02 1.311429227357099013e-02
1.159333087302122749e+02 1.291936055637704812e-02
1.161798659102473721e+02 6.964960261145055308e-03
1.163202892048369108e+02 6.521607298124652147e-03
1.165692956283822923e+02 9.174311992082752202e-04
1.168109543213968209e+02 2.100619418671682143e-03
1.172591658837785076e+02 2.223411657806285361e-03
1.176722716225128096e+02 7.680921305867942361e-03
1.181515069360247452e+02 1.087953511500167406e-02
1.187687163006159210e+02 1.567762644925844995e-02
1.191646773347782471e+02 1.862636102001424127e-02
1.196398305757730327e+02 1.016558355456960265e-02
1.201060032572301282e+02 5.947262199862014126e-03
1.205484999180878134e+02 1.241894742611767723e-02
1.207281111088418584e+02 1.342947859998143770e-02
1.211934673757955210e+02 1.796377063914185793e-02
1.215739165343927368e+02 1.455052562864384003e-02
1.222213332356107287e+02 9.661484106516170581e-03
1.227699637819139866e+02 2.964537224746967292e-03
1.235708664097763432e+02 9.004384810530358801e-03
1.241015358370042065e+02 1.774265125579900168e-02
1.242370606445731624e+02 1.879898842570541795e-02
1.245693413474681535e+02 1.580586864397937746e-02
1.247563002687530371e+02 1.781112462904691288e-02
1.252975830845254563e+02 1.621618956284306620e-02
1.255327104615125791e+02 1.538116086560523121e-02
1.260160278475416504e+02 2.280949348366952470e-02
1.265213884251632521e+02 1.619242017410934056e-02
1.270234833447711509e+02 3.154098754180323372e-03
1.272145243385731845e+02 3.846123260497625544e-03
1.275370080674270383e+02 1.169392844101102818e-03
1.280105284794149725e+02 5.269119717786631407e-03
1.285330337616085501e+02 6.391787377697992142e-03
1.289755304224662495e+02 3.148568517594900560e-03
1.293118931978783621e+02 7.172214303496911303e-03
1.297813315373491889e+02 5.735095454245635847e-03
1.303144502080873224e+02 2.260946267294349204e-03
1.308875731894934233e+02 2.265205697666041428e-04
1.314051799846664323e+02 1.976711091203735456e-03
1.322411884361761736e+02 3.957888799980132169e-03
1.326077585482151164e+02 5.415862871609145555e-03
1.331572055090217930e+02 3.980727335186006431e-03
1.336870585217462235e+02 8.758517195311357100e-04
1.339279008002573335e+02 9.109266408298893154e-04
1.344438747664235052e+02 5.082000502037571600e-04
1.347524794487191002e+02 5.421790248041781892e-04
1.352962115080017895e+02 7.353445787300408581e-04
1.357517708009143291e+02 4.151626346128637853e-04
1.360252696595625252e+02 5.199708218656233245e-04
1.363518354609335290e+02 5.971592089377234725e-06
1.365918613249411919e+02 3.664795616859555720e-04
1.368171917278871774e+02 3.753867478206060178e-04
1.373347985230602148e+02 3.447788233224140003e-04
1.376401375473420785e+02 8.192547426644626422e-05
1.378964917014183129e+02 1.702486622093259084e-04
1.381161072028403112e+02 2.589553436874584874e-04
1.386304483399996172e+02 2.570172174242684317e-04
1.388663921314901586e+02 3.749321619310203718e-04
1.394142062632899979e+02 3.773040339832819728e-04
1.396395366662359834e+02 1.074879068712952855e-04
1.401971477720769599e+02 6.985787083988337798e-04
1.407229187122842404e+02 2.908482024349517405e-04
1.409490655297336730e+02 1.688401373935447458e-04
1.425867930236091752e+02 3.000531582377101089e-02
1.428896828043807830e+02 2.948682234644560765e-02
1.431133803783199028e+02 2.904019907221431357e-02
1.438816264260451590e+02 8.724336857442916218e-03
