Frequency Power
1.518275610009105492e-01 2.810930609468994049e-03
2.361762060014164222e-01 2.356845928785367833e-03
3.542643090021246333e-01 8.101216003413239108e-02
5.482661925032881189e-01 9.681971549006525291e-03
6.747891600040468729e-01 3.312948930811752679e-01
7.928772630047551395e-01 2.235525854887864677e-02
8.687910435052104141e-01 1.780482672272249225e-02
9.784442820058679713e-01 3.477224059345795926e-01
1.096532385006576238e+00 1.002554859643806431e-02
1.172446165507031512e+00 6.491661512647430715e-03
1.248359946007486787e+00 7.890691774535151318e-03
1.358013184508144455e+00 2.017177140230512478e-01
1.467666423008801901e+00 1.578963793207164429e-02
1.552015068009307885e+00 1.279111220104652870e-02
1.653233442009914844e+00 6.659573534000128026e-02
1.754451816010522025e+00 6.617185577915154354e-03
1.838800461011027787e+00 4.182119811993341256e-03
1.940018835011634746e+00 1.417536439481054990e-02
2.100281260512595782e+00 4.014080456097333461e-04
2.176195041013051057e+00 3.134361252643272843e-04
2.260543686013557263e+00 3.089302408329434434e-04
2.344892331014063025e+00 1.427618774939905071e-03
2.446110705014670206e+00 7.141944592133772033e-04
2.522024485515125480e+00 3.394788188645874024e-04
2.614807995015681730e+00 1.046979633025675897e-03
2.724461233516339398e+00 7.438529785315271077e-04
2.901593388017401853e+00 4.066231624613260215e-04
3.011246626518059077e+00 3.116719377128073778e-04
3.095595271518565283e+00 1.882645616224781770e-04
3.196813645519172020e+00 1.247307458090464178e-04
3.272727426019627295e+00 1.972131832587974165e-04
3.373945800020234476e+00 1.484937827374269333e-04
3.449859580520689750e+00 2.379223126139927061e-05
3.542643090021246444e+00 8.360931145740572925e-05
3.593252277021549812e+00 1.085629203328345002e-04
3.694470651022156993e+00 2.020907639446682517e-04
3.778819296022662755e+00 6.441125966047896753e-05
3.871602805523219004e+00 2.273474215498068112e-04
3.972821179523826185e+00 8.911154425946304013e-05
4.048734960024281015e+00 1.278553061067061057e-04
4.200562521025191565e+00 1.706934174845395336e-04
4.318650624025900164e+00 1.409829115279512637e-04
4.487347914026911688e+00 8.304562820982921056e-05
4.630740610527771750e+00 8.151897296703494418e-05
4.807872765028833761e+00 1.557285906266482535e-04
4.976570055029846174e+00 1.843823786045391830e-04
5.145267345030857697e+00 9.177725033430943311e-05
5.322399499531919709e+00 6.385913223026585324e-05
5.440487602532628308e+00 4.967503853882969443e-05
5.617619757033690320e+00 9.762164704119622241e-05
5.769447318034600869e+00 7.290782534176256985e-05
5.895970285535359956e+00 7.418989868477383236e-05
5.963449201535764743e+00 7.416276525703700481e-05
6.081537304536472455e+00 8.725966033132390805e-05
6.258669459037535354e+00 7.324929091808999519e-05
6.427366749038546878e+00 2.796734526105691177e-05
6.545454852039254590e+00 4.859584113809149540e-05
6.722587006540317489e+00 5.586503518817178144e-05
6.899719161041379500e+00 9.556259396747308346e-05
7.051546722042290050e+00 4.444022535904867087e-05
7.203374283043200599e+00 5.794382915772939842e-05
7.313027521543858711e+00 2.966943289284019607e-05
7.388941302044313986e+00 9.053310084531294413e-05
7.498594540544971210e+00 9.031813872762270358e-05
7.582943185545476972e+00 2.529723544091489769e-05
7.684161559546083708e+00 6.025807115997360258e-05
7.835989120546994258e+00 3.582903472194726022e-05
7.979381817047854319e+00 4.742216762299128713e-05
8.097469920048562031e+00 3.108971012790876030e-05
8.181818565049068681e+00 3.854299688440228838e-05
8.266167210049575331e+00 2.506829590937886308e-05
8.350515855050080205e+00 1.234571869477753862e-05
8.460169093550737429e+00 4.303580300015294067e-05
8.586692061051497404e+00 1.942918811091376443e-05
8.687910435052103253e+00 5.971007184333226042e-06
8.772259080052609903e+00 4.282459648983690941e-05
8.881912318553267127e+00 7.132751998415396250e-06
8.966260963553773777e+00 3.093284563952386761e-05
9.075914202054431001e+00 1.665094297960733051e-05
9.177132576055038626e+00 5.727752334012701812e-06
9.295220679055745450e+00 3.601117583825762833e-05
9.396439053056353075e+00 6.146828817092004707e-06
9.463917969056756974e+00 3.956908229010240061e-06
9.548266614057263624e+00 1.910124422414311181e-05
9.632615259057770274e+00 6.129049593303983762e-05
9.742268497558427498e+00 3.476731075056612233e-05
9.826617142558932372e+00 1.479022352205031276e-05
9.910965787559439022e+00 5.509411609950209401e-05
1.002905389056014762e+01 3.405054669739519319e-05
1.008809794206050192e+01 4.474803927074578661e-05
1.023992550306141247e+01 6.176494088109369543e-06
1.034114387706201832e+01 3.486187806298641237e-05
1.041705765756247359e+01 5.550433239844892728e-06
1.051827603156308122e+01 8.613721116162340291e-05
1.061105954106363747e+01 2.235333650895194709e-05
1.071227791506424509e+01 5.223326595850880306e-05
1.086410547606515564e+01 5.519843903272516190e-05
1.103280276606616717e+01 4.054930511120585302e-05
1.115089086906687577e+01 3.250834167525829823e-05
1.131958815906788729e+01 2.829080585797606805e-05
1.146298085556874646e+01 6.640910961265735912e-06
1.155576436506930271e+01 1.238448001104980235e-05
1.164854787456985896e+01 1.176499538990930947e-05
1.180881030007082089e+01 1.075481027266576358e-05
1.191846353857147811e+01 1.002707204445819222e-05
1.202811677707213533e+01 2.810295066905415230e-06
1.212090028657269158e+01 1.016762283853241686e-05
1.221368379607324961e+01 1.026102672799695922e-05
1.229803244107375448e+01 2.100179754658892213e-05
1.239081595057431073e+01 2.352158601354726905e-05
1.248359946007486698e+01 2.041596900315730266e-05
1.257638296957542323e+01 4.637865664262969060e-05
1.266916647907598126e+01 1.388918062815739351e-05
1.276194998857653751e+01 3.719841084398526867e-05
1.293064727857754903e+01 8.615205439724412271e-06
1.301499592357805390e+01 4.333763441548554377e-06
1.310777943307861193e+01 8.054524210422490791e-06
1.319212807807911680e+01 1.066517102972098324e-05
1.329334645207972443e+01 1.543127229997064593e-05
1.345360887758068458e+01 2.669657197927143130e-05
1.371508967708225413e+01 1.557234474627199188e-05
1.380787318658281038e+01 1.034157601753903053e-05
1.389222183158331525e+01 2.217674857214520115e-05
1.399344020558392288e+01 1.805492868989220682e-05
1.408622371508447912e+01 9.620434725544309203e-06
1.416213749558493440e+01 2.241682387100287665e-06
1.424648614058544105e+01 1.759979914704797003e-05
1.433926965008599730e+01 4.437744552513676064e-05
1.444048802408660315e+01 9.268859108713678406e-06
1.459231558508751370e+01 1.227565326055028545e-05
1.468509909458806995e+01 3.051550592667258058e-05
1.478631746858867757e+01 1.609185399082687208e-05
1.487910097808923382e+01 1.987433080486373640e-05
1.497188448758979007e+01 2.431913433180740190e-06
1.505623313259029672e+01 3.870402238408946766e-06
1.514058177759080159e+01 1.218252011496486852e-05
1.523336528709135962e+01 4.175473053270719840e-06
1.531771393209186449e+01 2.131957061917570959e-06
1.541893230609247212e+01 1.833051651360332056e-05
1.547797635759282642e+01 2.091785084172652129e-05
1.558762959609348364e+01 8.207542572624567829e-06
1.566354337659393892e+01 6.797277218017386055e-07
1.575632688609449517e+01 1.760406557034818219e-05
1.584067553109500182e+01 9.633406496258329607e-06
1.600093795659596196e+01 1.830241110654790468e-05
1.619493984009712406e+01 5.362770621267731969e-05
1.633833253659798501e+01 1.504349389908893596e-05
1.642268118159849166e+01 3.900545883700175928e-06
1.651546469109904791e+01 1.685210848707583312e-05
1.660824820059960416e+01 1.008047000160222455e-05
1.669259684560011081e+01 1.664846224251528823e-05
1.678538035510066706e+01 1.982507443632940873e-05
1.687816386460122331e+01 7.096952217267532578e-06
1.695407764510167681e+01 9.986968319920112630e-06
1.703842629010218346e+01 2.173435810814685083e-06
1.712277493510269011e+01 2.542905417762748909e-05
1.720712358010319676e+01 2.212519398041490397e-05
1.730834195410380261e+01 2.978127016261460517e-05
1.740112546360435886e+01 4.788662615184738743e-06
1.748547410860486551e+01 1.952816253109022362e-05
1.758669248260547135e+01 2.394728673498194220e-05
1.767947599210602760e+01 9.898795795479685013e-06
1.778069436610663701e+01 3.292113935962413362e-05
1.788191274010724285e+01 1.914184775864791082e-05
1.796626138510774950e+01 3.558933473755334548e-06
1.804217516560820300e+01 1.064771284391545524e-05
1.814339353960881240e+01 1.481894313505883659e-05
1.830365596510977255e+01 2.253359113320738886e-05
1.838800461011027920e+01 1.486402881943243991e-05
1.848922298411088505e+01 1.132511324880529623e-05
1.857357162911139170e+01 5.675282917648550550e-06
1.865792027411189835e+01 6.019680194654322030e-06
1.874226891911240145e+01 1.981429898090669824e-06
1.883505242861295770e+01 1.381547730102275537e-05
1.892783593811351395e+01 1.088454675510702941e-05
1.902905431211412335e+01 4.107375828882760622e-06
1.916401214411493115e+01 1.246261557742632183e-05
1.934957916311604365e+01 3.393856022620367407e-07
1.945079753711665305e+01 4.470641534431619318e-06
1.953514618211715614e+01 5.835758860588041976e-07
1.962792969161771595e+01 2.020899350067672396e-06
1.971227833661821904e+01 1.970918682849924141e-06
1.979662698161872569e+01 2.054070880369252775e-05
1.989784535561933154e+01 2.854951238742782971e-05
1.999062886511988779e+01 2.969338987187636608e-06
2.008341237462044759e+01 2.041504053966085847e-05
2.017619588412100384e+01 8.442412799632009610e-06
2.026054452912150694e+01 2.146651652131785283e-06
2.035332803862206319e+01 2.677047655690713908e-05
2.057263451562338119e+01 2.293435691779098103e-05
2.070759234762418899e+01 1.382509600127016305e-05
2.082568045062489759e+01 3.223291092195365690e-05
2.093533368912555659e+01 6.569271928636678840e-06
2.109559611462651674e+01 3.675320895144068909e-05
2.120524935312717218e+01 1.513097982345357664e-05
2.136551177862813589e+01 1.197878718100383660e-05
2.146673015262874173e+01 3.335125531164765718e-05
2.157638339112940074e+01 5.492577197106514303e-06
2.167760176513000658e+01 2.077997160908136675e-05
2.177882013913061243e+01 2.436783563437955902e-05
2.194751742913162573e+01 1.528797427494285827e-05
2.203186607413213238e+01 2.148738375668767919e-06
2.212464958363268863e+01 6.808614726015148943e-06
2.220056336413314213e+01 1.211793235092775803e-05
2.227647714463359918e+01 1.159701659580335934e-05
2.237769551863420503e+01 9.438537158836625280e-06
2.246204416363471168e+01 9.913558308366417773e-07
2.253795794413516518e+01 4.965199613146186548e-06
2.261387172463562223e+01 1.126041553840457601e-05
2.271509009863622808e+01 5.001838417559894743e-06
2.278256901463663198e+01 1.458867222495442551e-05
2.288378738863724138e+01 2.055729927808553573e-05
2.296813603363774803e+01 1.820483357526129028e-05
2.306935440763835388e+01 5.406690649866012105e-06
2.312839845913870818e+01 9.658962569497658787e-07
2.322961683313931402e+01 1.972041224452146234e-05
2.336457466514012538e+01 1.228135642724808946e-05
2.350796736164098277e+01 2.745806952304614406e-05
2.364292519364179412e+01 2.676778291056038325e-05
2.373570870314235037e+01 1.493461680311056849e-05
2.383692707714295622e+01 4.376470117359878659e-05
2.400562436714396952e+01 1.763759229232107536e-05
2.414058219914477732e+01 6.556249600489553220e-06
2.427554003114558867e+01 1.187095999121125993e-05
2.440206299864634687e+01 6.798649058037804231e-06
2.449484650814690312e+01 3.664552601384752961e-05
2.467197866264796602e+01 1.012157969487553056e-05
2.483224108814892617e+01 2.108018597012491441e-05
2.500093837814993591e+01 2.587687367218794788e-05
2.509372188765049572e+01 1.035857049107738918e-05
2.518650539715105197e+01 1.783934640105070308e-05
2.527085404215155506e+01 7.550921040797094506e-06
2.536363755165211131e+01 8.099102937548889264e-06
2.544798619665261796e+01 2.114809194580225107e-05
2.554920457065322736e+01 2.423048514412240286e-06
2.562511835115368086e+01 1.101495161817840042e-05
2.577694591215459141e+01 4.442742056198082814e-06
2.588659915065525041e+01 2.158899285113114093e-05
2.596251293115570391e+01 2.030009102381436965e-06
2.605529644065626016e+01 6.023000646580356259e-06
2.613964508565676681e+01 2.707801364132914728e-06
2.623242859515732306e+01 8.494126393541632722e-06
2.633364696915792891e+01 8.045109757002138744e-06
2.645173507215863751e+01 1.846377392767190053e-05
2.656982317515934611e+01 4.698332517429942578e-06
2.667104154915995551e+01 1.670814178889004330e-05
2.678069478766061096e+01 1.415256218808327634e-05
2.687347829716116721e+01 6.812858628413497642e-06
2.697469667116177661e+01 2.485146725365619357e-05
2.708434990966243205e+01 2.310970159471211125e-05
2.718556828366303790e+01 2.788625540392056053e-07
2.733739584466394845e+01 9.135053782406188144e-06
2.747235367666475980e+01 2.500263069503459640e-06
2.758200691516541880e+01 5.696202406835382252e-06
2.768322528916602465e+01 1.053479549510065863e-05
2.775070420516642855e+01 7.819077491812741670e-06
2.785192257916703440e+01 3.641452479275404590e-06
2.794470608866759065e+01 4.647068344460138250e-06
2.817244743016895825e+01 2.268495654285840159e-05
2.828210066866961725e+01 2.349231836660381958e-05
2.859419065517148795e+01 1.106504799685231164e-05
2.868697416467204420e+01 1.979967688186802732e-06
2.878819253867265004e+01 4.170429095779266862e-05
2.898219442217381570e+01 1.766808088733440193e-05
2.915089171217482544e+01 1.857596933746721803e-05
2.926054495067548444e+01 4.364937375783183679e-06
2.936176332467609029e+01 3.263866104775300763e-06
2.947141656317674929e+01 1.005982434983501433e-05
2.965698358217786179e+01 8.639014612194129640e-06
2.974976709167841804e+01 1.011116423177205890e-05
2.987629005917917624e+01 1.350082646525345529e-05
3.002811762018008679e+01 2.027557625117669090e-05
3.012933599418069264e+01 1.143006555890198151e-05
3.022211950368124889e+01 1.036327101212234611e-05
3.036551220018210984e+01 4.762682058215744456e-06
3.046673057418271924e+01 2.286996847199058647e-06
3.053420949018312314e+01 1.520442901637696553e-06
3.061012327068357664e+01 3.365100427599725311e-06
3.071977650918423564e+01 4.364074870947095625e-05
3.085473434118504343e+01 1.267668797956405684e-05
3.097282244418575203e+01 3.256337043433942549e-05
3.107404081818636143e+01 3.883664696135949066e-05
3.115838946318686453e+01 2.546872664796028589e-05
3.124273810818737118e+01 5.949056742586949286e-06
3.133552161768792743e+01 3.870628458926650515e-05
3.143673999168853328e+01 1.118017561059766767e-05
3.152108863668903993e+01 2.871634169530165890e-05
3.160543728168954658e+01 4.246566822924903499e-06
3.177413457169055988e+01 1.475527327159451985e-05
3.191752726819141728e+01 5.276170769028646376e-06
3.201874564219202313e+01 7.295813968268198949e-06
3.212839888069268568e+01 9.140735213336334910e-06
3.228022644169359268e+01 1.699008266410108065e-05
3.243205400269450678e+01 9.509743414833662026e-07
3.249953291869491068e+01 2.942791211871818827e-06
3.260918615719556612e+01 2.882030023036372717e-06
3.273570912469632788e+01 9.692105678305968818e-08
3.282849263419688413e+01 5.637699754967085249e-07
3.292127614369744038e+01 1.521215493877199730e-06
3.302249451769804267e+01 7.711973631037506175e-07
3.315745234969885757e+01 3.699856954665531507e-05
3.325867072369945987e+01 6.118193558811793687e-06
3.335145423320001612e+01 9.217819701938385733e-06
3.344423774270057237e+01 2.971426227415620854e-06
3.351171665870097627e+01 5.287653157168819186e-06
3.362136989720163882e+01 1.162751810323741844e-05
3.366354421970189037e+01 1.146672285342356014e-05
3.378163232270259897e+01 3.781969823073357153e-05
3.389128556120325442e+01 2.362810570555609559e-05
3.400937366420396302e+01 3.032670301423819395e-05
3.411059203820457242e+01 5.579323284477582020e-06
3.415276636070482397e+01 5.810145967221408541e-06
3.427085446370553257e+01 1.635696792364048317e-05
3.435520310870603566e+01 5.993331024512361504e-06
3.444798661820659191e+01 4.138852626059278943e-06
3.453233526320710212e+01 5.837767105587046172e-06
3.460824904370755206e+01 9.574731659921137912e-06
3.470946741770816146e+01 1.861715143195829996e-05
3.481068579170877086e+01 1.767781708476970403e-05
3.495407848820963181e+01 4.350238896396511982e-05
3.503842713321013491e+01 7.787695397737452426e-06
3.513964550721074431e+01 3.895369757222360180e-05
3.524086388121134661e+01 1.417459355072254906e-05
3.532521252621185681e+01 4.090390629276967532e-06
3.540112630671231386e+01 2.780865858069715843e-06
3.550234468071291616e+01 2.987393036998502554e-05
3.559512819021347241e+01 1.930215752173201010e-06
3.567947683521398261e+01 1.356988386998340876e-05
3.578069520921458491e+01 4.598678260166407276e-05
3.589878331221529351e+01 5.753793957085351984e-06
3.608435033121640600e+01 1.128823930627784867e-05
3.621930816321722091e+01 5.604910860724219433e-06
3.643017977571847865e+01 2.743571354132671634e-05
3.670009543972010135e+01 1.714941191325362198e-06
3.680974867822075680e+01 1.938417090030654011e-05
3.698688083272182325e+01 4.581477160094905213e-06
3.708809920672242555e+01 1.812410726165319434e-05
3.720618730972313415e+01 2.181478448067527960e-05
3.731584054822379670e+01 8.800167246382919900e-06
3.743392865122450530e+01 2.757227468324005763e-05
3.753514702522510760e+01 1.537118462794618718e-05
3.772071404422622010e+01 3.320007665767575898e-06
3.781349755372677635e+01 9.803549845451683392e-06
3.791471592772738575e+01 9.355300006256874861e-06
3.800749943722794200e+01 9.964291078410157570e-06
3.810028294672849825e+01 9.920106432426138612e-06
3.820150132072910765e+01 2.783694950232388891e-05
3.830271969472970994e+01 1.099277298874746917e-05
3.841237293323037250e+01 1.835140303849202320e-05
3.852202617173102794e+01 5.384055910846415657e-06
3.868228859723198809e+01 6.199039143673328799e-07
3.877507210673254434e+01 4.991599734093089640e-06
3.888472534523319979e+01 8.685409694011601497e-06
3.896063912573365684e+01 1.823489841053186686e-05
3.907029236423431229e+01 4.848825784153591039e-05
3.917151073823492169e+01 5.762893625035476682e-06
3.926429424773547794e+01 1.326247676209069590e-05
3.937394748623613339e+01 9.161481983261124002e-06
3.944142640223654439e+01 4.506460671142119555e-06
3.954264477623714669e+01 1.574279753227561585e-06
3.962699342123765689e+01 1.118306220092025536e-06
3.975351638873841154e+01 4.640409671784905308e-06
3.988847422073921933e+01 1.824416644878916620e-05
3.998969259473982873e+01 2.205767746576729713e-06
4.006560637524028579e+01 3.277351585939827082e-07
4.014995502024078888e+01 1.353744578893145910e-05
4.025117339424139828e+01 1.025619516172406989e-05
4.034395690374195453e+01 7.352691683537770559e-06
4.049578446474286153e+01 2.485259298647941010e-05
4.060543770324352408e+01 1.323156329009967641e-05
4.068978634824402718e+01 2.176633385967860254e-05
4.079100472224463658e+01 1.989935208520602906e-05
4.087535336724513968e+01 4.946037445297738798e-06
4.096813687674569593e+01 6.313162127714445516e-06
4.111996443774661003e+01 1.453842786426527025e-05
4.121274794724716628e+01 1.119974111871237628e-06
4.130553145674772253e+01 2.275153467290049361e-05
4.139831496624827878e+01 2.382386163199043914e-05
4.160918657874954363e+01 1.719361984315252617e-05
4.173570954625029827e+01 5.072847826053472774e-06
4.182849305575085452e+01 6.094081941149611693e-06
4.192971142975146392e+01 8.105500582140046244e-06
4.201406007475196702e+01 7.005107266684449162e-06
4.212371331325262958e+01 8.317005474734942013e-06
4.222493168725323187e+01 1.220590895096976967e-05
4.235145465475399362e+01 1.866613344111830717e-05
4.246110789325464907e+01 1.306246429242179312e-05
4.257919599625535767e+01 7.976755115038124458e-06
4.269728409925606627e+01 2.007269535824363844e-05
4.292502544075743032e+01 1.275412687589268609e-05
4.304311354375813892e+01 3.672668801688338841e-05
4.316963651125890067e+01 1.086313909794613079e-05
4.327928974975955612e+01 7.242088063782533170e-06
4.336363839476006632e+01 6.546370369666826367e-07
4.344798703976056942e+01 9.538849526008854381e-06
4.353233568476107251e+01 2.283686250054703650e-05
4.361668432976158272e+01 1.785504339858170605e-05
4.371790270376219212e+01 4.875113951288476998e-06
4.387816512926315227e+01 2.696693476992597337e-05
4.397938350326375456e+01 9.262613139562026228e-06
4.406373214826426477e+01 4.502839639823812187e-06
4.413964592876471471e+01 1.254751404679236466e-05
4.422399457376522491e+01 2.054180293615713906e-06
4.430834321876572801e+01 1.054183670193459885e-05
4.440112672826628426e+01 2.228174042339666917e-05
4.450234510226689366e+01 1.427567700167906321e-05
4.462886806976765541e+01 2.707888357147837695e-05
4.482286995326881396e+01 4.894195727863944743e-06
4.490721859826932416e+01 1.454302611115141465e-05
4.500843697226992646e+01 8.123852666365656797e-06
4.511809021077058901e+01 8.694607746365709528e-06
4.532052695877180071e+01 1.638006216361596930e-05
4.543018019727245616e+01 8.909893170402327544e-06
4.552296370677301240e+01 9.593929016989391411e-08
4.564948667427377416e+01 2.703888934359369343e-06
4.575070504827437645e+01 6.111588738151591452e-06
4.592783720277544290e+01 1.924396556303203099e-05
4.608809962827640305e+01 8.424028459247653107e-06
4.618088313777695930e+01 1.658771351419408417e-05
4.628210151177756870e+01 1.308139775258305102e-05
4.639175475027822415e+01 2.130835182567225282e-06
4.650984285327893275e+01 1.709600047003690279e-06
4.661949609177958820e+01 9.663088531989325031e-06
4.678819338178060150e+01 6.653631530904642988e-06
4.692315121378140930e+01 2.158534472773444699e-05
4.704967418128217105e+01 2.744994894929563903e-06
4.722680633578323040e+01 1.204449460729619225e-05
4.736176416778404530e+01 8.401999675907142608e-06
4.751359172878495229e+01 1.041031431483752598e-05
4.760637523828550854e+01 8.160637874897755200e-06
4.771602847678616399e+01 1.240933396830580548e-05
4.776663766378646869e+01 1.230227445164353551e-05
4.795220468278758119e+01 2.231889116103720201e-05
4.806185792128824374e+01 1.360715690534977694e-05
4.816307629528884604e+01 7.294518858275066122e-06
4.823899007578930309e+01 5.591741160889287597e-06
4.834864331428995854e+01 1.140136575602033439e-05
4.845829655279062109e+01 4.372009920283428036e-07
4.861012411379152809e+01 2.088726503943068812e-05
4.882943059079284609e+01 2.933104796923154058e-05
4.893908382929350154e+01 3.204241344979134733e-06
4.903186733879405779e+01 1.285638715129706794e-05
4.912465084829461404e+01 3.073285012311600682e-06
4.921743435779517029e+01 1.549698099920603423e-05
4.931021786729572653e+01 1.199832155227670598e-06
4.939456651229622963e+01 1.147330437473827381e-05
4.951265461529693823e+01 3.104782364194678967e-05
4.966448217629785233e+01 9.356106415893332786e-06
4.978257027929856093e+01 7.481036973707016922e-06
4.997657216279972658e+01 1.353360734420217646e-05
5.014526945280073278e+01 6.134652201673364553e-06
5.024648782680134218e+01 1.647202459378300167e-06
5.036457592980205078e+01 1.400334498865297385e-05
5.044892457480255388e+01 1.597277133728647108e-05
5.056701267780326248e+01 1.379044022116577306e-05
5.082005861280477887e+01 1.349441496755449625e-05
5.093814671580548747e+01 8.185293982832645869e-06
5.110684400580650077e+01 2.049568313494969348e-05
5.119962751530705702e+01 4.540920849696621643e-06
5.130084588930766643e+01 1.907401027378106362e-06
5.139362939880822267e+01 3.762859782366225299e-06
5.153702209530908362e+01 2.175934078738184078e-05
5.163824046930968592e+01 1.125992524785238638e-05
5.173945884331029532e+01 2.370057886055231938e-06
5.188285153981115627e+01 1.424537557571387517e-05
5.200093964281186487e+01 3.758522040643098757e-06
5.205998369431221562e+01 2.640962945414746236e-06
5.215276720381277187e+01 1.502503117007325345e-06
5.223711584881328207e+01 1.340048598097545524e-05
5.235520395181399067e+01 2.186876468607685105e-05
5.248172691931474532e+01 4.968097227936058781e-06
5.256607556431525552e+01 1.796931179923546730e-06
5.265885907381581177e+01 2.921705252697324098e-05
5.276007744781641406e+01 7.856056573437484008e-06
5.282755636381682507e+01 2.905865600811048593e-05
5.293720960231748052e+01 3.200197548686231489e-05
5.302155824731798361e+01 8.482863044239421390e-06
5.311434175681853986e+01 1.157484165700084485e-05
5.318182067281894376e+01 9.945564124825866440e-06
5.329147391131960632e+01 5.387119111327655753e-05
5.344330147232051331e+01 8.489180899307660397e-06
5.362043362682157976e+01 4.410684695266581635e-06
5.371321713632213601e+01 1.237468167026639533e-05
5.383130523932284461e+01 8.942857857030529057e-06
5.393252361332344691e+01 1.756239408996828003e-06
5.403374198732405631e+01 1.289958757234358149e-05
5.415183009032476491e+01 4.513379614936786903e-06
5.426148332882542036e+01 2.239833634617186282e-05
5.436270170282602976e+01 7.670334370862108458e-06
5.453139899282704306e+01 2.407929564385583656e-05
5.470853114732810241e+01 1.500463274676164385e-05
5.488566330182916175e+01 1.866268003566149520e-05
5.505436059183017505e+01 1.236088665233159473e-05
5.521462301733113520e+01 5.365525901617725416e-06
5.532427625583179776e+01 3.207740460804124236e-05
5.541705976533235400e+01 6.311070444053743772e-06
5.548453868133275790e+01 4.316953095811746532e-06
5.558575705533336020e+01 1.576410836658030443e-06
5.566167083583381725e+01 1.357428370130403173e-06
5.577132407433447980e+01 2.389775732586059417e-05
5.590628190633528760e+01 1.287500443574682691e-05
5.602437000933599620e+01 7.447615694611230865e-06
5.612558838333659850e+01 4.984108542192905955e-06
5.630272053783766495e+01 3.938441179777058539e-06
5.644611323433852590e+01 7.419855643793618230e-06
5.653889674383908215e+01 1.110702176075067773e-05
5.664011511783968444e+01 7.768638095407161384e-06
5.672446376284019465e+01 2.872176963185132473e-07
5.680037754334064459e+01 8.645582734774918376e-06
5.689316105284120084e+01 1.097159834543531940e-05
5.699437942684181024e+01 1.162920079680227266e-05
5.709559780084241964e+01 1.366491200355492077e-05
5.722212076834317429e+01 9.653808182235908882e-06
5.734020887134388289e+01 1.762022135921942426e-05
5.752577589034499539e+01 4.514981040924288084e-06
5.768603831584596264e+01 1.734263759126148952e-05
5.784630074134692279e+01 3.729574553787573520e-06
5.804030262484808134e+01 1.297354932806672901e-05
5.814152099884869074e+01 1.046992664853097659e-05
5.824273937284930014e+01 9.170525523341461064e-06
5.834395774684990243e+01 7.954339649599588742e-06
5.843674125635045868e+01 1.013186202891365912e-05
5.850422017235086969e+01 5.565144495327510824e-06
5.868135232685192904e+01 3.333362618263521961e-06
5.886691934585304153e+01 1.200930565509242254e-05
5.897657258435369698e+01 8.036901030809832748e-06
5.907779095835430638e+01 3.512695323705231509e-06
5.924648824835531968e+01 1.386847829693346875e-05
5.934770662235592198e+01 6.065774225719937777e-06
5.950796904785688923e+01 1.240878407131825656e-05
5.960075255735744548e+01 6.554482993903326039e-06
5.968510120235794858e+01 7.646154621942022803e-06
5.978631957635855798e+01 2.446632220807689105e-06
5.985379849235896188e+01 3.414422520323363120e-06
5.992971227285941183e+01 3.685575299408125665e-06
6.003093064686002123e+01 5.623438804897235707e-06
6.010684442736047828e+01 2.039010860161584885e-05
6.021649766586113373e+01 1.053152609257061653e-05
6.030084631086164393e+01 7.296860006279277293e-06
6.045267387186255093e+01 1.110509070149979246e-05
6.055389224586316033e+01 3.124458828676600651e-06
6.061293629736351107e+01 1.898746963151945773e-06
6.071415467136412047e+01 1.076108990402458597e-05
6.080693818086467672e+01 2.502689080992987282e-06
6.091659141936533217e+01 1.255906897954656493e-05
6.097563547086569002e+01 1.295007988205409616e-05
6.112746303186659702e+01 1.759829811780020767e-05
6.127929059286751112e+01 3.623506887817549222e-06
6.143111815386841812e+01 3.184048894056975716e-06
6.169259895336998767e+01 1.771459966723581687e-05
6.186973110787104702e+01 1.033262665071643728e-05
6.197938434637170957e+01 3.783895761763324061e-05
6.208060272037231186e+01 9.469444471819962180e-06
6.215651650087276892e+01 3.363488095831744614e-06
6.226616973937342436e+01 1.442719543735614599e-05
6.235895324887398772e+01 1.480294778441830371e-05
6.246860648737464317e+01 1.984765444058836226e-05
6.256982486137524546e+01 7.451421196006245756e-06
6.272165242237615956e+01 2.519073961135911050e-05
6.292408917037737126e+01 1.692395279968785223e-05
6.306748186687823221e+01 4.635534828199043897e-06
6.321087456337909316e+01 1.354488940237011952e-05
6.332052780187974861e+01 1.130583271651370845e-05
6.341331131138030486e+01 2.211604238783830534e-05
6.363261778838162286e+01 6.641381278571375935e-06
6.375070589138233146e+01 2.057575902475836471e-06
6.386035912988298691e+01 9.776795229688793311e-06
6.401218669088389390e+01 1.332892988906185276e-05
6.428210235488552371e+01 1.180769063315477817e-05
6.436645099988602681e+01 8.080425095219166218e-06
6.447610423838668225e+01 6.313141803791702934e-06
6.457732261238729166e+01 1.862901764993725787e-05
6.468697585088794710e+01 4.900377202407146515e-06
6.489784746338921195e+01 1.801331478139942105e-05
6.499063097288976110e+01 2.727453904489423480e-06
6.508341448239032445e+01 1.670688973052797077e-05
6.518463285639093385e+01 9.076557065111417075e-06
6.528585123039154325e+01 1.203111808944450909e-05
6.542080906239235105e+01 9.994313665535693372e-06
6.553889716539305255e+01 1.183062851175382676e-05
6.571602931989411900e+01 1.836869073307469152e-05
6.582568255839477445e+01 1.924932332041183036e-05
6.592690093239538385e+01 3.332037925207071967e-05
6.603655417089603930e+01 2.899265296922466978e-05
6.613777254489664870e+01 1.146027173280154192e-05
6.628116524139750254e+01 1.025034957666958821e-05
6.637394875089806590e+01 1.271519398794686524e-05
6.659325522789937679e+01 1.603613011676026549e-05
6.678725711140053534e+01 2.109257583151800085e-05
6.686317089190099239e+01 1.416412883891824666e-05
6.697282413040164784e+01 2.180521566443612721e-05
6.708247736890231749e+01 4.374764467330135311e-06
6.715839114940277454e+01 5.125969782117593158e-06
6.730178384590362839e+01 4.098076286366895227e-06
6.741143708440428384e+01 3.630430027498270284e-06
6.748735086490474089e+01 5.195580488628735845e-06
6.758013437440529003e+01 2.359254212284723705e-06
6.767291788390585339e+01 1.293060531609299631e-06
6.783318030940681354e+01 2.033053116185471750e-05
6.793439868340742294e+01 1.783999704084388509e-05
6.803561705740803234e+01 6.471654277875045453e-06
6.814527029590868779e+01 7.690312561903348798e-06
6.828022812790949558e+01 3.538265716755794167e-06
6.846579514691060808e+01 9.757278987237588358e-06
6.858388324991132379e+01 2.042638476846197560e-05
6.875258053991232998e+01 1.386880357730429219e-05
6.884536404941287913e+01 1.471416011501257752e-06
6.893814755891344248e+01 2.626500169586087347e-06
6.910684484891444868e+01 1.487103621022244299e-05
6.924180268091525647e+01 1.523140819294858250e-05
6.944423942891647528e+01 4.626154886280261919e-06
6.952015320941693233e+01 2.628278241167102712e-06
6.969728536391799878e+01 1.611031894539719593e-05
6.991659184091930967e+01 1.174210293287930388e-05
7.012746345342057452e+01 4.714614529246142070e-06
7.025398642092133628e+01 7.730142284063322886e-06
7.036363965942199172e+01 3.166068525453646920e-05
7.045642316892254087e+01 1.699627947886150588e-05
7.056607640742321053e+01 6.037455281305692935e-05
7.066729478142380572e+01 9.686676667039719176e-06
7.077694801992447537e+01 1.308312589160685183e-05
7.095408017442552762e+01 1.053100820900340600e-05
7.124086556742724952e+01 1.192794557445046325e-05
7.135895367042796522e+01 1.786870701593615632e-06
7.146860690892862067e+01 9.831286959125432051e-06
7.161199960542947451e+01 8.495386277668584381e-06
7.178913175993054097e+01 1.058592821414090288e-05
7.189035013393115037e+01 1.852989069907415314e-05
7.200843823693185186e+01 6.793048519295612320e-06
7.209278688193235496e+01 4.207198044527936398e-06
7.220244012043302462e+01 2.884223896151779881e-05
7.243861632643444182e+01 7.469383309915896221e-06
7.259044388743534171e+01 2.036019914981671900e-06
7.269166226143595111e+01 2.296294673753473403e-05
7.280975036443666681e+01 2.059556521454672761e-05
7.292783846743736831e+01 7.877270338444429429e-06
7.303749170593802376e+01 1.767425594125607677e-06
7.316401467343878551e+01 9.970293991346987870e-06
7.329053764093954726e+01 6.210339220325230197e-06
7.344236520194046136e+01 8.561727550341195780e-06
7.354358357594105655e+01 5.954709895047563367e-06
7.364480194994166595e+01 1.796074596282684933e-05
7.375445518844232140e+01 1.942249192279778909e-05
7.384723869794288476e+01 7.951948258787234094e-07
7.394845707194349416e+01 2.701858113882414690e-05
7.410028463294439405e+01 6.025881776134721590e-06
7.420993787144506371e+01 1.639230819043093734e-05
7.431115624544565890e+01 3.979638169631966042e-06
7.440393975494622225e+01 1.093108491883512787e-05
7.457263704494722845e+01 1.236050381307595157e-05
7.468229028344788389e+01 1.283983640720751366e-05
7.480881325094864565e+01 1.641398596224842333e-05
7.494377108294945344e+01 4.950087347672146262e-06
7.508716377945032150e+01 7.177757390364720457e-06
7.523055647595117534e+01 9.126379478460069201e-06
7.542455835945234810e+01 1.024663003036891774e-05
7.556795105595320194e+01 2.252907332910269187e-05
7.575351807495431444e+01 6.923415885549380052e-06
7.593065022945538090e+01 5.761007528747625771e-06
7.603186860345599030e+01 4.844274803895576439e-05
7.614152184195664574e+01 1.900929976734687773e-05
7.631021913195765194e+01 4.549495033398722446e-06
7.642830723495836764e+01 8.250843267763309871e-06
7.655483020245911518e+01 1.191745710034826909e-05
7.671509262796007533e+01 2.820112173957579971e-06
7.680787613746063869e+01 5.771197884971033763e-06
7.690909451146124809e+01 4.190089241449230866e-06
7.698500829196170514e+01 4.534132659205245739e-06
7.706935693696220824e+01 7.834454199833615625e-06
7.717901017546286369e+01 6.835724214279132510e-06
7.733927260096382383e+01 8.338879793969934648e-06
7.749110016196473794e+01 1.209393635589771792e-05
7.764292772296565204e+01 2.669782282144287635e-05
7.788753879346711528e+01 1.018919429874785393e-05
7.799719203196777073e+01 7.189716259417564125e-06
7.817432418646883718e+01 1.771749517199595292e-05
7.830084715396959893e+01 6.555598898184351207e-06
7.844423985047045278e+01 1.120745291890699393e-05
7.859606741147136688e+01 1.954664112134812774e-05
7.874789497247226677e+01 7.110124176191315459e-06
7.884911334647287617e+01 2.433929152590439117e-06
7.895033172047348557e+01 1.103917714744448341e-05
7.904311522997404893e+01 2.344900474035403279e-05
7.927085657147540587e+01 2.417527145009362086e-06
7.945642359047651837e+01 1.302242131976144109e-05
7.957451169347723408e+01 7.864420024594575878e-06
7.969259979647793557e+01 8.920859070185818248e-06
7.974320898347824027e+01 8.451238359641622793e-06
7.987816681547904807e+01 4.443991649649669848e-06
8.001312464747985587e+01 1.963883785502875731e-06
8.014808247948066366e+01 9.713150325157739274e-06
8.026617058248137937e+01 1.372501572674778479e-05
8.043486787248238556e+01 5.948302373861251565e-06
8.054452111098305522e+01 9.948948484202149343e-06
8.062886975598355832e+01 5.330505750461973397e-06
8.076382758798436612e+01 1.612848995697686639e-06
8.088191569098506761e+01 7.547499868222595280e-06
8.097469920048563097e+01 6.594517019788686074e-06
8.109278730348633246e+01 7.638197982819880112e-06
8.117713594848683556e+01 4.006768016372756682e-06
8.127835432248744496e+01 8.829120776356145028e-06
8.138800756098810041e+01 9.562184297862169223e-06
8.151453052848886216e+01 1.167427997099625829e-05
8.157357457998921291e+01 1.447592983967834221e-05
8.170009754748997466e+01 1.030744102811686169e-05
8.180975078599063011e+01 2.365613742077123639e-05
8.191096915999123951e+01 2.706757766286239507e-06
8.202062239849189496e+01 3.980918550598316998e-06
8.214714536599265671e+01 1.376721147600215295e-05
8.241706102999427230e+01 1.213400322050243499e-05
8.253514913299498801e+01 6.430400331747543758e-06
8.264480237149564346e+01 1.892087299520627111e-05
8.280506479699660360e+01 1.066216337323602168e-05
8.289784830649716696e+01 7.235608412650867145e-06
8.299063181599771610e+01 6.418579466685434832e-06
8.315089424149867625e+01 1.091424625500840872e-05
8.324367775099923961e+01 2.669795214286735099e-06
8.333646126049978875e+01 1.267451451762660150e-05
8.342924477000035210e+01 1.177079745283089749e-05
8.352202827950090125e+01 1.287338391378322579e-06
8.360637692450140435e+01 7.915608528407510607e-06
8.372446502750212005e+01 1.023636440530767021e-06
8.384255313050282155e+01 2.999074679831111646e-06
8.396064123350353725e+01 3.136780995583983780e-05
8.409559906550434505e+01 7.224848493294040174e-06
8.419681743950495445e+01 1.807587100256224148e-06
8.440768905200621930e+01 1.162054121436810163e-05
8.452577715500692079e+01 5.121040032636004138e-06
8.461012580000742389e+01 6.863067063668914669e-06
8.471134417400803329e+01 1.091334896041312583e-05
8.482099741250868874e+01 6.806698733896163340e-06
8.488847632850909974e+01 4.101842854593659212e-06
8.502343416050990754e+01 4.030096688699876662e-06
8.512465253451051694e+01 7.395389809238715211e-06
8.520056631501097399e+01 1.195139004449485224e-05
8.531021955351162944e+01 3.891537145244675093e-06
8.539456819851213254e+01 1.327700884050538473e-05
8.556326548851315295e+01 6.130989863751272070e-06
8.566448386251374814e+01 2.268634338580155670e-05
8.575726737201431149e+01 1.984383394911281280e-05
8.586692061051496694e+01 2.163049296320805314e-05
8.601874817151588104e+01 1.135889906467391782e-05
8.611153168101643018e+01 6.002807760102942168e-06
8.627179410651739033e+01 1.103796406496904816e-05
8.638144734501805999e+01 4.336534480179842498e-06
8.649110058351871544e+01 1.292397882067979570e-05
8.661762355101947719e+01 9.807465205295295594e-06
8.670197219601998029e+01 1.687582537761128960e-05
8.682006029902068178e+01 5.992954220408515098e-06
8.693814840202139749e+01 6.442214047281541625e-06
8.705623650502209898e+01 5.360515837957380509e-06
8.721649893052305913e+01 1.344765493502489739e-05
8.733458703352377483e+01 6.649849040783515922e-06
8.747797973002462868e+01 3.270339344370165094e-06
8.756232837502513178e+01 1.100618619152360671e-06
8.774789539402624428e+01 1.443047193490828295e-05
8.787441836152700603e+01 5.041897539531795689e-06
8.796720187102756938e+01 3.887352829470898785e-06
8.808528997402827088e+01 2.117287347025656276e-05
8.818650834802888028e+01 7.999169805462230169e-06
8.832146618002968808e+01 2.581149218584684495e-05
8.842268455403029748e+01 5.906552770571191483e-06
8.853233779253095292e+01 2.560249877469079273e-05
8.865042589553166863e+01 8.197573467662808020e-06
8.876851399853237012e+01 5.546686946705308723e-06
8.899625534003374128e+01 6.906202596647852026e-06
8.921556181703505217e+01 2.177851968105841359e-05
8.933364992003575367e+01 1.672273879604329282e-06
8.944330315853642333e+01 4.674605181693266469e-05
8.955295639703707877e+01 5.640796043674153945e-06
8.967947936453782631e+01 2.770556811391912156e-05
8.981443719653864832e+01 1.701349904992662532e-05
8.994939502853945612e+01 1.258982637935228970e-05
9.001687394453985291e+01 1.441810164180889486e-05
9.021087582804102567e+01 1.694824073599975623e-05
9.046392176304253496e+01 7.830026103346810786e-06
9.051453095004283966e+01 7.986849362682750525e-06
9.064948878204364746e+01 8.653009619534657624e-06
9.079288147854451552e+01 1.560842378862730225e-05
9.092783931054532331e+01 1.334759994679197276e-05
9.104592741354602481e+01 1.454631255161297939e-06
9.120618983904698496e+01 5.511914918187429565e-06
9.129897334854754831e+01 1.033428839337307400e-05
9.140862658704820376e+01 3.102840645530339651e-05
9.150984496104881316e+01 1.434165872281628928e-05
9.167854225104981936e+01 1.835285567679915421e-05
9.178819548955047480e+01 9.492093859928303211e-06
9.192315332155128260e+01 1.412570589600523077e-05
9.202437169555189200e+01 5.284854112546843186e-06
9.211715520505245536e+01 4.661234207321413896e-06
9.222680844355311081e+01 6.787280406263598853e-06
9.228585249505346155e+01 5.782429737638491407e-06
9.251359383655483271e+01 5.840971756010559214e-06
9.267385626205579285e+01 6.740440399592278037e-06
9.276663977155634200e+01 3.648185393649957520e-06
9.288472787455705770e+01 9.688166777599547627e-06
9.302812057105791155e+01 1.946929527208167673e-05
9.313777380955856700e+01 1.863430223194731549e-05
9.323055731905913035e+01 1.844365290685574994e-05
9.334021055755978580e+01 1.479544175070204788e-05
9.351734271206085225e+01 1.014667853020990114e-05
9.361856108606146165e+01 7.954420330265621353e-06
9.373664918906216315e+01 8.730586743452929460e-06
9.397282539506358034e+01 9.586873944682839835e-06
9.404030431106399135e+01 1.109097763751145995e-05
9.414995754956464680e+01 3.616153137445911791e-05
9.425961078806530224e+01 4.574382092061765593e-05
9.441143834906621635e+01 9.645097781741064559e-06
9.452952645206691784e+01 4.227139105047367374e-06
9.464761455506763355e+01 2.364949100936617933e-06
9.476570265806833504e+01 8.474700381601729608e-06
9.486692103206894444e+01 3.920814078292947447e-06
9.494283481256940149e+01 6.258771534262847432e-06
9.504405318657001089e+01 3.371880682584536035e-06
9.513683669607056004e+01 3.315399247566540075e-06
9.526335966357132179e+01 1.200102120602229223e-05
9.538988263107208354e+01 1.068285420236458873e-05
9.547423127607258664e+01 1.638668032404416212e-05
9.563449370157354679e+01 8.628195228455839128e-06
9.579475612707450694e+01 3.815028980486843610e-06
9.593814882357537499e+01 1.395139849529072129e-05
9.614058557157657958e+01 6.819300731691839024e-06
9.627554340357738738e+01 1.819817223297866373e-06
9.639363150657810309e+01 9.716981648328284365e-06
9.656232879657910928e+01 5.936094546805323482e-06
9.664667744157961238e+01 2.257098484424896252e-06
9.675633068008028204e+01 1.583669806511444643e-05
9.691659310558124218e+01 1.269209513454608926e-05
9.705155093758204998e+01 1.830204426439400152e-05
9.716963904058275148e+01 6.539879500353257228e-06
9.724555282108320853e+01 3.148451485266003596e-06
9.741425011108421472e+01 1.298360426271037020e-05
9.750703362058477808e+01 6.684999917489640911e-06
9.761668685908543353e+01 3.384338431543145592e-05
9.774320982658619528e+01 1.231354261931990788e-05
9.786129792958689677e+01 1.018945119306007147e-05
9.797095116808756643e+01 9.374349283125716124e-06
9.809747413558831397e+01 1.401092657540958058e-05
9.820712737408896942e+01 1.431724927965298579e-05
9.831678061258963908e+01 1.799520090352826277e-05
9.852765222509090393e+01 2.033575740013928167e-06
9.862887059909149912e+01 6.757642397948769075e-06
9.874695870209221482e+01 1.182325763036417566e-05
9.885661194059287027e+01 6.986983717412541777e-06
9.898313490809363202e+01 2.506050656671291578e-06
9.909278814659428747e+01 9.697210893543744867e-06
9.928679003009544601e+01 1.258947539440162725e-05
9.944705245559640616e+01 1.627095320853682601e-06
9.954827082959701556e+01 8.214486944684113728e-06
9.970853325509797571e+01 2.735699908790243626e-06
9.980131676459853907e+01 8.112795274923251588e-06
9.990253513859914847e+01 2.196916303934382162e-05
1.000121883770998039e+02 2.092398570282628818e-06
1.001555810736006578e+02 1.715863323277126731e-06
1.003158434991016179e+02 6.614299071235078801e-06
1.004254967376022734e+02 1.646895857062752230e-05
1.005520197051030351e+02 4.776271552960277492e-06
1.006363683501035382e+02 8.083113231312882943e-06
1.007797610466044063e+02 1.575016630068464755e-06
1.009737629301055648e+02 1.227270081941807931e-05
1.010665464396061282e+02 9.289998021582669213e-06
1.011930694071068899e+02 2.990970237280171143e-06
1.013364621036077438e+02 8.223831684487391323e-06
1.014798548001085976e+02 3.271808001035254221e-06
1.015810731741092070e+02 4.802338352757112729e-06
1.017075961416099688e+02 1.180002338192383565e-05
1.018341191091107305e+02 1.368382293359460975e-05
1.020449907216119954e+02 1.076719425864481838e-05
1.021630788246126968e+02 2.309959428112806269e-06
1.023064715211135649e+02 3.829347554229879744e-05
1.025089082691147695e+02 1.930802023083027139e-05
1.026607358301156836e+02 1.367271208007439000e-05
1.028209982556166437e+02 6.295391307204372768e-06
1.029306514941172992e+02 1.098823989951035608e-05
1.030150001391178165e+02 1.223501930059585791e-05
1.031162185131184117e+02 4.893366299972813380e-06
1.032005671581189290e+02 1.884823824692096182e-06
1.032933506676194781e+02 3.674273888895349672e-06
1.034620479576204843e+02 6.174171110651457831e-06
1.036644847056217031e+02 1.086817071912058420e-05
1.037825728086224188e+02 1.759027014910198487e-06
1.038753563181229680e+02 1.042369584886946324e-05
1.039681398276235313e+02 1.066514066768641601e-05
1.040693582016241265e+02 1.909162851240890047e-05
1.042802298141253914e+02 2.431199460845508310e-05
1.045332757491269149e+02 1.115566004713664272e-05
1.047104079036279813e+02 1.369048182817925439e-05
1.048622354646288954e+02 8.843209197778100240e-06
1.049718887031295509e+02 1.072933416257948400e-05
1.050815419416302063e+02 3.067846447500570757e-06
1.053008484186315172e+02 2.047135747983819566e-05
1.054864154376326297e+02 6.496622130875656943e-06
1.055876338116332391e+02 8.775695311957986783e-06
1.056804173211337883e+02 3.026300103557047608e-06
1.057900705596344579e+02 3.084196595965245374e-05
1.059334632561353118e+02 5.833597469106586777e-06
1.060346816301359212e+02 6.515727824711870484e-06
1.061359000041365306e+02 4.445979021202314138e-06
1.062202486491370337e+02 4.661499913078586202e-06
1.063299018876376891e+02 2.544795152876631796e-05
1.065070340421387556e+02 4.641467870682817048e-06
1.067685148416403251e+02 3.367952195185639066e-05
1.068866029446410266e+02 1.567746550127875128e-05
1.069709515896415297e+02 4.360799829023064648e-06
1.070721699636421391e+02 1.750209405013733360e-05
1.071818232021427946e+02 3.534721914946632726e-05
1.072999113051435103e+02 4.234356820333132090e-05
1.074179994081442118e+02 7.310090050139149530e-06
1.075360875111449275e+02 7.898652497144973312e-06
1.076626104786456892e+02 1.341799956287175361e-05
1.077132196656459797e+02 1.584431524178114457e-05
1.078313077686466954e+02 2.158570118466376204e-05
1.079156564136471985e+02 4.014174544248111644e-06
1.080000050586477016e+02 8.421370592686058153e-06
1.081180931616484173e+02 1.108651461739677358e-05
1.083373996386497282e+02 4.434248646310073672e-06
1.084807923351505963e+02 1.846419585381682210e-05
1.085820107091511915e+02 2.582305069404527159e-06
1.086663593541517088e+02 3.433998341755278403e-06
1.087675777281523040e+02 3.864890053508393689e-06
1.088603612376528673e+02 3.635860843037314489e-06
1.090459282566539798e+02 5.177147896393977944e-06
1.091640163596546813e+02 9.546695465368845124e-06
1.092567998691552447e+02 2.766980387119503266e-06
1.094170622946562048e+02 2.697370692025738905e-05
1.095351503976569063e+02 2.540819346513540627e-05
1.097207174166580330e+02 1.010873779080254970e-05
1.098303706551586885e+02 3.453398677297548710e-06
1.100328074031598931e+02 1.400785871064021937e-05
1.101677652351607009e+02 2.751703335744694616e-06
1.102605487446612642e+02 2.098749959588854151e-05
1.103617671186618736e+02 1.382863267621000275e-05
1.104714203571625291e+02 2.604274965691597322e-05
1.105726387311631385e+02 4.756926713820875678e-06
1.107160314276639923e+02 3.071532581828813766e-06
1.108172498016646017e+02 1.925760211400302042e-05
1.109775122271655619e+02 4.583705108607766624e-06
1.110787306011661713e+02 2.100950863318766487e-06
1.111799489751667807e+02 2.611017044721682218e-05
1.113402114006677408e+02 1.114216264180715307e-05
1.115173435551688073e+02 1.200017585778360192e-05
1.116523013871696151e+02 3.403635414013728542e-06
1.118125638126705752e+02 4.518938546020073739e-06
1.119306519156712767e+02 2.215133780014219301e-05
1.120487400186719924e+02 1.945497802200004677e-05
1.122258721731730446e+02 4.082080512082890525e-05
1.123355254116737143e+02 7.043441437198866868e-06
1.124198740566742174e+02 2.226180480367988263e-06
1.125042227016747205e+02 3.296075918069975695e-06
1.126813548561757869e+02 1.244469341047868210e-05
1.128416172816767471e+02 2.158486264084227157e-06
1.130103145716777533e+02 1.894145282105264786e-05
1.131115329456783627e+02 1.055618269985216836e-05
1.132043164551789118e+02 1.139317980675687671e-05
1.134404926611803290e+02 1.425444854103021627e-05
1.136091899511813494e+02 9.397535198020729661e-06
1.137019734606818986e+02 2.785339066879563968e-06
1.137863221056824017e+02 9.140647598927192192e-06
1.138791056151829650e+02 1.317556406268928574e-05
1.139803239891835744e+02 1.054378399352066905e-05
1.140646726341840775e+02 2.110213133410624112e-05
1.142502396531851900e+02 1.009251637805111870e-05
1.144358066721863025e+02 2.675468540098931608e-06
1.145201553171868056e+02 9.116262015791952331e-06
1.146213736911874150e+02 1.884352980852259710e-05
1.147141572006879784e+02 1.719482222830651989e-05
1.148153755746885736e+02 1.159346503676631648e-05
1.148997242196890909e+02 1.271303530140033077e-05
1.149840728646895940e+02 7.880538131909576715e-06
1.150852912386902034e+02 2.214534866690610979e-05
1.151612050191906604e+02 8.358555488624076302e-06
1.154058160896921237e+02 2.437198646245483042e-05
1.155070344636927331e+02 6.960536820258453306e-06
1.155998179731932822e+02 8.824840779619072236e-06
1.157685152631943026e+02 9.322684228835546839e-06
1.159119079596951565e+02 2.872363608492451335e-06
1.160299960626958580e+02 1.978946786494090485e-05
1.161480841656965737e+02 9.295187383300319804e-06
1.162408676751971228e+02 2.732085937635099673e-07
1.163505209136977925e+02 1.617432745158159149e-05
1.164770438811985400e+02 1.533845083037468790e-05
1.165782622551991494e+02 1.785539071191039021e-05
1.166710457646997128e+02 8.264361504813625258e-06
1.167638292742002619e+02 4.652493156888259820e-06
1.168481779192007650e+02 2.694728350432778713e-06
1.170000054802016791e+02 4.236117880735961475e-05
1.172108770927029440e+02 3.009710931112375470e-05
1.173795743827039644e+02 1.056125279305578492e-05
1.174301835697042549e+02 1.063013260761212985e-05
1.175651414017050769e+02 1.737528837221093923e-05
1.177169689627059768e+02 1.632761521747714276e-05
1.178266222012066464e+02 1.746571613761078011e-05
1.180037543557076987e+02 5.277593308543385142e-05
1.181134075942083541e+02 1.051995833369217628e-05
1.182568002907092222e+02 4.592712306388407431e-06
1.183580186647098316e+02 1.979491956772334616e-05
1.184676719032104870e+02 1.944565034668764347e-05
1.186616737867116456e+02 3.415937206135577378e-05
1.187966316187124534e+02 7.371928925950054482e-06
1.189231545862132151e+02 6.743802101859725333e-06
1.190159380957137785e+02 5.886336104167634989e-06
1.191846353857147847e+02 2.384992844108062003e-05
1.192858537597153941e+02 1.313612680612528839e-05
1.193702024047158972e+02 1.681001506651167080e-05
1.194629859142164463e+02 8.811315966781726206e-06
1.195642042882170557e+02 2.280566363104431923e-05
1.197075969847179238e+02 7.359501778498726966e-06
1.198003804942184729e+02 1.096293339062923864e-05
1.199015988682190823e+02 4.595646915986067185e-06
1.200449915647199504e+02 8.582759529617311106e-06
1.201462099387205456e+02 9.281949490102891394e-06
1.202305585837210629e+02 2.413907375695187522e-06
1.203149072287215660e+02 5.888834361342359575e-06
1.203992558737220691e+02 3.766543792757021609e-07
1.204751696542225261e+02 6.513494488497141314e-06
1.205679531637230752e+02 1.021334700331011956e-06
1.206354320797234863e+02 3.573614834757266296e-06
1.207282155892240354e+02 1.863157822438365875e-05
1.208209990987245988e+02 5.132470462379206686e-06
1.209053477437251019e+02 8.713388052790429700e-06
1.210065661177257113e+02 2.818210135132668309e-05
1.211246542207264127e+02 1.896261785299090604e-05
1.212427423237271285e+02 5.463289369249641508e-06
1.214536139362283933e+02 5.946220199395260333e-06
1.215463974457289424e+02 8.764895165318855249e-06
1.216391809552295058e+02 8.384163517248440509e-06
1.217319644647300549e+02 1.809132249193922345e-05
1.218331828387306643e+02 2.684771943045411978e-05
1.219259663482312277e+02 1.563089261459417182e-05
1.220271847222318371e+02 2.536466336177585929e-05
1.221958820122328433e+02 9.951520987236828225e-06
1.223308398442336511e+02 5.378944951015514655e-06
1.225079719987347175e+02 1.732098694353152209e-05
1.225585811857350222e+02 1.747061053907045564e-05
1.226597995597356316e+02 1.214848460629074754e-05
1.227778876627363331e+02 3.714892134848570915e-05
1.229128454947371409e+02 1.951536770811059849e-05
1.230056290042377043e+02 2.537647306071466642e-06
1.230984125137382534e+02 2.267160792753955022e-05
1.232080657522389089e+02 1.347944623241794560e-05
1.234020676357400816e+02 1.000365143723957941e-05
1.235285906032408292e+02 2.998858685946780548e-05
1.237647668092422464e+02 2.495320664282549922e-06
1.238491154542427637e+02 5.314939484340461299e-07
1.239503338282433589e+02 2.041218471727488626e-05
1.240515522022439683e+02 7.531778999285739137e-06
1.241612054407446237e+02 1.836921999962383431e-05
1.242708586792452934e+02 4.240768148100692257e-05
1.244479908337463456e+02 1.030302894441461695e-05
1.245998183947472597e+02 8.582681359104830322e-06
1.246926019042478231e+02 2.748909020852067370e-05
1.247938202782484183e+02 1.190758485677593411e-05
1.248697340587488753e+02 8.842438833422743108e-06
1.250299964842498355e+02 1.744495049697486361e-05
1.251143451292503528e+02 2.180932819318682394e-05
1.252071286387509019e+02 3.011200846104925661e-05
1.252999121482514653e+02 5.007630406837056274e-06
1.253842607932519684e+02 2.239770734317116666e-05
1.254854791672525778e+02 1.857653779203421570e-05
1.256288718637534316e+02 7.942983531374657590e-06
1.257300902377540410e+02 2.545730874128151016e-05
1.258397434762546965e+02 7.276688869574943411e-06
1.258987875277550472e+02 6.676035749019972284e-06
1.259831361727555503e+02 2.091029431514321819e-05
1.260674848177560676e+02 9.415924813831373042e-06
1.261855729207567691e+02 3.438119077134673302e-05
1.263036610237574848e+02 2.276997963082490729e-06
1.264639234492584450e+02 1.200115254977001913e-05
1.266073161457592988e+02 1.748637053424707192e-05
1.267338391132600606e+02 2.922135147038213955e-05
1.268350574872606700e+02 1.576879516262430197e-05
1.269953199127616301e+02 3.268571472607352049e-06
1.270881034222621793e+02 1.972016582305705857e-05
1.271640172027626363e+02 9.905113971604742777e-06
1.273074098992635044e+02 6.733255030108838764e-06
1.274086282732640996e+02 6.388535922205076398e-06
1.275182815117647692e+02 5.533860621071986636e-06
1.276026301567652723e+02 5.265803743939053940e-06
1.277375879887660801e+02 2.903085955896239989e-05
1.278303714982666293e+02 5.098044033233008706e-06
1.279231550077671926e+02 6.966572107217934872e-06
1.280749825687680925e+02 1.389030950788696514e-05
1.281762009427687019e+02 2.002707886975968815e-05
1.282689844522692511e+02 1.014935169124349398e-05
1.283702028262698605e+02 9.805883312210383529e-06
1.284376817422702857e+02 1.953700339788202539e-05
1.285810744387711395e+02 2.239591926694645382e-05
1.286907276772717807e+02 1.598695227920207644e-05
1.287666414577722378e+02 1.727530165302196819e-05
1.288847295607729677e+02 7.259600077495367658e-05
1.289859479347735771e+02 8.430900135092384397e-06
1.290871663087741581e+02 2.563963675747222632e-05
1.291883846827747675e+02 8.535421801491677469e-06
1.292980379212754372e+02 8.773028273238478816e-06
1.293486471082757419e+02 8.931222144965674312e-06
1.294667352112764434e+02 2.370150501794908759e-06
1.295426489917769004e+02 5.746271083476281301e-06
1.296607370947776019e+02 4.248431299234328263e-06
1.297366508752780589e+02 6.334575274752567781e-06
1.299306527587792175e+02 2.048915920008587694e-05
1.301246546422804045e+02 6.054634279568138837e-06
1.302343078807810457e+02 7.410261166492587740e-06
1.303439611192817154e+02 1.087917519045504554e-05
1.304873538157825692e+02 1.875741486773153154e-05
1.305970070542832389e+02 2.966416037983570986e-06
1.306729208347836959e+02 1.876357925703580392e-06
1.307572694797841848e+02 4.352937996807515098e-06
1.308584878537847942e+02 1.652697203470458604e-05
1.309512713632853433e+02 1.317788604239418165e-05
1.310524897372859527e+02 1.807397663286608189e-05
1.311452732467865019e+02 1.276463947520387351e-06
1.312464916207871113e+02 2.326560488924438755e-05
1.313308402657876286e+02 8.659753021481931066e-07
1.314404935042882983e+02 2.974589712968500756e-05
1.316007559297892442e+02 7.124394121382316035e-06
1.317104091682899139e+02 4.757759022853763690e-05
1.319465853742913168e+02 5.449335185112702513e-06
1.320478037482919262e+02 1.405500840043429251e-05
1.321405872577924754e+02 1.211156132711025596e-05
1.322924148187933895e+02 1.066504811379900353e-05
1.324020680572940591e+02 1.214761976026838161e-05
1.325032864312946685e+02 8.518467151235404651e-06
1.326635488567956145e+02 1.292567627593307306e-05
1.327732020952962841e+02 2.084932060728357732e-07
1.329503342497973506e+02 1.027761720570352790e-05
1.330768572172981123e+02 8.148517632652880718e-06
1.331865104557987536e+02 3.011260272961793378e-06
1.332877288297993630e+02 2.258101977230011608e-05
1.333973820683000326e+02 1.432099457285667005e-06
1.335576444938009786e+02 1.078203290209173069e-05
1.337263417838019848e+02 1.193461194507882115e-05
1.338191252933025623e+02 1.721767335777460331e-05
1.339119088028031115e+02 8.344610222253869889e-06
1.340637363638040256e+02 1.812694568220453426e-05
1.341649547378046350e+02 1.975276150142245260e-05
1.342577382473051841e+02 1.067517136343051791e-06
1.343336520278056412e+02 1.009039359385456385e-05
1.344264355373061903e+02 3.730048274205972007e-06
1.345023493178066474e+02 2.703573163411224749e-06
1.345951328273071965e+02 2.255732093827824645e-05
1.346963512013078059e+02 3.577077674628819187e-06
1.348228741688085677e+02 6.052593526380930935e-06
1.350084411878096944e+02 1.501239760609112257e-05
1.351771384778107006e+02 1.089235900379855358e-05
1.353458357678117068e+02 8.556079734322313490e-06
1.355060981933126811e+02 4.552148876455754735e-05
1.355904468383131700e+02 4.310847965786789120e-06
1.356916652123137794e+02 3.089859892431423821e-05
1.358519276378147538e+02 1.455989214224865394e-05
1.359615808763153950e+02 1.324692640499323658e-05
1.360712341148160647e+02 2.642640749157370824e-05
1.361977570823168264e+02 1.294580714334565379e-05
1.362905405918173756e+02 2.329254537840434329e-05
1.363748892368178645e+02 7.431861990717635453e-06
1.364592378818183818e+02 2.047071619265540172e-05
1.365604562558189912e+02 4.213943732661627002e-05
1.367291535458199974e+02 2.046152753122830134e-05
1.368388067843206670e+02 6.481496466728833101e-06
1.369484600228213083e+02 7.158236239182419751e-06
1.370665481258220382e+02 3.317238203997174752e-05
1.372436802803230762e+02 1.428468643989302794e-05
1.373364637898236538e+02 5.792291789764592262e-06
1.374292472993242029e+02 3.106172749191787046e-06
1.375220308088247521e+02 8.543597427377758817e-06
1.376738583698256662e+02 9.228171239058052642e-06
1.377919464728263677e+02 1.420067951100463004e-05
1.379690786273274341e+02 3.438978817402394169e-06
1.380702970013280435e+02 4.107600893754541209e-06
1.381715153753286529e+02 9.641318242895985754e-06
1.382727337493292623e+02 5.991933552058283406e-06
1.383908218523299638e+02 7.461295635794345358e-06
1.385089099553306653e+02 1.955530646072157797e-05
1.386185631938313350e+02 1.346635602919358683e-06
1.387029118388318523e+02 6.125871371731528667e-06
1.388547393998327379e+02 3.528603777321098522e-05
1.389390880448332553e+02 1.965170863578653056e-05
1.390403064188338647e+02 1.062431753460530790e-05
1.391330899283344138e+02 9.676060466491421351e-06
1.392343083023350232e+02 3.009499115007068505e-05
1.393692661343358452e+02 1.342514819655203459e-05
1.394789193728364864e+02 2.475345856811775186e-05
1.396391817983374608e+02 3.223963850954497451e-05
1.397404001723380702e+02 3.324890635218961977e-06
1.398331836818386193e+02 1.666938889727106820e-05
1.399344020558392288e+02 1.065394697304062349e-05
1.399934461073395937e+02 7.491450042843452557e-06
1.401115342103402952e+02 3.545828810485213449e-05
1.402211874488409364e+02 9.433003635000098143e-06
1.403645801453418187e+02 1.739871290798344325e-06
1.404573636548423679e+02 5.335047713331454713e-07
1.405417122998428567e+02 7.121687602841693738e-06
1.406429306738434661e+02 7.010958647548773062e-06
1.407441490478440755e+02 6.107586713166411647e-06
1.409128463378450817e+02 3.438813409475668470e-05
1.410056298473456593e+02 1.581695890183773022e-05
1.410984133568462084e+02 8.240003970065967444e-06
1.411996317308468178e+02 1.359967217091276784e-05
1.413598941563477638e+02 3.556015780385316545e-06
1.414864171238485255e+02 1.797609787722272346e-05
1.416045052268492555e+02 2.410511920963205804e-05
1.417057236008498364e+02 2.461786188970696879e-05
1.417985071103504140e+02 1.548372452627209145e-05
1.418912906198509631e+02 1.996574362059545522e-05
1.419925089938515725e+02 1.047218379915137545e-05
1.420768576388520614e+02 1.057061569964570714e-05
1.421780760128526708e+02 1.585161130201968643e-05
1.422792943868532802e+02 1.269941868449908486e-05
1.423805127608538896e+02 1.380930364199703152e-05
1.424817311348544990e+02 1.651741758758779426e-05
1.425745146443550482e+02 5.158042717885233338e-07
1.426757330183556576e+02 1.828101063010691905e-05
1.427938211213563875e+02 2.067725159061330453e-05
1.429119092243570890e+02 1.755975984365931532e-05
1.430046927338576381e+02 1.018697847369291720e-05
1.431649551593586125e+02 1.000639705016333730e-05
1.432661735333591935e+02 1.680857377837882263e-05
1.433589570428597710e+02 7.876333999794920795e-07
1.434601754168603804e+02 7.824629804991956603e-06
1.437975699968623928e+02 3.672401259684055885e-05
1.440084416093636719e+02 1.924390447513580810e-05
1.442193132218649225e+02 4.555236123020345101e-05
1.443205315958655319e+02 1.526164071300510666e-06
1.443964453763659890e+02 6.197257804265094818e-06
1.444892288858665381e+02 2.717745473403833137e-05
1.445988821243672078e+02 3.507837265697966156e-05
1.447591445498681537e+02 1.473196970191996316e-05
1.448603629238687631e+02 4.441857943283179414e-05
1.449615812978693725e+02 8.000685530058751193e-06
1.450374950783698296e+02 2.625415306730746473e-06
1.451640180458705913e+02 2.388312267313721389e-05
1.452821061488712928e+02 4.059427402215778642e-05
1.454001942518719943e+02 1.196110635194005960e-05
1.455351520838728163e+02 1.048645459477930645e-05
1.456195007288733336e+02 1.001334224810303760e-05
1.457207191028739146e+02 5.715856079870637435e-06
1.458809815283748890e+02 4.742106128590791167e-06
1.459821999023754984e+02 2.002683997317037591e-05
1.460918531408761680e+02 2.771017552253198855e-05
1.461930715148767490e+02 1.949019838118511071e-05
1.462858550243773266e+02 3.572951595506628565e-05
1.463955082628779678e+02 3.133965702228739164e-05
1.465557706883789422e+02 2.062746381110447345e-05
1.466316844688793992e+02 1.597815376599200652e-05
1.467244679783799484e+02 6.375820311840513013e-06
1.468088166233804657e+02 1.462623910056890692e-05
1.469269047263811672e+02 2.147927521441493983e-05
1.470618625583819608e+02 9.524788129054783002e-06
1.472389947128830272e+02 2.270133452915328503e-05
1.474076920028840334e+02 1.420013935217615853e-05
1.474836057833844905e+02 1.873197207850372807e-05
1.476016938863852204e+02 1.734555178253829134e-05
1.477197819893859219e+02 1.461989774932641492e-05
1.478716095503868360e+02 1.185085585261694476e-05
1.479728279243874454e+02 8.264331897025954565e-06
1.480824811628880866e+02 1.101832558403313983e-05
1.482090041303888484e+02 7.157809827890132171e-06
1.483102225043894578e+02 7.532991783691420362e-06
1.483861362848899148e+02 2.147524987531908535e-05
1.484873546588905242e+02 2.451523328081465337e-05
1.485717033038910131e+02 2.059812836395509048e-06
1.486560519488915304e+02 4.734053604217451275e-05
1.488247492388925366e+02 3.485373313754746275e-05
1.489175327483931142e+02 8.501955238799537820e-06
1.490018813933936030e+02 6.069625156525214625e-05
1.491284043608943648e+02 3.810360981646969815e-05
1.492633621928951868e+02 3.905946656210078908e-05
1.493561457023957360e+02 1.918468496598431399e-05
1.495079732633966501e+02 2.888910820379210826e-05
1.496176265018972913e+02 1.537898168602862750e-05
1.496851054178977165e+02 1.688023470489588671e-05
1.497778889273982657e+02 8.371460694189694038e-06
1.498706724368988148e+02 2.234338300587315746e-05
1.499634559463993639e+02 4.887485092678399792e-05
1.501152835074002780e+02 3.055122027359228693e-05
1.502249367459009477e+02 3.372206969738210917e-05
1.503514597134017095e+02 4.484444534608914809e-05
1.505117221389026554e+02 1.478715561311886274e-05
1.506298102419033569e+02 2.204000116454110189e-05
1.507394634804040265e+02 2.616494673148997912e-05
1.508491167189046962e+02 1.622313045380912227e-05
1.509250304994051533e+02 6.875523479894595337e-06
1.510093791444056421e+02 1.986380374037173554e-05
1.511021626539061913e+02 3.321066645580011528e-05
1.512033810279068007e+02 5.819760204970309247e-05
1.512961645374073782e+02 2.365758612841645302e-05
1.513973829114079592e+02 1.051920467939576402e-05
1.514732966919084163e+02 1.461448909104056010e-05
1.515407756079088415e+02 1.989022105881733311e-05
1.516335591174093906e+02 1.651645628874055837e-05
1.516926031689097556e+02 1.340369682923826478e-05
1.517938215429103366e+02 5.913545408079154993e-06
1.518950399169109460e+02 4.746851632294011187e-05
1.520468674779118601e+02 4.345821794672772556e-05
1.521480858519124695e+02 1.135351722024911071e-05
1.522324344969129868e+02 2.863622758940685911e-05
1.523083482774134438e+02 2.364491882617531367e-05
1.524011317869139930e+02 3.942397887375291376e-05
1.525360896189148150e+02 3.915409309737659415e-05
1.526457428574154562e+02 4.864495909271067034e-05
1.527469612314160656e+02 1.466864606458584172e-05
1.528144401474164624e+02 2.222770209648793481e-05
1.529072236569170400e+02 4.887613512418050553e-05
1.530084420309176210e+02 5.247383159662891735e-05
1.531180952694182906e+02 9.805339349813219508e-05
1.532277485079189603e+02 3.142535163880930268e-05
1.533205320174195094e+02 2.784424263342116353e-05
1.534470549849202712e+02 2.190555148584948092e-05
1.535482733589208806e+02 1.570460325499590122e-05
1.536494917329214900e+02 2.786583558009763493e-05
1.537507101069220994e+02 5.644814220260133705e-05
1.539278422614231374e+02 9.160744927176232236e-05
1.541049744159242039e+02 1.137882297401340370e-04
1.542230625189249054e+02 5.728382904046143030e-05
1.543748900799258195e+02 6.529376290611989644e-05
1.544339341314261844e+02 6.259043609796134048e-05
1.545435873699268541e+02 3.555128061732519280e-05
1.546195011504272827e+02 1.502909331090659493e-05
1.547038497954278000e+02 6.445565164966294690e-05
1.548050681694284094e+02 6.102316295975673377e-05
1.548894168144289267e+02 6.589074835623697239e-05
1.549822003239294759e+02 1.024532554959771072e-04
1.550665489689299648e+02 1.167318035355956098e-04
1.551762022074306344e+02 1.297267957467045704e-04
1.553364646329316088e+02 5.860995206615627332e-05
1.554123784134320658e+02 4.838396562825595878e-05
1.554967270584325547e+02 4.268748416111538751e-05
1.555895105679331039e+02 9.174089225093345565e-05
1.557075986709338338e+02 9.794435555376748161e-05
1.558425565029346274e+02 7.165949033987159729e-05
1.559859491994354812e+02 9.022489163271833735e-05
1.560618629799359383e+02 1.313282827288216373e-04
1.561715162184366079e+02 1.832016692598367822e-04
1.562727345924372173e+02 5.090706389167547110e-05
1.563486483729376744e+02 1.685636794712883080e-04
1.564751713404384361e+02 9.279135888586023868e-05
1.566523034949394741e+02 1.151879167418586746e-04
1.567450870044400517e+02 1.117942109441922563e-04
1.568378705139406009e+02 1.332307965486788197e-04
1.570065678039416071e+02 3.189799344105360849e-04
1.571162210424422767e+02 2.789397445496043368e-04
1.571836999584426735e+02 2.933221580586150190e-04
1.573102229259434353e+02 4.019356815450884522e-04
1.573270926549435274e+02 4.017388784355760238e-04
1.574620504869443494e+02 4.505942672431579579e-04
1.576223129124452953e+02 8.847545680273127605e-04
1.577994450669463617e+02 2.314457087690931843e-04
1.578669239829467585e+02 2.439545309640851203e-04
1.580946653244481297e+02 5.077287643623001022e-03
1.584067553109500182e+02 1.567320864006851652e-02
1.586344966524513893e+02 6.697133144716370390e-02
1.588200636714524876e+02 6.676531560207726000e-03
1.590140655549536461e+02 8.542053373203979671e-02
1.593261555414555346e+02 7.513303217875536011e-02
1.596635501214575470e+02 2.923625441397917357e-02
1.598744217339588261e+02 8.527408748356772594e-03
1.601190328044602893e+02 8.186438728513436083e-03
1.603383392814616002e+02 2.811991321731282037e-02
1.606757338614636126e+02 7.445751131814568047e-02
1.609878238479655010e+02 8.495956298732225409e-02
1.611818257314666596e+02 6.426534295377635785e-03
1.613673927504677579e+02 6.698529170410513767e-02
1.615951340919691290e+02 1.508792445842490997e-02
1.619072240784709891e+02 5.722312513471500793e-03
1.620843562329720555e+02 1.288001345324458525e-04
1.621771397424726331e+02 3.642232481575814512e-04
1.623627067614737314e+02 9.244556587821723933e-04
1.625482737804748581e+02 4.286679427538416074e-04
1.626579270189754993e+02 3.502954889776372770e-04
1.627169710704758643e+02 4.430599187982627745e-04
1.628350591734765658e+02 3.400999392579527299e-04
1.630037564634775720e+02 3.709688110274732644e-04
1.631724537534785782e+02 1.971936451954343992e-04
1.632568023984790955e+02 8.386913813410057264e-05
1.633411510434796128e+02 2.272057607773538923e-04
1.634423694174802222e+02 3.897866493130559167e-05
1.635182831979806792e+02 1.218245821320263443e-04
1.636279364364813205e+02 1.441025879828339816e-04
1.638388080489825995e+02 1.292490338380961252e-04
1.639653310164833329e+02 1.272609152940301820e-04
1.641762026289846119e+02 6.792162862335999291e-05
1.642942907319853134e+02 9.750149465241885220e-05
1.644545531574862878e+02 6.986738110219655384e-05
1.646148155829872337e+02 7.502236349905834197e-05
1.647919477374883002e+02 1.378188428389746391e-04
1.649690798919893666e+02 1.032325062734632193e-04
1.650702982659899760e+02 8.045997092736721559e-05
1.651630817754905252e+02 5.622560572938253018e-05
1.652558652849910743e+02 9.244471573888653215e-05
1.653570836589916837e+02 2.610999250507250953e-05
1.654329974394921408e+02 3.682454672494600795e-05
1.656016947294931470e+02 1.039107203207786912e-04
1.657029131034937564e+02 9.797528694272081458e-05
1.657956966129943339e+02 5.270861919429419023e-05
1.658800452579948228e+02 8.660608449249574043e-05
1.659643939029953401e+02 6.201885066340224193e-05
1.660656122769959495e+02 1.137636873956485145e-04
1.662343095669969557e+02 3.305945914869373909e-05
1.663439628054976254e+02 1.686471398361295802e-05
1.665042252309985713e+02 4.055705989387982510e-05
1.667404014370000027e+02 4.293662724349844384e-05
1.668584895400007042e+02 4.381233363844259763e-05
1.669175335915010407e+02 4.533058446093117137e-05
1.670271868300017104e+02 2.309669851141555233e-05
1.671199703395022595e+02 2.162474724114191993e-05
1.671874492555026563e+02 2.729184474671822089e-05
1.672802327650032339e+02 2.877013755917766561e-05
1.673730162745037831e+02 7.678643777511739207e-05
1.674657997840043322e+02 6.726915117659359176e-05
1.675585832935049098e+02 3.642264295121196290e-05
1.676429319385053986e+02 4.915853304569347420e-05
1.677357154480059478e+02 3.066641089564529535e-05
1.678200640930064651e+02 2.581743440315865763e-05
1.679297173315071348e+02 2.905291809295684156e-05
1.679887613830074713e+02 2.681100408030479381e-05
1.681405889440083854e+02 5.260448457060428411e-05
1.683177210985094518e+02 1.048294480669824245e-05
1.684020697435099407e+02 1.979594391194758275e-05
1.684864183885104580e+02 2.856065224417065848e-05
1.685960716270111277e+02 2.159933924243738227e-05
1.687478991880120418e+02 4.916080960241176666e-05
1.689081616135129877e+02 3.850780366731392044e-05
1.689925102585135051e+02 6.423233470638439483e-06
1.690768589035139939e+02 3.686057197668010638e-05
1.691865121420146636e+02 1.472803210781895207e-05
1.693299048385155174e+02 6.040224733704390093e-05
1.694226883480160666e+02 2.742875205474653059e-05
1.695154718575166441e+02 5.944036398294088772e-05
1.696082553670171933e+02 2.472288638488940134e-05
1.696926040120176822e+02 4.023196357084650709e-05
1.698528664375186565e+02 6.702967759104594663e-05
1.700299985920197230e+02 6.775271857363460691e-05
1.701396518305203642e+02 2.095104412565945888e-05
1.702999142560213386e+02 6.424647945087481600e-05
1.704011326300219480e+02 6.907218825978998681e-06
1.704939161395224971e+02 2.724436194547936465e-05
1.706541785650234715e+02 2.381422680002740703e-05
1.707469620745240206e+02 1.234990963918908998e-05
1.708566153130246619e+02 2.155006047430417897e-05
1.709831382805254236e+02 2.729695490944902014e-05
1.710674869255259409e+02 1.280678699991060266e-05
1.711687052995265503e+02 3.555241751707574361e-05
1.712699236735271597e+02 9.006208122594351883e-06
1.713627071830277089e+02 2.323599174415085284e-05
1.714807952860284104e+02 8.465105017155732459e-06
1.715904485245290800e+02 2.145225647446843026e-05
1.716747971695295689e+02 1.095105397292869493e-05
1.717675806790301465e+02 2.105966656463936375e-05
1.718687990530307559e+02 1.274124295538846387e-05
1.719531476980312448e+02 1.483130764460433850e-05
1.720965403945320986e+02 1.884194373787600880e-05
1.722061936330327683e+02 2.013854761761984242e-05
1.723664560585337426e+02 3.916546043172538187e-05
1.724508047035342315e+02 1.647681848922584778e-05
1.725520230775348409e+02 9.975507044119677632e-05
1.726448065870353901e+02 4.044905538631398252e-06
1.727375900965359676e+02 5.631646929247254555e-05
1.728641130640367010e+02 2.073184536763615160e-05
1.730328103540377356e+02 2.745239625547278120e-05
1.731508984570384371e+02 1.564084588526757827e-05
1.733111608825393830e+02 1.846116067250840444e-05
1.734123792565399924e+02 3.867627157058227942e-05
1.736738600560415762e+02 2.716294717321899224e-05
1.737919481590422777e+02 3.065918689597899803e-05
1.738762968040427950e+02 6.579156913920112751e-06
1.739775151780434044e+02 3.182162976443242847e-05
1.740787335520439854e+02 2.536959545585137683e-06
1.741715170615445629e+02 8.080427412179949268e-06
1.742980400290453247e+02 1.654458986285405297e-05
1.744329978610461183e+02 1.704265317385817119e-05
1.746016951510471245e+02 3.504758235186419862e-05
1.747197832540478544e+02 1.000768262610083863e-05
1.747956970345483114e+02 7.556952605189082048e-06
1.748969154085488924e+02 2.108216422759107936e-05
1.750656126985499270e+02 5.605443727444646532e-05
1.752343099885509332e+02 2.346341284076305608e-05
1.754114421430519997e+02 3.296920641374624585e-05
1.755717045685529456e+02 4.305131712480827068e-05
1.757319669940539200e+02 6.416362682272271664e-05
1.758753596905547738e+02 3.118063432499972216e-05
1.759934477935554753e+02 2.932137076039516966e-05
1.761621450835564815e+02 1.669327476511713948e-04
1.762633634575570909e+02 3.257429771880531442e-05
1.763561469670576685e+02 7.354492753283099001e-05
1.764995396635585223e+02 3.688178510803508369e-05
1.766682369535595285e+02 7.127283385484916060e-05
1.767610204630600776e+02 1.862009797528798590e-05
1.768622388370606870e+02 5.506028354661440864e-05
1.769212828885610520e+02 4.517858024429224380e-05
1.771321545010623026e+02 1.264756985194864455e-04
1.773345912490635214e+02 4.770110025847299601e-04
1.775960720485651052e+02 3.024112987948560875e-04
1.776972904225657146e+02 1.851637741589637028e-04
1.777647693385661114e+02 2.606155701744371353e-04
1.779334666285671176e+02 5.436271521803336332e-05
1.781105987830681840e+02 5.684176246927815854e-03
1.783552098535696473e+02 2.264720020672517792e-02
1.786419952465713550e+02 4.095910717740782608e-02
1.790299990135737005e+02 9.584004403562945695e-02
1.793083495420753763e+02 9.897048696694994707e-02
1.796963533090776934e+02 2.759153683622186590e-02
1.799325295150790964e+02 7.744300870410581253e-03
