Frequency Power
1.578436793796770266e-01 9.138614124525014848e-04
3.609703815322122256e-01 5.022917222373243958e-04
7.128841585098527611e-01 1.558195793518619976e-02
1.093261549801861410e+00 8.432575294937532176e-03
1.582318195748729561e+00 5.404086944077114013e-03
1.912237361665267477e+00 4.763024873058188495e-03
2.242156527581805392e+00 2.829722031323744173e-03
2.504798059664382848e+00 4.005939842169689157e-04
2.782965199554797486e+00 2.894939601242354208e-04
3.048194332938680695e+00 1.050407775446911599e-04
3.300485459816033362e+00 4.177688448219159310e-04
3.727439674531553226e+00 6.009447989435030959e-05
4.078059650858540941e+00 4.983265373807119767e-04
4.379515202460710910e+00 4.963965318218922451e-06
4.604636515674348729e+00 4.805083659860997716e-05
4.895741662071293909e+00 7.506290021962023660e-05
5.360216095655752966e+00 9.803508711574329519e-05
5.682372457668372512e+00 5.567452386588368573e-05
6.140377887999566298e+00 5.176863613126445475e-05
6.447008642204349549e+00 3.322438170053431094e-05
6.701887370383007969e+00 7.522124861784620620e-07
6.942534291404482971e+00 4.069754757404249858e-05
7.440647541905922147e+00 2.485856994145167737e-05
7.756334900665276422e+00 7.627735155882022422e-05
8.189758118634062001e+00 1.066216599780931326e-05
8.483450866332313822e+00 1.497975294147384336e-05
8.748679999716197031e+00 1.660924018497011130e-05
9.047547950017060359e+00 4.549839399406057944e-05
9.496496775793682232e+00 2.165001794398690413e-05
9.790189523491934054e+00 1.521020040435658547e-05
1.008388227119018588e+01 1.202838858802322014e-05
1.076959661603632412e+01 2.049998399824474763e-05
1.110857238650743284e+01 8.509268392215615313e-06
1.152776379731903411e+01 2.714753172188615898e-05
1.185250776063296030e+01 2.521529870522291162e-06
1.213455630247533357e+01 2.935427311848118375e-06
1.236744041959289042e+01 1.578961914930462470e-05
1.283450245447865612e+01 1.308671073919214825e-05
1.317218442429911285e+01 1.426452044653977113e-05
1.363407125658226526e+01 6.655302423159002953e-06
1.392905780493117085e+01 4.924987082701992750e-06
1.419040553636309454e+01 2.509541436102127006e-06
1.446339747365089679e+01 8.235826127963467370e-06
1.478296623436220969e+01 8.759507980976587579e-07
1.520215764517381096e+01 1.789156462333707680e-05
1.551525740263185860e+01 1.270792889224280253e-06
1.599008224142154333e+01 9.698446593038950072e-06
1.649983969777886017e+01 1.457679076262404907e-05
1.685822247800976825e+01 4.193037365552050588e-06
1.723989366995242989e+01 5.769471695664515890e-06
1.751417940789088235e+01 4.366036108552952751e-06
1.779752175038391115e+01 3.100592852451032255e-06
1.809509590003412072e+01 4.348805208092020836e-06
1.828787219698143218e+01 2.271327949853727706e-06
1.856474553622119217e+01 2.466751818068376589e-07
1.887267009107662830e+01 8.749996113495799575e-06
1.930868091034671963e+01 2.924176057939509212e-06
1.960496125934627898e+01 3.252523784023714460e-06
1.985725238622363165e+01 6.796419279169361702e-06
2.017811494758559832e+01 4.655352242555752411e-06
2.064388318182070847e+01 1.122557133397039887e-05
2.087676729893826533e+01 3.268203171079739752e-06
2.116269724273259811e+01 1.456506797375369783e-06
2.141628217026060454e+01 7.196718520175442026e-07
2.166469189518599592e+01 3.876199679155155731e-07
2.192215822466596364e+01 7.349848992827547136e-06
2.222231997561748074e+01 7.371468629179302986e-07
2.264151138642908023e+01 1.074277260569651808e-05
2.297660575494823121e+01 1.871094234441609323e-06
2.325994809744125646e+01 2.091190356729772400e-06
2.350059501846273236e+01 5.891347372567412263e-06
2.394178104033543519e+01 2.851941183483868163e-06
2.426523120299870939e+01 7.107038715538155431e-06
2.474134984243904611e+01 6.158363424347988739e-06
2.506091860315035902e+01 2.836402029116082175e-06
2.529121511896660834e+01 8.769763540421630678e-08
2.556420705625441059e+01 3.620722786722288903e-06
2.598339846706601364e+01 3.140589769666261501e-07
2.630296722777732654e+01 6.525089643757178230e-06
2.677132306331374423e+01 1.491767633031618324e-06
2.710641743183289520e+01 6.007093886890381235e-06
2.761229348623825430e+01 3.166612477413708828e-06
2.800819648533810025e+01 6.530930034175837172e-06
2.836399166426770080e+01 4.276887493530615242e-06
2.867709142172574843e+01 1.319301159031073493e-06
2.892550114665113981e+01 1.142536792766406550e-06
2.936021816527057737e+01 3.084587511407938888e-06
2.968237452728319781e+01 1.997690085328292905e-06
2.999676808539189921e+01 5.476234488803382729e-06
3.041984089815546000e+01 5.139527472082503345e-07
3.073294065561350763e+01 2.454218522906123026e-06
3.121294069700580565e+01 2.837970627383766533e-06
3.149887064080013843e+01 2.501798177515027346e-06
3.176668737548532562e+01 6.480852521668721607e-06
3.210436934530578412e+01 1.599652259983672540e-06
3.254167396522652922e+01 1.470237534317813237e-06
3.301132360141360067e+01 3.780378758641424244e-06
3.331536675431707550e+01 1.061387661492252816e-07
3.350296784866177546e+01 2.285619149536779004e-07
3.379277919440806954e+01 3.481347401657262757e-06
3.406965253364782598e+01 9.520164532588384673e-07
3.434652587288758951e+01 1.807806561181813351e-06
3.460787360431951498e+01 1.484853631517011760e-06
3.508269844310919439e+01 9.826758960664066924e-07
3.539838580186854955e+01 3.680471063628634732e-06
3.579299500031774528e+01 1.808889202214351809e-06
3.611644516298101593e+01 1.899516393800931746e-06
3.637908669506359161e+01 1.012180104057871046e-06
3.669218645252163924e+01 6.040771665846161203e-06
3.714631048090087972e+01 1.915417899260997675e-06
3.744905983315369724e+01 3.951591856678027526e-06
3.792000326999142601e+01 2.167619490490246715e-07
3.821110841638837030e+01 3.734217100643883905e-06
3.851256396799053761e+01 7.774601922086807377e-07
3.879202490853160867e+01 5.478397014233081976e-07
3.918922170828210483e+01 2.078866349766149689e-06
3.947903305402839891e+01 3.940726742514477691e-06
3.989434306288804066e+01 2.599620353291002077e-06
4.023590643466045691e+01 1.963443133170030635e-06
4.052442397975609367e+01 1.767777886267650208e-06
4.083364233526218356e+01 1.893433377202952061e-06
4.115321109597349647e+01 3.359037104039217484e-06
4.153617608856681187e+01 4.079686764531376206e-07
4.185186344732616703e+01 1.724334145206437848e-06
4.231375027960931590e+01 5.889646917386646348e-08
4.257509801104124136e+01 1.706571458578602392e-06
4.286620315743818566e+01 7.600413265924827259e-07
4.316636490838970275e+01 1.210820875835838490e-06
4.362954554132350893e+01 2.876014652180688086e-06
4.406814396189491134e+01 3.184384911001879948e-06
4.444981515383756943e+01 4.877134648499804467e-07
4.455590680719112839e+01 4.873680042417831873e-07
4.491170198612072539e+01 4.591443471454091428e-06
4.542016564182738847e+01 8.018086291540824475e-07
4.572679639603217083e+01 1.508664970128639146e-06
4.618092042441140421e+01 3.320731853428417680e-07
4.648755117861618658e+01 1.763158833407146896e-06
4.697013882130978857e+01 4.405021065850586925e-06
4.729100138267175879e+01 3.630240587611362486e-06
4.777488282601601099e+01 9.077597576376831847e-07
4.823418205699785943e+01 1.340176586361343915e-06
4.856927642551701041e+01 2.987959893841699722e-06
4.907903388187433080e+01 1.752543024993253869e-06
4.958879133823164409e+01 5.089544442806582675e-07
4.977639243257634405e+01 1.000612527665522065e-06
5.007784798417851135e+01 1.990550960120617950e-06
5.035601512406893221e+01 7.498748617156640482e-07
5.060830625094628488e+01 6.309322910118971052e-07
5.091105560319910239e+01 1.864561089795541492e-06
5.137164863483160815e+01 2.345348366078344323e-06
5.166404758187920265e+01 1.115093352147738161e-06
5.192022011070851306e+01 2.174073429770163155e-06
5.238469454429297656e+01 2.957035636150191977e-06
5.270685090630559699e+01 1.327097132095707461e-06
5.298631184684666096e+01 9.819285158426938805e-07
5.327871079389426257e+01 1.651946201611444288e-06
5.365132538128234785e+01 7.560352107154977045e-07
5.397348174329496828e+01 3.533270501259569168e-06
5.429693190595823893e+01 1.584206591668937803e-07
5.456474864064342967e+01 1.459818628618987330e-06
5.528927700500916131e+01 1.060790318920702685e-06
5.555191853709173699e+01 1.215540577802098451e-06
5.605779459149709965e+01 2.099185759714121051e-06
5.642394017563191966e+01 2.180527075197931730e-07
5.681984317473176560e+01 2.902295991255464400e-06
5.729208041222014458e+01 7.644717417636691605e-07
5.778760606142027711e+01 2.476506319459918217e-06
5.808647401172114400e+01 1.031022682216640394e-06
5.840345517113114937e+01 2.185997329495479399e-06
5.882523418324405640e+01 7.980868386384111009e-07
5.909563851923055466e+01 1.349832642926828969e-06
5.938415606432619143e+01 1.360790153295577147e-06
5.968431781527770852e+01 2.692487585483751335e-06
6.015267365081412976e+01 2.552400400607410801e-06
6.047353621217609287e+01 1.358754395826743195e-06
6.071547693384822253e+01 2.500402148840990617e-06
6.100787588089582414e+01 9.126639989216743824e-08
6.141024788324893535e+01 5.852744933001893685e-07
6.171040963420045244e+01 4.017241416160964152e-07
6.194070615001670177e+01 1.034826749246370725e-06
6.221887328990711552e+01 1.330266870558453363e-06
6.249962803109883680e+01 3.313231981648676958e-07
6.279978978205035389e+01 2.147948884891079602e-06
6.341175748980926130e+01 2.127953103177153579e-06
6.378178447589604616e+01 1.247096495901151769e-06
6.423590850427528665e+01 2.842531567231754723e-06
6.476895437234435349e+01 1.524821541342570296e-07
6.512992475387656555e+01 2.659067506260466184e-06
