Frequency Power
1.869589212848926651e-01 4.152501895643551360e-04
4.873994585462048668e-01 3.048228431675005252e-03
7.470192706361431512e-01 7.212186680199149380e-03
1.085014875055119399e+00 5.956747816056693658e-03
1.552003971015637251e+00 3.199506000481673693e-03
1.907144280006590531e+00 1.757418296022289755e-03
2.248405542439276594e+00 4.857364970522663294e-04
2.448427095779009299e+00 9.638003022522653252e-05
2.621506970505634637e+00 2.080031305071084098e-04
2.794586845232259975e+00 5.073241856202959451e-05
2.955420502407473560e+00 5.401690331608298472e-05
3.129316791637526407e+00 4.305867624023258691e-05
3.277087816757900285e+00 2.443893365523339286e-05
3.452616934994808151e+00 3.964050476297829542e-05
3.617532664687158839e+00 1.988535028919662578e-05
3.780815565372654508e+00 2.356802375840592648e-05
3.942465637051295602e+00 1.204055455483423986e-05
4.105748537736791270e+00 1.467209172970230091e-05
4.277195583456562034e+00 1.556090175436367166e-05
4.444560556659195250e+00 1.225709677494192804e-05
4.609476286351545937e+00 5.439276936239562029e-06
4.765411456506194021e+00 1.306693253201102588e-05
4.936858502225964784e+00 3.415587109322591329e-06
5.102590646421742981e+00 6.068243295991110514e-06
5.240564697500986746e+00 6.427405048601554504e-06
5.412011743220757509e+00 8.750408854828274808e-06
5.597337835498795044e+00 6.444586559028634945e-06
5.745108860619168922e+00 3.909642059963073085e-06
5.913290248325229648e+00 9.993824061993039264e-07
6.057795615431893488e+00 4.817965833966115100e-06
6.235773977179083438e+00 4.430442605305059167e-06
6.412119509919419258e+00 5.734576459648925026e-06
6.536214514440395362e+00 5.465627311232459186e-06
6.730521166256135501e+00 2.397784707012585900e-06
6.909315942506753849e+00 1.789661529533183828e-06
7.202408749237218188e+00 5.035129338988998836e-06
7.373855794956988952e+00 5.278446190683009454e-06
7.553466985711034809e+00 1.895925166032314888e-06
7.803289823759842925e+00 1.934755691341967934e-06
8.021272496174979949e+00 3.326681906455869386e-06
8.213946318983865069e+00 2.898165468424932437e-06
8.326611520456856042e+00 2.605434890697103677e-06
8.534797218830863841e+00 3.231572853785349253e-06
8.961782004123435286e+00 1.923203282022423407e-06
9.136494707856915198e+00 1.319735823949042686e-06
9.321004385631525224e+00 4.257777525871755955e-06
9.497349918371861932e+00 1.365200406394581470e-06
9.641038870975098263e+00 3.617223264606448454e-07
9.805954600667448062e+00 2.100500304287030124e-06
9.996179179966050654e+00 1.294780816404641350e-06
1.019456790429892834e+01 3.734868462916993387e-06
1.047541449347798093e+01 1.049448122455161764e-06
1.063379890714291243e+01 1.242981384150670454e-06
1.094240358943849856e+01 1.451423160721442880e-06
1.112038195118569028e+01 4.431050652130487066e-06
1.145429548308752921e+01 2.287217218943827090e-06
1.174330621730085511e+01 5.098744462740548962e-07
1.192699948057203940e+01 1.715216209939648736e-06
1.223968623538476308e+01 3.179864004387772649e-06
1.243889137422106828e+01 2.211303507623383239e-06
1.262748312451281585e+01 1.898099417349118591e-06
1.307161261437736322e+01 2.637541107332675880e-06
1.325612229215197502e+01 2.115762410004273223e-06
1.343899914091973002e+01 1.205618278615384225e-06
1.358268809352296635e+01 3.390548505300747796e-07
1.373454119116047600e+01 4.191294638705699076e-07
1.392966425747964365e+01 3.332041956724978648e-06
1.423745252527180405e+01 3.248921647257015416e-06
1.443584124960468174e+01 1.191526978507967960e-06
1.462688224340671184e+01 5.051524331848461786e-07
1.481710682270531443e+01 1.182375046252093528e-06
1.506611324625069415e+01 1.721940194915666639e-06
1.525960348356300678e+01 1.788724988862104979e-06
1.550371142008782321e+01 1.402948871112088591e-06
1.595437222597979243e+01 2.042658639237610464e-06
1.615276095031266834e+01 8.137109766773703871e-07
1.634543477312155346e+01 1.184330174812192167e-06
1.653892501043386787e+01 6.871505281730496435e-07
1.677976728894497427e+01 3.310715794810445179e-06
1.700754693540124052e+01 1.229177119422803620e-06
1.720593565973411643e+01 1.461084556614041038e-06
1.761659215495813768e+01 1.887470190220589403e-06
1.783457482737327737e+01 1.783652103336432982e-06
1.807378427687752520e+01 2.314992814638299726e-06
1.835299803704972632e+01 8.125737318806853126e-07
1.854648827436203717e+01 1.262314519915571478e-06
1.876936943379773837e+01 2.753668578949644362e-06
1.891632404441468651e+01 1.580192437953293141e-06
1.912532615729211827e+01 3.754861024212335916e-07
1.929840603201874671e+01 5.625779460040914465e-07
1.962823749140344631e+01 2.395128516407376099e-06
1.988785730349338365e+01 9.203223096419632364e-07
2.011482053544622417e+01 1.429088054449242640e-06
2.032627189183394023e+01 3.443981999509825430e-07
2.048220706198858920e+01 1.296948299397371743e-06
2.095164540145939114e+01 3.336835851623475222e-06
2.120799955553561844e+01 1.089023430334698658e-06
2.137863018675196258e+01 7.999272348560767861e-07
2.171580937666751154e+01 2.254500620662450383e-06
2.191583093000724247e+01 6.419369746632197282e-07
2.208319590320987658e+01 2.610218767625851585e-07
2.227097123899819664e+01 1.088738082624788361e-06
2.242527358014599059e+01 1.450418130816327189e-06
2.260243552738975126e+01 9.627962392959113119e-07
2.276898408608895608e+01 3.117445419505869793e-07
2.298451751499381146e+01 1.742693319291110896e-06
2.338619345068013189e+01 6.417931876364920011e-07
2.355519125288962101e+01 3.685677560368816511e-07
2.377154109629790213e+01 3.163581560672637443e-06
2.399442225573360332e+01 1.804271221477064975e-06
2.428016733193322096e+01 1.199464031894999344e-06
2.449815000434835710e+01 1.440522212320556351e-06
2.471368343325321248e+01 2.154454407376246289e-06
2.507372222926473171e+01 7.412997353573256056e-07
2.534150618638894414e+01 4.642179848467806403e-07
2.555867244430065455e+01 1.523751023645206623e-06
2.581584301288030758e+01 1.619265746984068420e-06
2.602484512575774289e+01 3.768754671437301007e-07
2.618322953942267262e+01 1.309526953808816792e-07
2.639713013932067298e+01 5.064518045252723595e-07
2.666573051094831470e+01 7.543703825696989621e-07
2.707393776266205521e+01 8.240692818367445996e-07
2.726497875646408531e+01 2.885645368392546713e-07
2.745112126324555035e+01 8.289039344239658189e-07
2.763481452651673109e+01 8.587735989649038107e-07
2.782014061879477040e+01 6.753916861029887934e-08
2.798342351948026518e+01 1.776163458903575190e-07
2.813854227513148487e+01 4.027214903498007852e-07
2.838591586967001135e+01 2.105274885381676265e-06
2.866349680083535389e+01 7.776883780817398077e-07
2.891903454040815546e+01 7.353957944540026420e-07
2.906353990751481930e+01 7.188036718834160629e-07
2.923417053873116345e+01 3.421965002029150967e-07
2.945460245465658389e+01 9.019128619484571584e-07
2.971912075376708628e+01 9.856416294504441374e-07
3.008160879328888626e+01 2.695109387733531483e-07
3.042613571373528103e+01 1.545468842433061174e-06
3.079107299676736531e+01 2.613065178082230822e-07
3.099925869514137133e+01 1.444891037740296598e-07
3.121724136755650747e+01 1.742241075016576273e-06
3.147359552163273833e+01 6.683751035967763525e-07
3.171362138564041544e+01 8.137240767925481077e-07
3.205488264807310372e+01 6.309758673168353131e-07
3.225735344492311896e+01 5.435820070076043728e-07
3.255044625165358241e+01 1.332415610131774212e-06
3.279128853016468526e+01 6.877868401232848168e-07
3.302396666364151656e+01 6.674184516236029896e-07
3.330971173984113420e+01 1.945919712992613993e-06
3.367383260836979275e+01 5.261931610480088818e-07
3.405591459597385295e+01 1.881136766981804191e-06
3.432206572409121037e+01 4.890130405859097087e-07
3.465842849950333004e+01 5.566298995432198377e-07
3.480048462309971313e+01 6.210610475639858932e-07
3.500785390697028987e+01 8.995649989839223800e-07
3.520134414428260783e+01 4.581311544569537783e-07
3.541769398769088895e+01 2.266483204084490563e-06
3.567486455627054198e+01 4.357995682392104615e-07
3.578834617224696046e+01 3.562660076498868437e-07
3.619247135144356520e+01 1.604718414908889596e-06
3.655414297646193944e+01 6.569993740476941745e-07
3.687825953432264470e+01 1.191327242893308966e-06
3.711746898382689608e+01 8.770552807005046359e-07
3.742117517910192248e+01 1.097035644324535125e-06
3.781958545677453287e+01 7.855419698751965023e-07
3.824738665657052650e+01 1.453339545562784049e-06
3.868825048842136738e+01 1.185143317078637055e-06
3.910298905616252796e+01 2.141663867012277822e-06
3.945731295065005639e+01 5.468107178375512781e-07
3.966876430703776890e+01 1.735671627426744254e-07
4.001655688549787726e+01 1.051188088889321680e-06
4.027372745407753030e+01 1.062019060970534859e-06
4.060845740048279850e+01 4.533757190570429400e-07
4.075051352407918159e+01 6.572407638504903134e-07
4.093828885986749810e+01 3.091533714972353770e-07
4.112116570863525311e+01 1.166830371140345679e-06
4.135057818409837438e+01 1.076323212533498087e-06
4.151712674279757920e+01 7.638659739365024173e-07
4.179307484495606673e+01 5.418518295065176710e-07
4.202003807690891080e+01 1.373119265747017557e-06
4.227557581648171237e+01 2.765410821613999253e-07
4.245355417822889876e+01 3.221811726269382719e-07
4.283645258033638470e+01 2.895120155898182282e-06
4.311076785348802076e+01 6.891019952538375966e-07
4.352305717771889704e+01 4.997352719530151901e-07
4.372634438907233800e+01 1.431699840997826243e-06
4.394106140347376765e+01 1.620760866110392885e-06
4.417129029344031466e+01 1.224195611919095259e-06
4.459909149323631539e+01 6.086125952560788503e-07
4.484891433128512261e+01 1.469239342828827286e-06
4.522364858835833701e+01 1.170192006747127578e-07
4.564573488663034340e+01 1.947171006987580100e-06
4.595352315442250557e+01 8.111708040444040431e-07
4.621885786803643015e+01 1.092227365485511190e-06
4.654787291291770401e+01 3.053087436373984734e-06
4.675116012427115209e+01 9.509189709026180189e-08
4.692097434098406694e+01 6.738151324678570119e-07
4.709731987372440187e+01 3.213407189604371607e-07
4.723039543778308058e+01 2.141445704694044485e-07
4.742143643158510713e+01 5.423450414068111774e-07
4.766799361162021142e+01 2.093134112645521682e-06
4.793985964126155608e+01 2.198582255870237215e-07
4.810885744347104520e+01 9.983115019157001770e-08
4.827050751514968852e+01 9.660775262201601200e-08
4.853665864326704593e+01 2.385629477429271815e-06
4.879056355383298893e+01 1.436987215245291915e-06
4.900446415373099285e+01 1.055465205693853799e-06
4.939144462835561455e+01 4.907530854004001946e-07
4.964943161143870043e+01 3.594219591354844924e-07
4.985598448080585143e+01 1.721135069109024547e-06
5.027072304854701201e+01 8.487624352891736899e-07
5.057116358580832127e+01 9.616050365822096699e-07
5.079486115974745530e+01 9.011585524871892562e-07
5.112387620462872917e+01 1.361070521296587139e-07
5.138104677320838221e+01 1.571824437622098640e-06
5.164556507231888816e+01 4.139069323547149188e-07
5.189457149586426254e+01 8.369142760959640628e-07
5.225624312088263679e+01 2.788207996257562854e-06
5.251014803144858689e+01 5.000433755078387988e-07
5.272404863134658370e+01 1.006039515678353604e-06
5.296897298237482943e+01 6.525676186362848647e-07
5.309225157239237802e+01 7.153080312525425244e-07
5.336003552951659401e+01 1.795483294163101030e-06
5.359434649200027678e+01 1.116427774142430890e-06
5.405725351544365509e+01 1.846593744812448588e-07
5.424584526573540444e+01 1.128450232872407478e-06
5.447117566868138994e+01 2.793275985631388553e-06
5.473487755328846305e+01 1.531513167741658959e-06
5.502878677452235934e+01 7.865057948860205594e-07
5.525330076296491200e+01 4.675367935379761713e-07
5.548434606743489184e+01 2.648326306125046460e-07
5.563130067805183643e+01 6.982086145156889626e-07
5.591786216875487980e+01 1.606241849073242568e-06
5.615707161825913118e+01 5.180073192270720962e-07
5.648200459062326928e+01 2.549825683087594873e-06
5.685347318968277364e+01 2.799396110974350163e-07
5.706410813156706041e+01 4.113837861269271899e-07
5.729433702153361452e+01 2.615959825799506227e-06
5.756620305117495917e+01 4.605100623146950793e-07
5.791072997162135749e+01 1.013665390875715551e-06
5.814749017761532457e+01 8.785235160206816895e-07
5.839486377215385460e+01 1.002182629523701306e-06
5.865938207126435344e+01 1.147702669476362311e-06
5.906269083595753244e+01 3.211651535375720044e-07
5.928802123890351794e+01 3.333077399002237623e-06
5.950845315482893483e+01 1.014363427325073645e-06
5.975582674936745775e+01 7.440054962559306841e-08
6.015342061253664241e+01 2.295810395940239836e-06
6.040977476661286971e+01 6.333412518305356741e-07
6.071429737639132185e+01 1.613851721817555365e-06
6.101065584113549534e+01 1.841579162472713082e-06
6.124333397461232664e+01 2.317864418481807762e-07
6.143029289589721742e+01 1.092887058630270661e-06
6.168419780646316752e+01 2.953428865854093876e-07
6.189728199185773860e+01 5.815379593451344925e-07
6.213730785586541572e+01 4.068880222196003167e-06
6.246469007173983812e+01 6.842963576928831945e-07
6.273737251588461561e+01 6.175116008358673944e-08
6.295943726081688396e+01 3.480016356287123595e-06
6.321334217138283407e+01 1.257900152427782743e-06
6.344602030485966537e+01 1.378163605336242859e-06
6.389423186724135206e+01 1.077947776684355154e-06
6.412119509919419613e+01 3.564843179568121391e-07
6.432938079756819150e+01 3.155001610526279767e-06
6.470248222563455442e+01 1.168708337337313074e-06
6.497108259726219615e+01 1.018472914371250593e-06
6.522988599484870065e+01 1.356187554022980842e-06
6.579974331824108447e+01 1.083351873519687841e-06
6.605691388682073750e+01 7.613851458758533837e-07
6.635735442408206097e+01 1.734995560040255557e-06
6.670188134452844508e+01 2.662505798853270485e-06
6.724561340381114860e+01 8.084659864846866886e-07
6.755911657312729801e+01 1.413735238195475977e-06
6.781628714170696526e+01 1.785661587988464371e-06
6.803998471564608508e+01 2.938641747026455002e-06
6.848982910703462323e+01 1.087346309338064783e-07
6.870454612143605289e+01 1.653899861819782182e-06
6.891518106332034677e+01 3.158196998941207354e-06
6.914622636779031950e+01 2.233675156176275264e-07
6.951851138135324959e+01 2.667776779975350226e-06
6.985324132775852490e+01 1.436003056383607844e-06
7.005979419712566880e+01 8.749444013459563152e-07
7.036431680690411383e+01 1.738476913996068354e-06
7.064271415257289277e+01 8.892673413659925712e-07
7.094642034784791917e+01 2.697275718163068878e-06
7.123298183855095544e+01 8.668792142932039472e-07
7.149831655216489423e+01 8.690107574186590744e-07
7.173589317266228704e+01 3.245056021470394758e-06
