Frequency Power
2.072240801062581461e-01 8.557329778348193861e-02
4.662541802390808288e-01 1.708480476220043398e-01
7.770903003984680479e-01 3.379463983697168772e-02
1.036120400531290731e+00 4.973261801770550300e-02
1.295150500664113302e+00 3.626059179850097958e-01
1.605986620823500743e+00 1.718545069914470882e-02
1.968628761009452388e+00 2.510102036378190071e-01
2.797525081434485195e+00 2.804445943065939084e-01
3.211973241647001487e+00 3.888939567116627555e-02
3.574615381832952909e+00 5.379922780403220695e-02
3.937257522018904776e+00 3.004745759046329942e-02
4.299899662204856199e+00 9.119910004042079341e-03
4.507123742311114789e+00 2.169386489711149640e-02
4.766153842443937805e+00 7.159242972319141557e-03
4.921571902523631081e+00 5.149246269074742206e-03
5.128795982629888783e+00 2.146160284975112340e-03
5.336020062736147374e+00 8.269217213931171970e-03
5.595050162868970389e+00 1.166388129653573615e-02
5.802274242975228091e+00 1.368622562631217768e-03
5.957692303054921368e+00 2.121693065758205321e-03
6.216722403187744384e+00 5.898604830947656169e-03
6.527558523347131825e+00 2.743631966625189027e-03
6.786588623479953952e+00 2.365951739817304025e-03
6.993812703586212542e+00 6.147231983799449420e-03
7.252842803719035558e+00 3.277432046024978361e-03
7.615484943904986537e+00 1.457422531557284401e-03
7.822709024011245127e+00 2.472602640953453900e-03
8.029933104117503717e+00 2.868151239556294280e-03
8.288963204250325845e+00 4.785865415242764910e-03
8.496187284356583547e+00 1.187923965029647139e-03
8.703411364462841249e+00 1.272381691814879418e-03
9.066053504648794004e+00 1.101717925205182103e-03
9.325083604781616131e+00 4.940711321032045756e-04
9.687725744967568886e+00 2.005014455900324712e-03
9.946755845100391014e+00 3.740733879430406094e-03
1.046481604536603705e+01 1.530159755532182293e-03
1.072384614549885917e+01 2.566795074283699605e-03
1.098287624563168130e+01 8.785684712160606730e-04
1.134551838581763406e+01 1.081044925585888722e-03
1.165635450597702061e+01 8.470657637560936697e-04
1.217441470624266664e+01 2.656113371499011118e-03
1.243344480637548877e+01 1.444975136706000505e-03
1.264066888648174647e+01 4.991148575534638332e-04
1.315872908674739250e+01 4.241161756849312734e-04
1.341775918688021463e+01 1.739540585018653669e-03
1.367678928701303676e+01 1.306790003378311251e-03
1.403943142719898951e+01 2.088675051037686028e-04
1.424665550730524721e+01 1.013326755967944868e-03
1.445387958741150491e+01 8.595383910850871350e-04
1.466110366751776439e+01 2.254981347247614592e-04
1.486832774762402209e+01 1.137047506282526724e-03
1.512735784775684422e+01 1.288238518963364613e-03
1.538638794788966813e+01 9.588700571097892415e-04
1.564541804802249025e+01 5.400651521499096963e-04
1.590444814815531238e+01 5.564257722580929089e-04
1.611167222826157186e+01 6.077511752652374520e-04
1.637070232839439399e+01 6.999223733895834241e-04
1.668153844855378054e+01 5.519597563799101807e-04
1.699237456871316709e+01 4.569125579779665844e-04
1.714779262879286037e+01 8.044867180408576566e-04
1.756224078900537933e+01 1.265546475703966008e-03
1.782127088913820145e+01 5.730685084420931519e-04
1.833933108940384571e+01 4.001998838160840204e-04
1.859836118953666784e+01 1.075205694985031197e-03
1.885739128966948996e+01 1.457236214985207796e-03
1.911642138980231564e+01 7.149638084239938636e-04
1.932364546990857335e+01 4.259555890381739197e-04
1.963448159006795990e+01 1.090200102806217902e-03
1.989351169020078203e+01 9.562578881798430028e-05
2.004892975028047530e+01 1.050209874163178801e-04
2.025615383038673301e+01 3.254806265423145655e-04
2.051518393051955513e+01 5.190404782460163744e-04
2.103324413078520294e+01 4.802232669317948099e-04
2.129227423091802507e+01 6.986204209499709012e-04
2.155130433105084720e+01 4.385033622905471439e-04
2.186214045121023375e+01 1.828636262292501378e-04
2.222478259139618473e+01 3.194452344391063812e-04
2.253561871155557483e+01 3.294890243225569106e-04
2.274284279166183254e+01 4.307638811332199042e-04
2.295006687176809024e+01 3.684463179277638434e-04
2.320909697190091237e+01 3.609871377539312053e-04
2.341632105200717007e+01 5.165222056135294025e-05
2.377896319219312105e+01 3.724207716420340581e-04
2.398618727229937875e+01 3.082027396155310258e-04
2.424521737243220443e+01 6.410517643504639023e-04
2.481508359272441311e+01 2.678842266897584617e-04
2.497050165280410639e+01 3.100739437210290141e-04
2.522953175293692851e+01 4.189011866030847159e-04
2.564397991314944392e+01 6.688900219766132386e-04
2.616204011341509172e+01 5.362086303924848895e-04
2.647287623357447828e+01 4.818823309855646856e-04
2.668010031368073598e+01 5.104981281301748360e-04
2.688732439378699368e+01 4.592974967901689021e-04
2.709454847389325138e+01 4.119297585429535532e-04
2.740538459405264149e+01 6.262077411079516355e-04
2.771622071421202804e+01 5.169805195403134402e-04
2.797525081434485017e+01 3.334512659889735391e-04
2.818247489445110787e+01 3.741629294673971319e-04
2.838969897455736557e+01 8.215036574809091651e-05
2.880414713476988098e+01 1.260086431415794795e-04
2.916678927495583551e+01 2.194816634661419109e-04
2.937401335506209321e+01 3.345369151662965553e-04
2.963304345519491534e+01 1.596678556450995269e-05
2.994387957535430189e+01 3.672905945028314328e-05
3.025471569551368844e+01 3.766880249175287836e-04
3.061735783569963942e+01 3.354169117728375847e-05
3.082458191580590068e+01 9.519805779596054161e-05
3.118722405599185166e+01 7.780642733716459274e-04
3.149806017615123821e+01 8.542756511341477010e-05
3.186070231633718919e+01 2.479730005123683789e-04
3.211973241647001487e+01 3.631972191894289217e-04
3.243056853662940142e+01 4.316097888460201427e-04
3.284501669684191683e+01 4.961842624550543172e-04
3.310404679697473540e+01 2.034550769179011012e-05
3.346668893716068993e+01 3.241178462730830373e-04
3.372571903729351561e+01 2.787728365339881237e-04
3.393294311739977331e+01 5.378355629645560653e-05
3.429558525758572074e+01 3.779882447846287649e-04
3.455461535771854642e+01 9.650190867645491158e-05
3.481364545785136499e+01 1.752619485915749605e-04
3.507267555798419068e+01 1.659957609698809930e-04
3.543531769817014521e+01 5.685963188743568125e-04
3.574615381832953176e+01 4.842751725596804060e-04
3.626421401859517601e+01 2.396373061908168786e-04
3.662685615878113055e+01 4.497116632120908681e-04
3.678227421886082027e+01 4.114149887053918380e-04
3.719672237907333567e+01 1.831627213990242361e-04
3.761117053928585108e+01 2.174134634554442287e-04
3.797381267947180561e+01 2.800305113765244732e-04
3.823284277960463129e+01 6.803027700338487842e-04
3.849187287973744986e+01 6.498477391108949651e-05
3.864729093981714669e+01 3.458530655482141246e-04
3.890632103994996527e+01 7.234888188365921685e-04
3.911354512005622297e+01 2.037840050401247430e-04
3.932076920016248067e+01 1.579465223615823561e-04
3.952799328026873837e+01 7.375106190439895766e-05
3.973521736037499608e+01 1.761530899481496422e-04
3.994244144048126088e+01 4.407553687153201887e-04
4.014966552058751859e+01 2.582677040401375082e-04
4.040869562072033716e+01 6.589297405986159007e-05
4.066772572085316284e+01 1.865773332144820206e-04
4.092675582098598142e+01 1.737664746235903512e-04
4.118578592111880710e+01 3.791186759181451962e-04
4.144481602125162567e+01 2.752797708434861199e-04
4.185926418146414818e+01 1.737246379660598819e-04
4.227371234167666358e+01 1.945200650824502537e-04
4.258454846183605014e+01 1.158658824434164944e-03
4.284357856196886871e+01 5.407797097008062819e-04
4.325802672218139122e+01 2.309938855816073161e-04
4.346525080228764892e+01 2.107865718522382217e-04
4.372428090242046750e+01 1.651527317515005464e-04
4.398331100255329318e+01 4.390405351211141118e-04
4.439775916276580858e+01 2.016586434353758752e-04
4.465678926289862716e+01 9.308515700109164064e-04
4.491581936303145284e+01 8.744389097800353030e-05
4.533026752324396824e+01 8.295194124125981829e-05
4.553749160335022594e+01 1.666050909800611938e-04
4.579652170348305162e+01 1.168167425125464303e-04
4.605555180361587020e+01 1.039898828840052266e-04
4.636638792377525675e+01 1.753492667533199448e-04
4.683264210401434013e+01 1.535645149698825146e-04
4.709167220414716581e+01 4.935976228166735844e-04
4.735070230427998439e+01 1.597287513224435629e-04
4.776515046449249979e+01 1.700301638182652106e-04
4.797237454459875750e+01 1.444382947494682833e-04
4.833501668478471203e+01 2.041644128469669592e-04
4.859404678491753771e+01 1.917908766383509729e-04
4.880127086502379541e+01 1.797630093684727062e-04
4.906030096515661398e+01 9.173325917605241596e-05
4.926752504526287169e+01 2.683787980866632144e-04
4.947474912536912939e+01 1.317545550314338306e-04
4.978558524552852305e+01 1.654160277208564431e-04
5.004461534566134162e+01 2.756765204434255870e-04
5.030364544579416730e+01 5.375552940504334156e-04
5.061448156595355385e+01 2.258937956524025654e-04
5.087351166608637243e+01 1.672291487552197520e-04
5.113254176621919811e+01 6.136557659844401073e-04
5.139157186635202379e+01 8.211492776287922376e-05
5.175421400653797122e+01 8.290279050218327334e-04
5.201324410667079690e+01 8.974659015182888540e-05
5.222046818677705460e+01 4.513296610148740507e-05
5.242769226688331230e+01 8.474145647277176274e-06
5.263491634698957000e+01 3.656090897006720498e-04
5.289394644712238858e+01 5.513773494533462816e-04
5.320478256728178224e+01 6.472474340918979441e-04
5.351561868744116879e+01 9.781977518022524638e-05
5.372284276754742649e+01 2.407914104550375992e-04
5.413729092775994189e+01 4.585710461872800859e-04
5.439632102789276047e+01 1.518599584412126636e-04
5.486257520813184385e+01 6.868077388080519536e-05
5.512160530826466953e+01 2.309483158119526782e-04
5.538063540839748811e+01 3.659093554315888202e-04
5.563966550853031379e+01 8.982864382352386641e-05
5.584688958863657149e+01 4.395433146024518129e-04
5.626133774884908689e+01 5.529882091188632019e-04
5.652036784898191257e+01 2.034505611021934204e-04
5.667578590906160230e+01 1.703066125913862061e-04
5.693481600919442798e+01 3.799405691197869938e-04
5.755648824951320108e+01 4.007192076037224176e-04
5.786732436967258764e+01 4.660473179814146149e-04
5.812635446980541332e+01 1.663845065616831960e-04
5.833357854991167102e+01 3.016153240808421097e-04
5.874802671012418642e+01 1.284461436129925123e-03
5.900705681025700500e+01 1.162382883571582814e-04
5.936969895044295953e+01 5.252270284507004183e-04
5.962872905057577810e+01 1.454309418752236971e-04
5.988775915070860378e+01 1.699067253713240373e-04
6.040581935097424804e+01 8.525655653069728977e-04
6.082026751118676344e+01 5.697481258860309498e-05
6.118290965137271797e+01 6.635560871999173589e-04
6.164916383161180136e+01 7.024213808880870775e-04
6.190819393174461993e+01 1.338379189728740749e-04
6.211541801185087763e+01 2.638147160546063072e-04
6.232264209195713534e+01 3.373905690571115794e-05
6.252986617206339304e+01 1.281589773102533025e-04
6.284070229222277959e+01 1.803029425692074411e-04
6.309973239235560527e+01 2.206503138228006419e-04
6.330695647246186297e+01 6.631528163732506535e-04
6.356598657259468865e+01 5.804122713407194233e-05
6.382501667272750723e+01 1.056139464167616987e-04
6.418765881291345465e+01 5.231307800775665756e-04
6.460210697312597006e+01 3.184734366743041905e-04
6.501655513333849967e+01 2.504060629483807280e-05
6.527558523347131825e+01 3.975508947990633496e-05
6.558642135363069769e+01 2.823662981044086574e-04
6.584545145376353048e+01 1.430754508902292008e-04
6.605267553386978818e+01 1.895342307064644221e-04
6.651892971410886446e+01 4.973632891064064731e-04
6.677795981424168303e+01 7.120597869950647321e-04
6.708879593440107669e+01 5.871419993118589652e-04
6.750324409461359210e+01 1.197137295404811642e-04
6.776227419474641067e+01 1.339461306433389150e-04
6.796949827485266837e+01 1.787267190674569277e-04
6.822852837498550116e+01 1.638004057126938792e-04
6.843575245509175886e+01 2.344421442496714416e-04
6.869478255522457744e+01 5.986448714197148397e-05
6.900561867538395688e+01 2.529119843030039360e-04
6.926464877551678967e+01 3.329675721725826819e-04
6.957548489567616912e+01 1.835713710619162140e-04
6.988632101583556278e+01 2.664524484611549061e-04
7.019715713599494222e+01 1.272043288594185216e-04
7.066341131623403271e+01 3.267968549906927938e-04
7.092244141636685129e+01 1.587677222246854721e-04
7.112966549647310899e+01 1.577113503450356378e-04
7.133688957657936669e+01 4.444998149420859284e-04
7.159591967671218526e+01 4.593261767749579392e-05
7.175133773679188209e+01 6.885930451142342735e-05
7.195856181689813980e+01 2.875820860297966072e-04
7.221759191703095837e+01 7.086768475616551802e-04
7.258023405721691290e+01 1.778007197439064135e-04
7.283926415734973148e+01 5.976617235431009581e-04
7.309829425748256426e+01 2.505484495051950701e-04
7.361635445774820141e+01 1.753403820252545143e-04
7.392719057790759507e+01 3.873206593394616344e-04
7.439344475814667135e+01 1.984402452363895493e-04
7.470428087830606501e+01 1.078149129047827011e-04
7.506692301849201954e+01 6.637957021181518230e-04
7.537775913865139898e+01 3.109864057275279299e-04
7.584401331889047526e+01 3.142608032736755657e-04
7.610304341902330805e+01 8.022868064028292328e-05
7.651749157923582345e+01 5.092190887156031057e-04
7.677652167936864203e+01 2.105404778769451822e-04
7.713916381955459656e+01 1.961414003695363163e-04
7.739819391968741513e+01 4.920701432319018673e-04
7.765722401982023371e+01 1.289072713263701079e-04
7.812347820005932419e+01 1.808612700817675129e-04
7.853792636027183960e+01 3.974426347959631031e-04
7.879695646040465817e+01 1.051582995167666659e-04
7.900418054051091588e+01 9.485281385026438387e-04
7.926321064064373445e+01 1.541552380197466841e-04
7.978127084090938581e+01 3.379164198644978869e-04
8.004030094104220439e+01 1.644314113602830883e-04
8.029933104117503717e+01 3.684999898405612383e-04
8.055836114130785575e+01 1.582863039511273918e-04
8.081739124144067432e+01 1.687256570511537685e-04
8.107642134157349290e+01 6.099614557678603114e-04
8.128364542167976481e+01 3.051987838680903246e-05
8.149086950178602251e+01 3.015190639365638724e-04
8.169809358189228021e+01 2.509242111734268608e-04
8.195712368202509879e+01 3.097947215273274234e-04
8.231976582221105332e+01 2.355437302865307696e-04
8.252698990231731102e+01 1.533980303460771161e-04
8.273421398242356872e+01 2.414910144837738358e-04
8.294143806252982642e+01 2.848177292835596289e-04
8.335588622274234183e+01 5.427144247572218217e-04
8.371852836292829636e+01 1.216416734154883482e-03
8.402936448308767581e+01 6.962598136537058967e-04
8.423658856319393351e+01 6.743611593691477106e-04
8.465103672340644891e+01 6.814380751281441607e-05
8.496187284356584257e+01 1.925153888442952864e-04
8.522090294369866115e+01 4.900096822678384886e-04
8.547993304383147972e+01 8.785562950204368546e-04
8.573896314396431251e+01 5.047685389954626855e-04
8.589438120404399513e+01 6.428313535878775768e-04
8.625702334422994966e+01 5.026963546961173796e-04
8.646424742433620736e+01 8.945866447939206524e-05
8.667147150444246506e+01 8.056571472566217062e-05
8.687869558454872276e+01 3.676665901851617550e-04
8.713772568468155555e+01 2.608611917528547326e-04
8.760397986492063183e+01 7.574272555193218171e-04
8.786300996505345040e+01 4.113628057820441935e-04
8.812204006518628319e+01 2.120800429450106820e-04
8.853648822539879859e+01 4.126148940697953074e-04
8.889913036558473891e+01 4.126221646935684831e-04
8.915816046571757170e+01 9.739397582719643703e-04
8.936538454582382940e+01 1.071371457188704211e-03
8.962441464595664797e+01 1.600870771786888961e-04
8.977983270603634480e+01 5.628580179048912576e-05
8.998705678614260250e+01 1.120455144219546345e-04
9.024608688627542108e+01 3.997485431447542247e-04
9.086775912659419419e+01 1.762012580182414131e-03
9.138581932685984555e+01 8.752243612721404258e-04
9.185207350709892182e+01 1.053941997252337646e-03
9.200749156717861865e+01 1.383862910854763602e-03
9.226652166731143723e+01 4.253427964633468752e-04
9.247374574741769493e+01 1.664577693376362224e-04
9.314722400776304312e+01 2.753783964664691455e-02
9.361347818800211940e+01 5.127021338069899514e-02
9.397612032818807393e+01 5.694858087248533957e-02
9.433876246837401425e+01 6.390968212524071601e-02
9.496043470869280156e+01 2.063749476348461856e-02
9.573752500909125729e+01 6.195314830113636193e-03
9.604836112925065095e+01 1.786202611980092008e-03
9.641100326943660548e+01 3.000388437597513447e-03
9.703267550975537858e+01 2.206829967442347842e-02
9.760254173004759082e+01 7.694903965312344107e-02
9.832782601041948567e+01 6.490355091037162960e-02
9.889769223071169790e+01 3.195914984390615249e-02
9.972658855113672871e+01 2.405159107608670702e-02
1.001928427313758192e+02 3.239568002774313032e-02
1.005036788515351986e+02 1.884863201853716197e-02
1.011771571118805468e+02 3.971905511557612643e-03
1.014879932320399263e+02 2.034831746071262895e-03
1.020060534323055776e+02 1.607346198646440391e-02
1.022132775124118353e+02 1.742320318112039815e-02
1.029903678128103053e+02 1.842048219565607658e-02
1.031975918929165630e+02 2.363374791583028323e-02
1.034566219930493816e+02 2.197256118585937112e-02
1.039746821933150187e+02 7.489782578338792171e-03
1.042337122934478515e+02 5.673648164501397632e-03
1.046481604536603669e+02 7.307486196711029600e-03
1.049071905537931855e+02 9.217892518815629446e-03
1.057360868742182163e+02 5.191436287174513303e-02
1.059433109543244740e+02 2.871037000454369770e-02
1.065649831946432471e+02 1.429444872334234042e-02
1.067722072747495048e+02 1.413762805661685287e-02
1.073938795150682779e+02 9.550071985836780519e-03
1.076011035951745356e+02 6.049618098177726895e-03
1.078083276752808075e+02 5.047649310115517006e-04
1.082227758354933229e+02 1.277494865747648423e-02
1.084818059356261415e+02 1.299500300804624572e-02
1.086890300157323992e+02 8.067218167850562574e-03
1.088962540958386569e+02 5.352968911762639830e-03
1.091034781759449146e+02 9.329876634164461363e-03
1.093107022560511723e+02 6.463777159582699897e-03
1.095697323561839909e+02 2.264943013810451645e-03
1.097769564362902486e+02 5.029761319878734392e-03
1.099841805163965063e+02 5.927511698526349501e-03
1.101914045965027640e+02 4.928676800750676594e-03
1.103986286766090217e+02 2.398220737256861416e-03
1.106576587767418545e+02 2.946457152715405408e-03
1.108130768368215371e+02 1.769714859519456616e-03
1.110203009169277948e+02 1.463357032646640798e-03
1.112275249970340667e+02 8.066120994997364206e-04
1.116419731572465821e+02 8.573051425098269021e-03
1.119010032573794007e+02 9.586846738777233395e-03
1.121082273374856584e+02 7.558347260054391198e-03
1.123672574376184770e+02 1.023584803860508492e-02
1.125744815177247347e+02 6.607277851323255756e-03
1.127298995778044315e+02 4.070769900552997748e-03
1.129371236579106892e+02 5.208901453377517976e-03
1.131961537580435078e+02 1.079428016052646697e-02
1.134033778381497655e+02 1.015990269912829189e-02
1.136106019182560232e+02 1.038004044202938021e-02
1.138178259983622809e+02 9.760962741114424801e-03
1.140768560984951137e+02 5.822721877930243581e-03
1.142322741585747963e+02 3.024043447448760899e-03
1.144394982386810682e+02 4.111743889085886679e-03
1.146467223187873259e+02 6.991329076580356759e-03
1.148539463988935836e+02 1.173511007179991322e-02
1.151129764990264022e+02 9.380462009144645980e-03
1.153202005791326599e+02 5.176145459574740294e-03
1.155274246592389176e+02 5.538808084099704730e-03
1.157346487393451753e+02 5.150227330692233423e-03
1.159418728194514330e+02 4.594015211995216424e-03
1.161490968995576907e+02 5.959525139387086314e-03
1.163563209796639484e+02 1.066209867192813125e-02
1.166153510797967670e+02 1.449778209289161006e-02
1.168225751599030247e+02 7.198976320198639464e-03
1.172370233201155401e+02 3.012805346843845222e-03
1.174442474002217978e+02 2.830097034773320676e-03
1.177032775003546305e+02 4.168371321937447763e-03
1.179623076004874491e+02 1.090039244355555867e-02
1.182213377006202677e+02 1.825935627330025832e-02
1.184285617807265254e+02 2.183743060466932645e-02
1.186357858608327831e+02 3.179746884416242980e-02
1.188948159609656159e+02 3.478902624348511469e-02
1.191020400410718736e+02 3.498896854227964009e-02
1.193092641211781313e+02 3.875507341323040228e-02
1.195164882012843890e+02 2.664941868443555795e-02
1.197755183014172076e+02 1.199637144519880190e-02
1.199827423815234653e+02 8.612074978498331784e-03
1.202935785016828589e+02 1.871099647003733255e-02
1.205008025817891166e+02 2.122808369415953370e-02
1.207598326819219352e+02 3.355913168827515114e-02
1.210188627820547538e+02 4.064008182033281708e-02
1.211742808421344506e+02 3.546869484980985643e-02
1.215887290023469660e+02 2.110460829970899066e-02
1.218477591024797846e+02 8.644770494508197817e-03
1.222622072626923000e+02 2.405081212303011862e-03
1.225730433828516937e+02 5.126219454087108628e-03
1.228320734829845122e+02 6.336356460699507642e-03
1.230392975630907699e+02 7.646929198595232499e-03
1.232465216431970276e+02 5.523730741718889566e-03
1.235055517433298604e+02 3.790876435621618953e-03
1.238681938835158007e+02 5.337453815457057597e-03
1.240754179636220584e+02 4.534906718309036390e-03
1.244898661238345881e+02 1.028656284744839874e-03
1.246970902039408458e+02 5.326017949581516447e-03
1.249043142840471035e+02 4.169065517067652160e-03
1.253187624442596189e+02 1.059730465104889111e-03
1.255259865243658766e+02 2.281549173589449142e-03
1.257850166244986951e+02 2.299600636990543380e-03
1.259922407046049528e+02 7.164054727372855518e-04
1.265621069248971651e+02 6.680619080963600027e-03
1.267693310050034228e+02 1.200455739820451007e-02
1.273910032453221959e+02 2.087260239255923217e-02
1.276500333454550145e+02 2.053117760287915053e-02
1.282717055857737876e+02 4.408068405773993975e-02
1.285825417059331812e+02 4.112083927038633763e-02
1.287897657860394247e+02 4.125233991564795227e-02
1.290487958861722575e+02 4.357720293728841593e-02
1.294114380263582120e+02 3.207182379116495230e-02
1.296704681264910448e+02 3.270728780849578576e-02
1.299294982266238492e+02 2.447192721377405844e-02
1.304475584268895147e+02 1.704521833096213704e-02
1.307583945470488800e+02 1.102369543029587534e-02
