Frequency Power
2.147170144014269311e-01 8.549714851785533362e-05
4.653562669536629448e-01 2.434614645032890691e-03
7.755937782561048710e-01 7.479849184299834294e-03
1.093995434592821558e+00 6.707519795687825852e-03
1.545472654988217398e+00 3.815545968159303643e-03
1.876936943379773792e+00 1.719302728683664650e-03
2.208401231771330409e+00 3.309331522742159663e-04
2.426383904186466989e+00 8.283520564300038582e-06
2.615792068981642071e+00 5.748312524183271112e-05
2.948889186380053484e+00 1.255881155381263729e-05
3.155442055747205821e+00 6.447004747982873130e-06
3.457515422015372764e+00 7.580514640556153627e-06
3.771835005834952348e+00 7.494948343241382943e-06
3.970223730167829590e+00 1.498209153294988718e-06
4.113096268267638855e+00 1.983333444462567563e-06
4.295973117035393862e+00 2.376306392203176856e-06
4.465787333748309607e+00 6.762418874996676887e-07
4.776841259554179153e+00 2.292011585333033264e-06
4.982577714417903536e+00 7.847215426834765863e-07
5.109121962449163057e+00 8.112525865217138755e-07
5.314042002809459930e+00 1.224587751421007592e-06
5.622646685105046949e+00 8.209942691276839923e-07
5.809605606389939503e+00 3.194596614729065588e-07
6.049631470397618394e+00 4.383814173152912232e-07
6.241488878703076004e+00 7.715201018522370234e-07
6.423549312967403502e+00 5.201144813724767223e-07
6.586832213652899171e+00 7.965809690697659989e-07
6.781955279972066819e+00 4.328274166652609494e-08
6.933808377609578244e+00 1.507934013413438399e-07
7.161588024065844493e+00 7.958572589861329496e-07
7.389367670522110743e+00 6.758050098343567965e-07
7.770633243622743436e+00 7.530617201833944787e-07
8.075972267904621305e+00 3.254595146691193292e-07
8.357635271587101400e+00 4.030722067961275151e-07
8.584598503539940140e+00 1.969945002425658947e-07
8.747881404225436697e+00 3.504500001599669017e-07
8.972395392667992908e+00 5.276102463697522649e-07
9.306308924569831831e+00 2.089048722053138141e-07
9.455712778697060727e+00 1.592670232693516300e-07
9.701453544228730408e+00 3.096353972929154715e-07
9.965971843339234582e+00 6.416508158190785539e-07
1.028600632868280584e+01 9.583220658773322630e-07
1.052031729116649217e+01 1.996458816867211143e-07
1.073503430556792004e+01 1.802014381463245321e-07
1.094485283294878109e+01 4.007134478159745815e-07
1.113671024125423870e+01 4.431479590889413734e-07
1.146409245712865754e+01 4.840232719705327559e-07
1.174493904630771013e+01 8.681102528743277603e-08
1.193026513858574766e+01 3.200328890252390792e-07
1.224050264988819059e+01 5.892043678442653409e-07
1.243562571620735824e+01 4.423191460822799652e-07
1.261523690696140321e+01 2.650222517794254637e-07
1.278260188016403731e+01 1.857528726091036899e-07
1.306997978537050820e+01 5.642491892881420365e-07
1.326020436466911079e+01 5.899977841563231837e-07
1.343491706840259248e+01 4.107344255335617073e-07
1.361697750266691997e+01 3.637356421971135869e-07
1.379087379189697238e+01 1.695547519729985341e-07
1.393129708648649867e+01 1.836166079743566630e-07
1.405457567650404904e+01 9.256807930544041910e-08
1.424071818328551409e+01 5.935954872396864572e-07
1.443339200609439921e+01 5.385930127678100364e-07
1.461953451287586425e+01 4.561918398373622244e-07
1.480486060515390179e+01 2.881488234113105318e-07
1.511019962943577788e+01 3.108442309488301489e-07
1.528899440568639712e+01 4.540136276604109311e-08
1.548983237352955555e+01 2.513312813552968133e-07
1.560168116049912079e+01 2.687121380313152865e-07
1.594947373895922738e+01 3.156248137741182391e-07
1.615521019382295265e+01 9.185380259070897808e-08
1.632665723954272252e+01 1.437846060500706191e-07
1.653729218142701285e+01 3.504115959069041886e-07
1.678629860497239434e+01 5.578867489208969570e-07
1.699693354685668112e+01 3.025045939995287892e-07
1.718634171165185620e+01 7.124402195365485133e-07
1.758066991680733082e+01 3.726601624089851024e-07
1.783702407088355812e+01 6.308387076109291548e-07
1.804684259826441917e+01 2.158504018608295416e-07
1.818400023484023720e+01 1.994542500818889888e-07
1.833911899049145688e+01 1.042623799806945702e-07
1.854567185985861144e+01 5.527836097288319013e-07
1.876283811777031829e+01 9.036086223128602552e-07
1.910001730768586725e+01 1.448250242277203171e-07
1.929024188698447162e+01 2.424217392528658886e-07
1.961517485934860616e+01 4.869278637392479091e-07
1.979560246460608042e+01 9.234393601235892772e-08
1.997929572787726116e+01 1.250590145579578403e-07
2.012135185147364425e+01 2.286307311884351660e-07
2.032055699030994944e+01 3.088075805903189463e-07
2.048792196351258355e+01 4.165098378386562212e-07
2.067243164128719357e+01 1.058424429453586801e-07
2.094756332894225181e+01 4.115998606491765607e-07
2.121289804255618350e+01 2.497929857918793405e-07
2.137863018675196258e+01 1.570701510601837106e-07
2.172968842322577743e+01 2.855089809647211602e-07
2.193297563457921839e+01 2.483998589140096310e-07
2.225709219243992720e+01 3.681970489842679153e-07
2.241547660610486048e+01 1.868892472568945541e-07
2.262611154798914725e+01 8.395599275524504342e-07
2.296492356691155123e+01 2.042428920044725886e-07
2.338129496365956683e+01 4.492064367227489932e-07
2.357560161547530697e+01 4.976738100389288789e-08
2.376174412225677202e+01 7.454559577601859225e-07
2.397319547864448808e+01 9.040048378392835670e-07
2.418791249304591773e+01 5.843120824689833537e-07
2.452345885395460812e+01 2.298467149216594102e-07
2.474470718438345784e+01 5.940485981277966770e-07
2.502310453005222612e+01 2.088694998354047460e-07
2.542069839322141078e+01 1.711137000438136294e-07
2.581910867089401762e+01 1.175777768679959709e-07
2.604035700132286735e+01 1.537515100319564176e-07
2.623874572565574326e+01 6.280139231589470426e-08
2.642815389045091834e+01 1.423783767117964546e-07
2.659960093617068821e+01 3.869602025011929124e-08
2.679880607500699341e+01 1.287640729510484316e-07
2.710414509928887128e+01 1.723469061383373791e-08
2.725109970990581587e+01 7.600905549746686066e-08
2.743316014417014514e+01 3.492058309530515109e-08
2.762583396697903027e+01 1.463084160413596816e-07
2.785443002793872225e+01 2.036988248551962802e-08
2.792545808973691379e+01 2.334293776366010215e-08
2.815813622321374510e+01 1.573502846486033966e-07
2.846020958948191293e+01 1.135015195329771336e-07
2.865778189931136311e+01 2.761664601395290049e-08
2.889046003278819441e+01 3.224960813041299929e-07
2.908231744109365025e+01 2.275337386879611461e-07
2.929785086999850563e+01 2.043443531369759776e-07
2.936887893179669717e+01 2.112952095962252782e-07
2.959012726222554335e+01 1.350227702413320649e-07
2.980729352013725375e+01 1.387879309029101715e-07
3.005711635818606098e+01 5.665924035350147837e-07
3.028816166265603727e+01 1.285674185095190871e-07
3.048655038698891673e+01 2.244282998674177768e-07
3.071351361894175369e+01 1.034857599583045722e-07
3.104742715084359261e+01 2.602744051481379944e-07
3.123030399961134762e+01 2.761216524482481722e-08
3.140175104533111750e+01 1.817450776493537267e-07
3.162463220476682224e+01 2.206010637906972837e-07
3.186629089778135437e+01 6.814748089226961746e-08
3.204426925952854788e+01 6.105942450021237598e-08
3.223775949684085873e+01 1.662077722102585602e-07
3.241002295706405789e+01 8.783451236967215947e-08
3.285170320341832451e+01 3.462922056062992129e-07
3.308029926437801294e+01 2.570280207264225860e-07
3.331869229937883858e+01 4.302326321372752685e-07
3.368526241141777433e+01 4.556991265431792965e-07
3.399958199523735658e+01 1.022117269567615799e-07
3.420858410811479189e+01 9.810875800801608575e-08
3.439880868741339270e+01 6.075179676585859177e-08
3.462985399188337254e+01 1.279976607125214053e-07
3.482579347270596770e+01 3.516048486237261131e-07
3.502499861154227290e+01 1.298415683378878221e-07
3.520216055878603356e+01 1.614803672814850049e-07
3.544300283729713641e+01 2.445173903535516352e-07
3.566180192421570183e+01 4.750019574531718880e-08
3.588060101113426725e+01 7.909414782339469019e-08
3.618838927892642943e+01 3.060880922196312729e-07
3.654516241692423506e+01 3.201671210604872842e-07
3.705868713958012250e+01 2.827971710404378022e-07
3.737137389439284618e+01 1.690495132231451144e-07
3.760568485687652895e+01 1.755505816702513977e-07
3.792898500023381558e+01 1.131457777536920849e-07
3.810777977648442771e+01 4.447323428392909583e-08
3.830290284280359714e+01 9.033173504451141864e-08
3.872907121359273930e+01 1.798928289246867239e-07
3.903196099436433997e+01 7.277234276387760251e-07
3.942628919951980748e+01 4.850540652785800782e-07
3.967039713604462747e+01 1.176404894800408883e-07
3.988429773594262429e+01 1.818000889997379809e-07
4.008268646027550375e+01 1.794997682960055546e-07
4.026964538156039453e+01 1.422425989669738014e-07
4.044517449979730372e+01 3.584273272741703167e-08
4.060110966995195270e+01 2.728105683332739422e-08
4.076684181414773178e+01 9.701070035553133745e-08
4.091624566827496068e+01 5.242051756242710915e-08
4.110973590558727153e+01 2.671249854135432463e-07
4.130975745892700246e+01 1.122196125330006871e-07
4.162815911526372048e+01 1.363030278170285174e-07
4.182001652356917987e+01 8.628430781749098792e-08
4.203473353797060241e+01 8.744183985615899410e-08
4.226006394091658791e+01 1.745382623631721210e-07
4.242171401259523122e+01 2.226925866521154209e-07
4.287727330550776372e+01 1.283739421542283248e-07
4.313036180157028099e+01 7.465330985142402834e-08
4.336712200756424807e+01 1.427691287838948075e-07
4.372552797456891227e+01 3.826651260280108232e-07
4.395330762102518207e+01 4.896699688949277434e-07
4.414598144383406719e+01 1.755323358396524827e-09
4.430518227200241910e+01 8.483403131104231413e-08
4.459664224972603108e+01 2.512272973232854725e-07
4.483258604121657243e+01 5.315116860497445386e-08
4.514037430900873460e+01 2.170405981570335709e-07
4.562695735305150890e+01 4.695071805776350195e-08
4.584004153844607998e+01 9.348556937790178311e-08
4.617966997187191680e+01 1.313557557846092525e-07
4.634866777408139882e+01 2.158917906283341665e-07
4.656175195947597700e+01 1.115934488706692653e-06
4.707446026762843161e+01 4.900183817519768386e-07
4.728101313699558261e+01 2.388161141572750948e-08
4.743694830715023159e+01 3.381252871238080273e-08
4.766227871009621708e+01 3.209172458576061978e-07
4.808436500836822347e+01 1.898002914152924875e-07
4.827867166018396006e+01 1.477954518374310107e-07
4.844685304789002345e+01 8.961401658592649426e-08
4.861585085009951257e+01 3.892134664013630173e-07
4.880770825840497196e+01 1.349160338627529812e-07
4.899303435068300416e+01 2.380773705962812712e-07
4.917591119945075917e+01 2.082666095667713501e-07
4.953758282446913341e+01 2.501702905012593439e-07
4.991639915405948358e+01 2.586083200395452731e-07
5.013601465548147473e+01 2.824706068428681016e-08
5.032052433325608831e+01 1.336340190633035435e-07
5.061524996899340323e+01 2.862245651066173414e-08
5.083078339789825861e+01 1.027806423476141828e-08
5.113938808019384652e+01 1.553996754600332692e-07
5.144799276248943443e+01 3.889488312101787255e-07
5.165699487536686973e+01 1.653048355733768718e-07
5.189375508136083681e+01 1.639708010990496497e-07
5.213133170185823673e+01 3.611462129411671050e-07
5.226359085141348970e+01 4.137745682948084729e-07
5.252321066350342704e+01 2.428494711576038943e-07
5.273547843439457239e+01 5.028061162103497599e-07
5.291345679614175879e+01 2.350966163497878547e-07
5.315348266014943590e+01 3.315610157088236020e-07
5.336901608905429129e+01 3.661080930226796297e-07
5.374783241864464145e+01 1.723583271373276871e-07
5.384498574455250974e+01 1.833015749572577937e-07
5.406786690398821804e+01 4.970719271766191732e-07
5.427441977335536905e+01 4.373861239091697417e-07
5.447362491219167424e+01 2.308902365424998872e-07
5.474875659984672893e+01 4.100664530453434367e-07
5.496265719974473285e+01 2.041138739887758242e-07
5.516839365460845812e+01 1.754985505940836678e-07
5.535616899039677463e+01 2.153998210463233541e-07
5.572763758945627899e+01 2.913032182097049707e-07
5.592929197180286849e+01 5.345733203155784708e-08
5.610808674805348772e+01 1.163581498704854763e-07
5.646404347154786763e+01 4.343437726528011802e-07
5.684041055762793349e+01 5.084964370573163634e-07
5.717514050403320169e+01 1.956278599766778261e-07
5.737761130088321693e+01 1.015859873328499078e-07
5.755967173514753910e+01 6.197366677982633799e-08
5.774173216941186837e+01 1.524618243761645020e-07
5.809442323489253823e+01 2.396836425795792923e-07
5.837526982407159437e+01 2.401564996511818372e-07
5.858753759496273972e+01 1.790465091361664167e-07
5.879164122081960642e+01 1.050024872512133980e-07
5.894920921998111396e+01 1.513207770640414023e-07
5.926761087631782488e+01 3.144295686668198173e-07
5.947416374568498298e+01 4.275632385402514756e-07
5.968969717458983126e+01 1.110160564415960983e-07
5.995993037522433156e+01 8.874309717726022313e-08
6.016811607359833403e+01 8.197832798526242736e-08
6.035507499488323191e+01 6.444474064955719689e-08
6.058612029935320464e+01 2.182219986860895665e-07
6.078532543818950984e+01 2.275979733990262156e-07
6.102045281517662545e+01 3.067662130312223364e-07
6.122210719752321495e+01 1.174977533731863864e-07
6.139681990125669131e+01 3.551522016998121002e-08
6.158214599353473062e+01 3.160678391688123363e-07
6.178135113237103582e+01 1.905923444085432016e-07
6.215118690242368160e+01 8.082589129640448149e-07
6.255449566711686060e+01 1.120555620936640235e-07
6.278145889906969757e+01 2.911283059372138776e-07
6.292269860816264782e+01 3.188194217992412931e-07
6.314639618210178185e+01 1.768395500694848881e-07
6.341907862624655934e+01 7.074096057037491743e-07
6.363542846965484046e+01 2.009601241443073826e-07
6.382728587796029984e+01 1.724819083077980412e-07
6.407465947249882277e+01 6.074038355943038733e-08
6.431386892200308125e+01 4.026631698731299147e-07
6.461430945926439051e+01 2.381128514202962379e-07
6.476126406988133510e+01 2.465474506481040388e-07
6.510415816132086775e+01 9.822612537849104671e-08
6.547644317488379784e+01 2.148456208262302564e-07
6.570748847935378478e+01 1.264306060329630043e-07
6.608058990742013350e+01 4.426592060040749428e-08
6.633122915997238067e+01 5.459295248459513782e-07
6.668963512697703777e+01 1.003577392056912547e-07
6.690271931237161596e+01 1.915061614180334137e-07
6.714927649240671315e+01 2.938474171022177139e-07
6.735909501978757419e+01 1.275571648007498176e-07
6.756972996167185386e+01 9.192545134780057477e-08
6.799426550345414455e+01 3.504525715904197370e-07
6.834940581244509872e+01 7.605510846012519438e-08
6.860494355201790029e+01 2.638264714047868388e-07
6.893559142590602562e+01 2.282885120177538538e-07
6.929481380741412977e+01 1.872318983220412045e-07
6.950136667678127367e+01 2.314466205749284759e-07
6.981242060258713877e+01 2.846040067408432529e-07
7.015286545051640132e+01 2.873023194699892868e-07
7.042718072366803028e+01 1.697490898673941093e-07
7.069251543728196907e+01 7.041070674268720985e-08
7.097989334248843818e+01 1.526631747409510615e-07
7.119297752788301636e+01 2.887041580947319858e-07
7.138483493618846865e+01 8.748463977346122017e-08
7.183631215658385827e+01 1.035016164588985810e-07
