Frequency Power
1.256543449664834222e+00 1.345606413620094747e-12
2.513086899329668444e+00 4.383680155702109415e-13
3.769630348994502889e+00 9.098427969368287090e-13
5.026173798659336889e+00 1.023394984290414617e-12
7.225124835572796833e+00 3.194748586864212629e-12
8.795804147653839777e+00 6.604772724786281546e-13
1.005234759731867378e+01 1.585872923970134953e-12
1.099475518456729972e+01 3.874466976475136490e-12
1.225129863423213372e+01 4.900506243389700219e-11
1.382197794631317578e+01 2.148730369897346851e-13
1.759160829530767955e+01 1.053084443233782886e-12
2.041883105705355561e+01 6.310976068148295965e-13
2.450259726846426744e+01 4.829090947840939974e-13
2.638741244296151933e+01 1.661104040270309578e-13
2.858636347987497928e+01 1.772824063230381483e-13
3.047117865437223116e+01 3.640456871442159904e-13
3.298426555370189561e+01 4.319886201017562219e-14
3.455494486578294300e+01 6.278395373252996355e-14
3.769630348994502356e+01 4.860590666037118352e-14
4.178006970135573539e+01 6.951861556786024160e-14
4.586383591276644722e+01 6.388942594162171387e-14
4.869105867451232683e+01 2.451171318446271107e-14
5.057587384900957517e+01 1.926349586745436311e-14
5.246068902350683061e+01 1.900772859653959970e-14
5.434550419800407894e+01 9.724041172911515131e-15
5.685859109733375050e+01 1.017553029013557585e-14
5.780099868458237466e+01 1.699493891890496897e-14
6.031408558391204622e+01 2.880352062651467346e-14
6.157062903357687844e+01 1.792694634676044942e-14
6.345544420807412678e+01 1.818977871316059306e-14
6.659680283223620734e+01 9.441348995940468588e-15
6.910988973156588600e+01 7.920648157607292744e-15
7.099470490606313433e+01 2.018907472903699455e-14
7.476433525505763100e+01 2.010580765151081501e-14
7.821982974163593383e+01 1.737790141522632495e-14
8.104705250338180633e+01 1.191738111227587337e-15
8.261773181546284661e+01 1.078984442673538139e-14
8.607322630204114944e+01 9.460898931033652885e-15
8.921458492620323000e+01 1.475365968588537968e-14
9.267007941278151861e+01 4.173925641694808845e-15
9.424075872486257310e+01 4.076472169316150836e-15
9.581143803694361338e+01 4.393965619561502875e-15
9.706798148660844561e+01 4.480951310810830022e-16
9.832452493627327783e+01 2.500500825296310114e-15
1.002093401107705262e+02 1.551175382259463744e-14
1.033506987349326209e+02 1.091075393682755418e-14
1.052355139094298693e+02 3.399772167881206803e-15
1.071203290839271176e+02 6.060990288046437097e-15
1.093192801208405740e+02 4.000428916947124470e-15
1.108899594329216143e+02 4.752467869400919388e-15
1.146595897819161252e+02 1.962433025864717522e-14
1.181150842684944138e+02 6.615060373297718417e-15
1.199998994429916621e+02 3.214364415031629799e-15
1.215705787550727166e+02 4.209294173122341685e-15
1.256543449664834213e+02 5.975388942524868097e-15
1.275391601409806697e+02 6.897261946884078435e-17
1.297381111778941261e+02 7.460680786441526781e-15
1.313087904899751663e+02 2.339940095173723242e-15
1.338218773893048308e+02 3.842228372885866593e-15
1.366491001510507317e+02 2.654628703242830619e-15
1.382197794631317720e+02 2.526554428365084981e-15
1.407328663624614364e+02 5.246016665688577559e-15
1.423035456745424767e+02 2.141754082853564892e-15
1.435600891242073089e+02 3.218338846208915494e-15
1.454449042987045573e+02 1.186545590762279180e-15
1.473297194732018056e+02 6.524010714843396074e-15
1.492145346476990539e+02 2.698059743902703899e-15
1.514134856846125103e+02 3.322332444223365299e-15
1.532983008591097871e+02 2.343985924697351143e-15
1.551831160336070354e+02 2.765234435575179943e-15
1.567537953456880757e+02 2.670535236459581876e-15
1.583244746577691160e+02 7.136973909383821312e-15
1.624082408691798207e+02 5.805227589305668598e-15
1.639789201812608610e+02 4.037381705333113706e-15
1.655495994933419013e+02 3.475928848822196620e-15
1.671202788054229416e+02 1.011266394600130175e-15
1.680626863926715657e+02 1.027751370833071565e-15
1.696333657047526060e+02 8.882335216941606740e-15
1.712040450168336747e+02 8.322441304134710465e-15
1.734029960537471311e+02 1.055314949048656862e-14
1.749736753658281714e+02 7.769635470363215224e-16
1.771726264027416278e+02 2.213466510899949373e-15
1.784291698524064600e+02 2.184137326335886754e-15
1.796857133020712922e+02 6.113423935026666192e-16
1.821988002014009567e+02 7.765986441503241952e-15
1.837694795134819969e+02 7.845589472394582395e-15
1.878532457248927301e+02 6.594290898721058417e-15
1.897380608993899784e+02 1.047841181444802167e-15
1.913087402114710187e+02 4.891345492426776074e-15
1.935076912483844751e+02 1.746772270773120141e-15
1.950783705604655154e+02 1.315130741402452102e-15
1.966490498725465557e+02 1.206715185495354055e-15
1.988480009094600121e+02 5.912146410144148051e-15
2.004186802215410523e+02 1.132082757541721861e-16
2.023034953960383007e+02 4.841988643802741725e-15
2.041883105705355490e+02 5.588977690053490265e-16
2.060731257450328258e+02 5.621654255256226135e-15
2.076438050571138660e+02 6.171159263293277552e-16
2.085862126443624902e+02 3.384133591118643490e-16
2.101568919564435305e+02 2.448090827925611123e-15
2.136123864430218191e+02 3.199071679394795605e-15
2.170678809296001077e+02 6.869664130002502793e-15
2.189526961040973561e+02 1.070719071501698439e-15
2.217799188658432286e+02 6.653495101309305415e-15
2.258636850772539617e+02 3.646442202511638206e-15
2.274343643893350020e+02 5.954227588964699895e-15
2.296333154262484584e+02 4.716873931788790764e-15
2.312039947383294987e+02 7.642151208565982143e-15
2.340312175000753712e+02 9.769409458137351265e-17
2.371725761242374517e+02 4.179701222197898452e-15
2.387432554363184920e+02 4.824801694081852797e-16
2.403139347483995323e+02 1.875370362743410009e-15
2.425128857853130171e+02 5.301157081063872878e-15
2.443977009598102654e+02 2.184842898753517423e-15
2.462825161343075138e+02 6.422864098258286290e-15
2.484814671712209702e+02 4.141767433897338823e-15
2.500521464833020104e+02 6.208739161384511771e-16
2.513086899329668427e+02 1.363467923442074087e-15
2.535076409698802991e+02 2.653042328104051098e-15
2.553924561443775474e+02 1.319189221845015680e-14
2.575914071812910038e+02 5.925610030516106385e-15
2.597903582182044602e+02 3.747576973384512854e-15
2.616751733927017085e+02 8.334304358483960765e-16
2.638741244296151649e+02 1.884485630073351421e-15
2.654448037416962052e+02 7.413251015108526875e-16
2.667013471913610374e+02 1.502802047323576495e-15
2.723557927148528393e+02 1.246513275064728074e-13
2.742406078893500876e+02 1.669427032806469407e-13
2.767536947886797520e+02 1.783335764074143921e-13
2.877484499732470340e+02 2.859105688501833565e-14
2.899474010101604904e+02 2.376752968777690235e-14
2.993714768826467321e+02 1.598078235774459272e-13
3.012562920571439804e+02 1.785889754365079786e-13
3.084814168927168225e+02 1.431394248238027219e-14
3.103662320672140709e+02 1.229986738958406293e-15
3.116227755168789031e+02 4.144843794941352752e-15
3.128793189665437353e+02 6.233154384914335153e-15
3.144499982786247756e+02 1.340829970624071947e-15
3.160206775907058159e+02 3.895640658666311730e-15
3.175913569027868562e+02 4.537854203170264149e-15
3.194761720772841045e+02 8.016825463920852262e-15
3.207327155269489367e+02 8.789696219342701287e-15
3.229316665638623931e+02 8.880308812704674643e-15
3.245023458759434334e+02 1.303119013264400046e-15
3.267012969128568898e+02 3.934262895236204309e-15
3.298426555370189703e+02 1.682590526051537680e-14
3.320416065739324267e+02 5.840427954914285035e-16
3.342405576108458831e+02 5.557379727123438865e-15
3.380101879598403798e+02 1.385453099589674093e-15
3.405232748591701011e+02 9.368797572002959599e-15
3.446070410705808058e+02 9.031452696074756685e-15
3.480625355571590944e+02 9.276456492990507311e-16
3.496332148692401347e+02 9.312607975533217951e-16
3.518321659061535911e+02 3.865468067537833798e-15
3.534028452182346314e+02 4.029449082121210882e-15
3.559159321175642958e+02 7.202139230085421467e-16
3.574866114296453361e+02 9.035141481625072845e-16
3.596855624665587925e+02 7.360548086487496251e-15
3.612562417786398328e+02 4.583564701722298535e-15
3.631410569531370811e+02 5.783297462614422682e-15
3.665965514397153697e+02 6.586786786389156913e-15
3.703661817887098664e+02 1.190278041553021436e-14
3.741358121377043631e+02 9.534816540276664980e-15
3.769630348994502924e+02 5.139753321161366685e-15
3.782195783491151246e+02 4.170147352538831888e-15
3.819892086981096213e+02 2.531971943910486658e-14
3.860729749095203260e+02 4.083224186916074972e-14
3.889001976712661985e+02 2.617588772691132147e-14
3.958111866444227758e+02 1.155459380779634481e-13
3.967535942316713999e+02 1.130294118565725705e-13
3.992666811310010644e+02 1.708286340074554006e-13
4.017797680303307288e+02 1.339220944577644854e-13
4.046069907920766013e+02 1.348545931245391001e-13
4.083766211410710980e+02 1.072275054668127721e-13
4.115179797652332354e+02 3.765955365439061411e-14
4.146593383893953160e+02 9.323432093991547729e-14
4.174865611511411885e+02 1.307083516069781872e-13
4.209420556377194771e+02 1.354194585874060770e-13
4.231410066746329335e+02 1.661448668992288131e-13
4.259682294363788060e+02 1.362531834087509804e-13
4.291095880605408865e+02 6.619660965882984112e-14
4.309944032350381349e+02 5.125080572544041653e-14
4.335074901343677993e+02 2.049995020589944629e-14
4.353923053088650477e+02 3.572208415145653709e-14
4.375912563457785041e+02 5.056930442514095755e-14
4.416750225571892088e+02 4.012372295956013331e-14
4.489001473927620509e+02 1.592024210016016138e-14
4.536121853290051718e+02 3.966336631065749320e-14
4.551828646410862120e+02 1.816517820738651191e-14
4.580100874028320845e+02 2.917578513200698996e-14
4.592666308524969168e+02 1.654880109188025867e-14
4.608373101645779570e+02 3.318831986865565687e-15
4.630362612014914134e+02 2.418999380885539138e-15
4.658634839632372859e+02 3.091022921506186080e-14
4.671200274129021182e+02 4.122222024267903896e-14
4.696331143122317826e+02 1.320174164418720301e-13
4.708896577618966148e+02 1.362501117940813080e-13
4.749734239733073196e+02 2.020594522463015062e-13
4.765441032853883598e+02 1.673277921324452764e-13
4.793713260471342323e+02 1.721224468952355081e-13
