Frequency Power
3.881401951959270735e-01 2.079660295636611214e-02
7.504043773787922866e-01 5.832354593149049471e-01
1.112668559561657444e+00 3.835209090247169161e-01
1.578436793796770043e+00 2.253024736064522249e-01
1.888948949953511702e+00 1.830610357217051232e-01
2.251213132136377304e+00 1.039692826971583828e-01
2.509973262266995242e+00 1.519999407067523442e-02
2.768733392397613180e+00 1.052261878705928674e-02
3.027493522528231118e+00 3.757930203573510517e-03
3.286253652658849500e+00 1.559507114618328798e-02
3.752021886893961877e+00 2.179003530953518668e-03
4.062534043050703758e+00 1.850909163524088255e-02
4.373046199207444751e+00 1.845353896050115497e-04
4.580054303311939634e+00 1.708380657109854605e-03
4.890566459468681515e+00 2.874946362608525856e-03
5.356334693703793448e+00 3.687748739340738612e-03
5.666846849860535329e+00 2.066266796800492102e-03
6.132615084095648150e+00 1.926847089275492142e-03
6.443127240252390031e+00 1.242911263739788878e-03
6.960647500513625907e+00 1.518895848222627911e-03
7.426415734748737840e+00 9.223736615522917749e-04
7.736927890905479721e+00 2.850651035960742249e-03
8.202696125140590766e+00 3.926219336342361187e-04
8.461456255271208704e+00 5.342597337588007173e-04
8.771968411427950585e+00 5.973388105826412569e-04
9.030728541558568523e+00 1.697286407067976005e-03
9.496496775793682232e+00 8.271649009676071852e-04
9.807008931950424113e+00 5.619597010451799195e-04
1.006576906208104205e+01 4.430470166104167251e-04
1.079029742644677192e+01 7.589061071547205904e-04
1.110080958260351380e+01 3.206560673203752410e-04
1.151482579081250179e+01 1.034540726264581920e-03
1.182533794696924367e+01 8.719862805956792289e-05
1.234285820723047955e+01 5.735965178128260393e-04
1.286037846749171720e+01 4.730648826914211316e-04
1.317089062364845731e+01 5.379201930594955817e-04
1.363665885788357102e+01 2.505462289859040057e-04
1.394717101404031290e+01 1.799964974422289582e-04
1.420593114417093084e+01 9.266002560585517476e-05
1.446469127430154877e+01 3.107162971896421967e-04
1.477520343045829065e+01 3.314415562066346373e-05
1.518921963866727864e+01 6.720984267355776349e-04
1.549973179482402053e+01 4.661977881380858498e-05
1.596550002905913246e+01 3.569454573178948756e-04
1.648302028932036833e+01 5.382921260348122548e-04
1.684528447150323416e+01 1.578692956203055946e-04
1.725930067971222215e+01 2.123723109587391240e-04
1.751806080984284009e+01 1.643874363407434275e-04
1.777682093997345802e+01 1.103952382559864216e-04
1.808733309613020168e+01 1.645837556710512525e-04
1.829434120023469390e+01 8.596720027309054997e-05
1.855310133036531184e+01 8.983807511222089603e-06
1.886361348652205550e+01 3.318370645901964466e-04
1.932938172075716921e+01 1.064425780429279308e-04
1.958814185088778714e+01 1.197494470160367843e-04
1.984690198101840508e+01 2.556848407031771589e-04
2.015741413717514519e+01 1.725081309748980100e-04
2.062318237141025890e+01 4.140425559832614823e-04
2.114070263167149477e+01 5.311701526413742700e-05
2.139946276180211271e+01 2.629973166211595778e-05
2.191698302206334859e+01 2.780204478854348196e-04
2.222749517822008869e+01 2.789049742859980481e-05
2.264151138642908023e+01 4.085083564393027417e-04
2.295202354258582034e+01 6.535574291931134264e-05
2.326253569874256044e+01 7.922782303209763950e-05
2.352129582887317838e+01 2.191188674805529923e-04
2.393531203708216992e+01 1.074841016392891647e-04
2.424582419323891003e+01 2.623219982035428113e-04
2.476334445350014590e+01 2.241068294965532716e-04
2.507385660965688956e+01 1.056208960222015936e-04
2.553962484389199972e+01 1.312115286630997891e-04
2.600539307812711343e+01 1.108813110572893056e-05
2.631590523428385353e+01 2.439221295597817805e-04
2.678167346851896724e+01 5.592316502680479579e-05
2.709218562467570734e+01 2.244352966634244459e-04
2.760970588493694677e+01 1.201928937177631698e-04
2.802372209314593476e+01 2.465873548848199247e-04
2.838598627532880059e+01 1.563594860927013401e-04
2.869649843148554069e+01 4.780132504895027215e-05
2.890350653559003646e+01 4.136194037969216522e-05
2.936927476982514662e+01 1.162921522587247972e-04
2.967978692598189028e+01 7.552187004159031112e-05
2.999029908213863038e+01 2.073519716424700827e-04
3.040431529034761837e+01 1.885836155959331496e-05
3.071482744650436203e+01 9.160995289925591737e-05
3.123234770676559791e+01 1.043743300763769845e-04
3.149110783689621584e+01 9.458179316982722991e-05
3.174986796702683378e+01 2.410250156264435973e-04
3.211213214920969961e+01 6.043051520619139861e-05
3.252614835741869115e+01 5.513384594864245074e-05
3.299191659165379775e+01 1.392148279904355181e-04
3.330242874781054496e+01 3.850164593831234716e-06
3.350943685191503363e+01 8.551724291461166165e-06
3.376819698204565157e+01 1.262308120548239268e-04
3.407870913820239878e+01 3.561641931829877820e-05
3.433746926833301671e+01 6.822306733617807006e-05
3.459622939846363465e+01 5.570579811529751394e-05
3.506199763269874836e+01 3.524800244655490662e-05
3.542426181488161063e+01 1.338430466442027680e-04
3.578652599706447290e+01 6.858702053201426604e-05
3.609703815322122011e+01 6.880381153302736800e-05
3.635579828335183805e+01 3.519136835052262573e-05
3.671806246553470032e+01 2.196482521946826940e-04
3.713207867374369187e+01 7.137137315794409769e-05
3.744259082990043197e+01 1.492674224188188020e-04
3.790835906413554568e+01 7.978013969294966366e-06
3.821887122029228578e+01 1.416617594442242073e-04
3.852938337644902589e+01 2.834628509752387931e-05
3.878814350657964383e+01 2.065827753439401695e-05
3.920215971478863537e+01 7.823036633827514625e-05
3.946091984491925331e+01 1.468155582309442811e-04
3.987493605312823775e+01 9.757169867094086309e-05
4.023720023531110712e+01 7.435910178450405388e-05
4.054771239146784723e+01 6.333959370174045071e-05
4.085822454762458733e+01 6.850488840958542016e-05
4.116873670378132744e+01 1.260029390803173643e-04
4.153100088596419681e+01 1.553881984979205172e-05
4.184151304212093692e+01 6.508621680809343062e-05
4.230728127635605063e+01 2.201000459044987455e-06
4.256604140648666856e+01 6.378475906632647525e-05
4.287655356264340867e+01 2.823767879046865846e-05
4.318706571880014877e+01 4.509211902969707011e-05
4.365283395303526248e+01 1.059965745425533643e-04
4.406685016124425402e+01 1.218890640344177267e-04
4.453261839547936773e+01 1.832887483605179750e-05
4.489488257766223001e+01 1.708005639601422351e-04
4.541240283792346588e+01 3.019708685852246906e-05
4.572291499408020599e+01 5.807496155675326760e-05
4.618868322831531970e+01 1.244475210920261501e-05
4.649919538447205980e+01 6.483655340948306215e-05
4.696496361870717351e+01 1.611197371507084349e-04
4.727547577486391361e+01 1.302905659229988396e-04
4.779299603512514949e+01 4.122617965465442887e-05
4.825876426936026320e+01 4.157730382833904603e-05
4.856927642551701041e+01 1.118232561372657787e-04
4.908679668577824629e+01 6.413548956314172960e-05
4.960431694603948216e+01 1.957658200351309523e-05
4.975957302411784866e+01 3.698133107540166266e-05
5.007008518027458877e+01 7.454667315785010065e-05
5.038059733643133598e+01 2.551616441374835714e-05
5.058760544053582464e+01 2.241380440364690660e-05
5.089811759669257185e+01 7.515086917782933017e-05
5.136388583092768556e+01 1.046048824095385490e-04
5.167439798708442567e+01 3.729091670260745612e-05
5.193315811721504360e+01 7.568895261305218637e-05
5.239892635145015731e+01 1.130113980246177875e-04
5.270943850760689742e+01 4.910283182619245884e-05
5.296819863773751536e+01 3.491219703752644561e-05
5.327871079389425546e+01 6.352611376687043732e-05
5.364097497607711773e+01 2.846775448822017824e-05
5.395148713223386494e+01 1.294767732349975475e-04
5.457251144454734515e+01 5.542936818066048675e-05
5.529703980891307680e+01 3.538048576025499452e-05
5.555579993904369474e+01 4.125401108769376674e-05
5.602156817327880844e+01 7.659351709646554417e-05
5.643558438148779288e+01 8.186898775550118066e-06
5.679784856367066226e+01 1.088556741389415427e-04
5.731536882393189813e+01 2.757417190148318806e-05
5.778113705816701184e+01 9.463673932773048608e-05
5.809164921432375195e+01 3.973155425456173056e-05
5.840216137048049205e+01 8.636709691537547287e-05
5.881617757868948360e+01 2.938628021821763092e-05
5.907493770882010153e+01 4.874589344794128985e-05
5.938544986497684164e+01 5.066614672643363472e-05
5.964420999510745958e+01 1.104033297577545022e-04
6.016173025536869545e+01 1.174844996059279872e-04
6.052399443755155772e+01 5.071730112280441470e-05
6.073100254165605349e+01 9.125154315458361756e-05
6.140377887999566298e+01 2.219066200727432933e-05
6.171429103615240308e+01 1.495131232005139554e-05
6.192129914025689885e+01 3.885106571905866510e-05
6.223181129641363896e+01 4.953496778715490306e-05
6.249057142654425689e+01 1.242879831495986190e-05
6.280108358270099700e+01 8.351226142299404741e-05
6.300809168680549277e+01 5.069667100596588274e-05
6.342210789501448431e+01 7.984881854807544289e-05
6.378437207719734658e+01 4.736024153487410608e-05
6.425014031143246029e+01 1.070517297066283353e-04
6.476766057169369617e+01 5.840739458325239080e-06
6.518167677990268771e+01 8.860301790964527551e-05
6.549218893605942071e+01 7.248895144438504388e-05
6.580270109221616792e+01 1.443937511845022809e-04
6.611321324837291513e+01 3.283234564301086951e-06
6.647547743055577030e+01 8.531799619976903541e-05
6.678598958671251751e+01 1.763359336704101355e-05
6.709650174286926472e+01 1.458313092096149644e-04
6.735526187299987555e+01 5.381116702950869711e-05
6.761402200313050059e+01 5.084555439303972745e-05
6.792453415928723359e+01 1.089301105097823305e-04
6.870081454967909451e+01 7.796135181128452613e-05
6.890782265378358318e+01 7.892799641028842405e-05
6.921833480994033039e+01 5.500591434062668961e-05
6.942534291404481905e+01 2.859103122900285453e-05
6.968410304417544410e+01 8.254946358713573262e-05
7.020162330443667997e+01 1.376071033834279974e-04
7.051213546059341297e+01 5.183806971211140296e-05
7.082264761675016018e+01 5.859505271710238199e-05
7.097790369482852668e+01 8.533474653737017739e-05
7.154717598111588472e+01 1.232547841308334483e-04
7.201294421535099843e+01 1.443302232014468699e-05
7.221995231945550131e+01 7.895154177550712371e-06
7.253046447561223431e+01 2.402505960240215992e-04
7.304798473587347019e+01 2.171919653718260926e-05
7.335849689203021740e+01 1.272806568529829630e-04
7.387601715229145327e+01 1.450229421086827010e-04
7.465229754268329998e+01 1.105802356944773782e-04
7.496280969884004719e+01 1.129507113537710347e-04
7.532507388102291657e+01 9.954914807902934964e-05
7.568733806320577173e+01 7.524780766168811890e-05
7.625661034949314399e+01 8.498309893312350313e-05
7.661887453167599915e+01 3.943295016734503657e-05
7.698113871385886853e+01 1.169340303036483326e-04
7.744690694809398224e+01 6.393522529184914483e-05
7.770566707822459307e+01 5.471114638768054711e-05
7.827493936451196532e+01 6.137840336090166695e-05
7.894771570285156770e+01 1.726130149443022880e-04
7.925822785900830070e+01 1.556327151775157094e-04
7.982750014529567295e+01 3.016009703064852373e-04
8.081078863979202254e+01 1.912831466703864935e-04
8.122480484800099987e+01 1.000459779271089562e-04
8.158706903018386924e+01 4.956878492627864104e-05
8.205283726441898295e+01 2.233401370813502718e-04
8.241510144660185233e+01 4.443397765170258804e-05
8.267386157673246316e+01 9.022336768388638248e-05
8.282911765481082966e+01 8.066963647015835243e-05
8.308787778494145471e+01 7.821933642985985950e-05
8.339838994109820192e+01 4.762931015522593200e-05
8.365715007122881275e+01 3.551453520158534397e-04
8.401941425341168213e+01 2.068279079636009961e-05
8.443343046162067367e+01 6.079970137567167806e-04
8.495095072188190954e+01 5.576057987649759678e-05
8.526146287803864254e+01 8.781491523736553305e-05
8.567547908624763409e+01 5.218326980120472107e-04
8.624475137253499213e+01 1.126129957133807234e-05
8.650351150266561717e+01 1.712061835854787964e-04
8.681402365882235017e+01 2.290001207734476761e-04
8.727979189305746388e+01 5.186109440920891973e-04
8.805607228344932480e+01 6.780661060075429767e-04
8.852184051768443851e+01 1.944320038667222343e-04
8.883235267384117151e+01 1.276004313857963723e-04
8.945337698615466593e+01 6.536209639266108871e-04
9.038491345462487914e+01 7.585933211975341792e-04
9.085068168885999285e+01 8.114789588100724876e-04
9.110944181899061789e+01 6.872718064141102251e-04
9.183397018335634243e+01 1.954071881377649183e-03
9.276550665182656985e+01 2.501952643609669028e-03
9.317952286003556139e+01 3.369617991826483454e-03
9.457682756274090252e+01 2.257923984911052243e-02
9.602588429147235161e+01 6.470927165925526026e-02
9.742318899417769273e+01 2.274861116337554764e-02
9.845822951470016449e+01 8.617142665387726578e-05
9.897574977496140036e+01 2.888258440546132445e-03
9.933801395714426974e+01 3.212911254364922940e-03
1.013045909461369689e+02 2.965502944728539564e-02
1.022361274146071963e+02 3.111832994446972478e-02
1.030124078049990430e+02 2.686112057896077737e-02
1.033746719871819124e+02 3.475944534846835826e-02
1.036334321173125232e+02 3.377597087566367590e-02
1.039956962994953926e+02 2.874653818378238718e-02
1.042544564296260177e+02 2.940063426757102971e-02
1.053412489761746116e+02 7.501820313271440228e-03
1.058587692364358475e+02 3.850128938005445965e-04
1.063245374706709612e+02 1.759559755961929072e-03
1.066868016528538163e+02 8.046675997547391573e-04
1.071008178610628079e+02 3.602759998531805934e-03
1.077218421733762881e+02 4.700287951486674214e-03
1.079806023035069131e+02 6.133304711695363245e-03
1.084981225637681490e+02 9.726546084204841860e-03
1.087568826938987598e+02 1.360762190044758832e-02
1.092744029541599957e+02 1.432770171367361324e-02
1.095849151103167429e+02 1.657918860973845929e-02
1.098436752404473680e+02 1.469381725597459359e-02
1.101541873966041010e+02 1.375004477098049245e-02
1.106717076568653368e+02 1.048559735576466007e-02
1.110339718390482062e+02 8.204167097891013061e-03
1.112927319691788171e+02 1.185861827309809755e-02
1.115514920993094421e+02 1.263201081206248230e-02
1.118102522294400529e+02 1.163111377957891379e-02
1.121207643855968001e+02 1.585425323815549750e-02
1.123277724897012888e+02 1.603759603563572819e-02
1.125865326198319138e+02 1.307978738397261483e-02
1.128970447759886611e+02 1.324174448051837830e-02
1.132075569321453941e+02 1.060374172489432672e-02
1.134663170622760191e+02 6.353554859387721548e-03
1.137250771924066299e+02 3.726785709147277612e-03
1.139838373225372550e+02 3.633873601472859070e-03
1.142425974526678658e+02 3.421042280706293286e-03
1.145531096088246130e+02 1.383528680674602157e-03
1.147601177129291017e+02 1.918779689259496497e-03
1.150188778430597267e+02 1.378796185615241551e-03
1.152776379731903376e+02 1.671918312248566515e-03
1.155363981033209626e+02 2.883639607923488800e-03
1.158469102594776956e+02 1.118052083513552866e-03
1.160539183635821985e+02 1.429259008447047747e-03
1.163644305197389315e+02 2.253899215087624107e-03
1.166231906498695565e+02 1.304772763966568659e-03
1.168819507800001674e+02 1.129714440238390643e-03
1.170889588841046702e+02 1.513193990769135053e-03
1.173994710402614032e+02 3.412589748789170152e-03
1.176582311703920283e+02 1.555335800931552902e-02
1.179687433265487613e+02 2.937285556356153057e-02
1.182275034566793863e+02 4.129398512739076293e-02
1.184862635868099972e+02 7.282085949962228966e-02
1.187450237169406222e+02 7.194410762514823199e-02
1.190037838470712330e+02 6.165592306869963762e-02
1.193142960032279802e+02 5.500019873069572629e-02
1.198318162634892161e+02 1.016072750369828408e-02
1.201423284196459633e+02 1.195963347338405841e-02
1.206598486799071992e+02 4.725421737255398880e-02
1.209703608360639322e+02 6.728555409318932867e-02
1.211773689401684351e+02 7.002010642930070472e-02
1.214878810963251681e+02 6.208487591119102311e-02
1.217466412264557931e+02 5.054977744892703156e-02
1.225746736428737620e+02 5.099099373142072095e-03
1.228334337730043870e+02 1.651170787224542696e-03
1.231439459291611342e+02 8.004689990911719160e-04
1.233509540332656229e+02 2.331951465220981606e-03
1.236097141633962480e+02 9.910420313109528836e-04
1.238684742935268588e+02 8.023449211089024504e-04
1.241272344236574838e+02 1.238273763805885965e-03
1.244377465798142168e+02 6.295907352489054547e-04
1.246965067099448419e+02 1.350124624031334708e-03
1.249552668400754527e+02 1.163117388848815964e-03
1.254727871003366886e+02 1.766638563814520307e-03
1.259903073605979245e+02 2.174206872018942820e-04
1.262490674907285495e+02 3.841777292185712470e-04
1.267665877509897854e+02 2.863621789330263699e-03
1.270253478811203962e+02 2.933169441974937345e-03
1.274911161153555099e+02 1.856228133467267968e-03
1.291989329742175983e+02 3.331029371019259694e-02
1.295611971564004534e+02 4.323829509992888065e-02
1.298199572865310643e+02 4.337551986497233114e-02
1.301822214687139478e+02 3.380518823272115475e-02
1.305962376769229252e+02 1.871907559566907131e-02
1.318900383275760078e+02 4.219461671896258120e-02
1.322005504837327692e+02 4.115356395955312857e-02
1.326145666919417465e+02 3.576101425747686691e-02
1.340118713946470734e+02 4.948778553032766748e-04
1.343741355768299570e+02 1.778943503509734401e-03
1.346846477329866900e+02 2.432651349119975635e-03
1.349951598891434230e+02 2.041353197515648459e-03
1.354091760973524288e+02 5.013555901760286936e-04
1.363407125658226562e+02 1.141848093769748905e-03
1.367029767480055114e+02 8.043602284015663809e-04
1.370652409301883665e+02 9.078992224639364757e-04
1.375827611904496166e+02 2.312725554867190185e-04
1.381002814507108383e+02 4.028075966074218120e-04
1.383590415808414775e+02 9.615955082094239641e-04
1.387730577890504549e+02 4.512760179887010986e-04
1.391353219712333100e+02 2.238358416148287188e-04
1.393940821013639493e+02 3.557262572884110105e-05
1.397045942575206823e+02 7.632813970935211094e-05
1.400668584397035374e+02 4.199894225099845796e-04
1.404291226218864210e+02 6.333461921493638205e-04
1.407396347780431540e+02 2.494782887584426389e-04
1.412054030122782819e+02 7.947672526912754720e-05
1.417229232725395036e+02 3.627621636805529242e-04
1.420851874547223588e+02 3.674330030047704950e-04
1.424992036629313645e+02 2.995488028862922938e-04
1.428097158190880975e+02 6.297601959943328388e-05
1.430167239231925862e+02 5.867282113518447549e-05
1.433272360793493476e+02 3.991039950731373501e-05
1.437930043135844471e+02 1.916852758235074042e-04
1.441035164697411801e+02 1.396350295957254613e-04
1.445175326779501859e+02 3.475406556735284071e-04
1.450868049642375297e+02 6.740472339249414758e-05
1.453973171203942911e+02 1.945736981620494355e-04
1.458113333286032685e+02 2.022085490358285461e-04
1.461735975107861236e+02 1.037908444483052345e-04
1.465358616929690072e+02 2.968199653414754899e-05
1.468463738491257402e+02 8.169058993805444714e-05
1.471568860052824732e+02 9.398877558070928371e-05
1.474673981614392346e+02 2.800736331549745083e-04
1.478814143696482120e+02 1.106352285875879048e-04
1.481919265258049450e+02 2.236434038908284832e-04
1.487094467860661950e+02 5.988927136542839409e-05
1.491752150203012945e+02 2.219837708865298820e-04
1.495374792024841781e+02 8.545643988099532002e-05
1.499514954106931555e+02 4.470666566646888846e-05
1.502620075668498885e+02 7.234451991324647186e-05
1.504690156709544056e+02 8.491080211794560322e-05
1.507795278271111385e+02 1.448747899637564326e-05
1.512452960613462380e+02 2.033192436669560880e-04
1.515558082175029995e+02 1.309375122778173037e-04
1.518663203736597325e+02 2.027255746539622001e-04
1.523320886078948320e+02 1.636104466405527902e-05
1.525390967119993491e+02 4.539516170767057102e-05
1.528496088681560821e+02 1.563929889802787639e-04
1.532636250763650594e+02 1.165417818371584989e-04
1.535741372325218208e+02 2.125066495827156892e-04
1.538846493886785538e+02 4.654627600259321463e-05
1.541434095188091646e+02 1.279590905915667181e-04
1.544021696489397755e+02 2.390608941631779601e-05
1.546091777530442926e+02 1.629804534038667668e-05
1.549196899092010256e+02 1.894416775720986527e-04
1.552819540913838807e+02 4.993627590190331117e-05
1.556442182735667643e+02 2.022547162299415308e-04
1.560064824557496195e+02 2.524387440519195212e-05
1.561617385338279860e+02 1.617540395296342555e-05
1.564722506899847474e+02 1.392307972545609872e-04
1.569380189242198469e+02 1.638614752028537467e-04
1.573002831064027021e+02 1.253599759898056470e-04
1.577142993146117078e+02 7.772271759411547565e-05
1.580248114707684408e+02 5.993447288169103868e-05
1.585940837570558131e+02 9.699854093675209241e-05
1.590080999652647904e+02 4.839899811645299301e-05
1.593186121214215234e+02 2.171080890373957922e-04
1.600431404857872622e+02 2.386496091420406600e-05
1.605606607460485122e+02 1.485700104299236303e-04
1.610264289802836117e+02 1.481237575384191242e-04
1.613886931624664669e+02 9.925181861306697014e-05
1.618027093706754727e+02 3.815124686661832841e-05
1.623719816569628165e+02 1.859641039441019121e-04
1.626824938131195779e+02 3.023358228885051236e-05
1.630447579953024331e+02 7.592353668717778344e-05
1.634587742035114104e+02 2.129778581605016620e-05
1.638727904117204162e+02 1.030494081136906510e-04
1.643903106719816378e+02 1.116127385137374698e-04
1.647525748541645214e+02 1.398348688039980671e-04
1.652183430883996209e+02 7.957070866542363750e-05
1.654771032185302317e+02 2.700253783026662356e-05
1.659946234787914818e+02 1.544928796886286875e-04
1.664603917130265813e+02 3.068008746378193542e-05
1.667709038691833427e+02 1.156634339580505858e-04
1.672884241294445644e+02 7.859181375786672148e-05
1.675989362856012974e+02 9.844161158680999203e-05
1.680647045198364253e+02 8.457558384536877549e-05
1.684787207280454027e+02 1.483980875338145858e-04
1.687892328842021641e+02 1.434378504799079640e-04
1.690997450403588971e+02 7.013038425929557387e-05
1.693585051704895079e+02 5.062157822883975712e-05
1.698760254307507580e+02 2.095728849708376783e-04
1.701347855608813688e+02 6.112493583215271688e-05
1.704452977170381018e+02 1.805865682070176466e-04
1.709110659512732298e+02 1.089391520086936082e-05
1.712215781074299628e+02 1.608919912565194143e-04
1.714803382375605736e+02 5.931752627317608112e-05
1.717908503937173350e+02 5.260353007837163279e-06
1.724118747060308010e+02 1.693110807514185785e-04
1.728258909142398068e+02 8.348048520830729621e-05
1.730328990183442954e+02 6.603080663926153308e-05
1.734986672525793949e+02 1.300961295599427803e-04
1.739126834607884007e+02 1.081011454912205088e-05
1.742749476429712558e+02 2.297922073625028585e-04
1.745854597991279888e+02 9.318078560719728905e-06
1.749994760073369946e+02 5.172764572041539162e-05
1.758275084237549777e+02 2.137254765746065242e-04
1.762415246319639550e+02 9.924157134415492374e-05
1.766555408401729323e+02 4.853441895090428241e-05
1.771213090744080603e+02 2.781349217399476368e-04
1.775870773086431598e+02 3.829628184352574561e-05
1.778975894647999212e+02 4.128583721966769585e-04
1.786221178291656315e+02 4.316202534783603083e-05
1.789326299853223929e+02 4.335764168269111191e-05
1.794501502455836146e+02 1.996458676787894444e-04
1.796054063236619811e+02 1.648431382880766215e-04
1.799676705058448647e+02 5.778995713177306098e-05
1.803299346880277199e+02 1.934730013835794988e-04
1.807439508962366972e+02 2.006450789402793088e-04
1.817272393907330468e+02 3.931071861635885211e-04
1.822447596509942969e+02 1.597472936893851083e-04
1.826070238331771520e+02 2.460764886178749681e-04
1.831245440934384021e+02 3.551723948298850480e-04
1.840560805619086295e+02 4.138067957851511696e-04
1.845218487961437290e+02 3.677886957242059167e-04
1.853498812125617121e+02 5.935447736551201052e-04
1.863331697070580617e+02 6.071304676090905506e-04
1.867471859152670390e+02 7.869553149254007425e-04
1.872647061755282891e+02 2.558697694294834917e-04
1.877304744097633886e+02 1.298368724612615184e-03
1.889725230343903490e+02 3.644321994532626237e-03
1.905250838151740709e+02 2.373737656675890817e-02
1.919741405439055200e+02 6.313276051299661351e-02
1.934231972726369975e+02 2.292604717407390955e-02
1.948722540013684466e+02 2.828670281234940860e-03
1.961660546520215291e+02 1.552326634635123239e-03
1.966835749122827792e+02 6.367435276942697356e-04
1.969940870684395122e+02 6.103195203152805620e-04
1.975116073287007623e+02 9.338161458811644264e-04
1.984948958231971119e+02 8.750354763040901632e-04
1.989606640574322114e+02 1.602783019629548840e-04
1.993746802656412171e+02 2.049553608082910054e-04
1.997886964738501945e+02 7.593075873444361888e-04
2.003579687601375667e+02 1.063422598602442229e-05
2.006684809162942997e+02 1.676764529880208851e-04
2.011342491505293992e+02 1.200805162620091241e-04
2.018587775148951380e+02 7.091567416391157458e-04
2.022210416970779931e+02 1.219199229796636818e-03
2.047568909723580646e+02 3.006444348526203167e-02
2.054814193367238033e+02 2.587973662628358096e-02
2.058436835189066585e+02 2.805756439577137412e-02
2.061541956750633915e+02 2.876768691103207681e-02
2.065682118832723972e+02 3.490657312473682133e-02
2.074997483517426247e+02 1.722941475294870878e-02
2.088453010284218294e+02 1.871073274782452008e-04
2.095698293927875682e+02 1.121747874869912171e-03
2.103978618092055228e+02 3.672405877570092555e-04
2.109153820694667729e+02 4.844954965201412884e-04
2.112258942256235059e+02 3.305359101938524905e-04
2.117434144858847560e+02 3.106713221780053511e-04
2.122091827201198555e+02 1.516385498789849298e-04
2.127267029803811056e+02 5.242545868172425157e-04
2.130372151365378386e+02 4.210090267605977191e-04
2.132959752666684494e+02 3.880155393168090573e-04
2.137617435009035773e+02 9.010520240040483203e-05
2.140205036310341882e+02 2.692689049910741293e-04
2.142792637611647990e+02 1.463131184827629007e-04
2.145897759173215604e+02 7.130257478321138861e-04
2.150555441515566599e+02 4.536796986143883624e-04
2.153660563077133929e+02 6.267051748523535951e-04
2.158835765679746430e+02 3.020069181898305455e-04
2.163493448022097425e+02 1.044367300928550997e-03
2.166598569583665039e+02 4.813215313877541065e-04
2.169186170884971148e+02 9.384738150742972249e-04
2.171256251926016034e+02 9.765701895915847915e-04
2.174361373487583364e+02 6.223052146109158160e-04
2.179019055829934643e+02 1.669854051050238168e-03
2.184194258432546860e+02 3.104166735935831589e-03
2.187299379994114474e+02 5.395911742194932879e-03
2.192474582596726691e+02 9.913667877842632925e-03
2.195579704158294021e+02 1.174735662688228092e-02
2.198167305459600414e+02 1.318771947725192080e-02
2.201272427021167744e+02 1.667658736805341727e-02
2.205930109363518739e+02 1.315623819180810131e-02
2.209552751185347574e+02 1.182769503435352962e-02
2.217315555089266184e+02 8.384960182657226480e-03
2.220420676650833514e+02 1.235112913122711313e-02
2.224043318472662065e+02 1.259381581748469404e-02
2.228701000815013344e+02 1.553150472939832279e-02
2.231288602116319453e+02 1.416076309563939380e-02
2.233876203417625561e+02 1.353388461671044783e-02
2.236463804718931669e+02 1.056207454133833122e-02
2.238533885759976840e+02 9.886874508808048134e-03
2.242156527581805392e+02 6.177356263787628192e-03
2.246814209924156387e+02 3.675596588047402597e-03
2.249919331485724001e+02 1.850496974142348686e-03
2.253024453047291331e+02 1.307697577844275710e-03
2.254577013828074996e+02 1.066348997267366943e-03
2.257682135389642610e+02 7.572097215893840638e-04
2.260269736690948719e+02 1.069282236936747741e-03
2.262857337992254827e+02 1.314583621799083170e-03
