Frequency Power
6.282717248324171111e-01 2.601398771794723899e-12
2.198951036913459944e+00 2.532883772205655215e-12
4.397902073826919889e+00 2.600609429774875684e-12
6.596853110740379833e+00 1.704498506568456300e-11
8.167532422821421889e+00 2.055434109158932090e-12
9.424075872486255889e+00 3.893628086781635590e-12
1.068061932215109167e+01 1.544015783009468645e-11
1.225129863423213372e+01 6.099462875167817403e-11
1.382197794631317578e+01 9.564361775037498248e-12
1.539265725839421961e+01 1.374542037555284667e-12
1.633506484564284378e+01 2.186958110186521961e-12
1.790574415772388761e+01 1.331652259356515499e-11
1.979055933222113950e+01 1.973215875209791652e-12
2.073296691946976367e+01 1.579130115799171121e-12
2.261778209396701556e+01 8.903447650121032366e-13
2.418846140604805939e+01 6.812232464413787917e-13
2.544500485571289161e+01 1.512663662644508193e-13
2.890049934229118733e+01 6.944496487118429355e-13
3.078531451678843922e+01 5.645067120912168787e-13
3.392667314095052689e+01 2.861012932332094231e-13
3.549735245303156717e+01 3.404414277660997192e-13
3.738216762752881550e+01 7.546060264519871313e-14
3.895284693960986289e+01 1.706453044592896846e-13
4.052352625169090317e+01 1.085970582277257269e-13
4.209420556377194345e+01 4.592085024632953578e-14
4.335074901343678277e+01 1.512147104948131584e-13
4.523556418793403111e+01 1.966353971333089836e-13
4.680624350001507139e+01 2.451490230223314794e-13
4.837692281209611878e+01 4.852717070166204542e-14
4.994760212417715906e+01 7.564888606705653120e-14
5.183241729867441450e+01 9.305561048073335485e-14
5.340309661075545478e+01 1.338182882075650752e-14
5.654445523491754244e+01 5.687161697402492524e-14
5.811513454699858272e+01 1.036021203380607039e-13
6.094235730874446233e+01 1.023888338467912481e-13
6.282717248324171067e+01 1.045167212586055395e-13
6.439785179532275095e+01 5.043689898389046377e-14
6.628266696981999928e+01 1.261560757887509179e-14
6.785334628190105377e+01 2.265535516843188955e-14
6.942402559398209405e+01 3.829362592483026843e-14
7.068056904364692627e+01 1.372320191707752423e-14
7.225124835572796655e+01 3.407717731354203928e-14
7.413606353022521489e+01 4.822043454846331243e-14
7.570674284230625517e+01 4.111530761993346585e-14
7.727742215438730966e+01 2.114253172383286423e-14
7.916223732888455800e+01 4.973024618958417065e-14
8.073291664096559828e+01 2.009135131121800512e-14
8.198946009063043050e+01 1.173190837618855982e-14
8.324600354029526272e+01 2.285806039814702139e-14
8.544495457720873333e+01 2.443568761673411083e-14
8.701563388928977361e+01 2.233339085297030867e-14
8.827217733895460583e+01 2.581404681875347319e-14
9.015699251345185417e+01 6.503844321217288978e-14
9.204180768794910250e+01 2.555403654724749669e-14
9.361248700003014278e+01 6.460214418700652317e-15
9.518316631211119727e+01 1.141153006866984587e-14
9.675384562419223755e+01 2.185781875257489336e-14
9.832452493627327783e+01 1.125129330331250272e-14
9.958106838593811005e+01 1.874609287933529826e-14
1.011517476980191503e+02 4.827040767210361731e-14
1.033506987349326209e+02 3.779255512971982324e-14
1.046072421845974532e+02 8.702839379404324959e-15
1.064920573590947015e+02 8.620101920109905125e-15
1.080627366711757418e+02 1.114347775769374206e-14
1.096334159832567821e+02 1.866244379643690195e-15
1.108899594329216143e+02 2.512126076828128326e-15
1.127747746074188768e+02 1.300220238500037087e-14
1.146595897819161252e+02 3.968241906917072673e-14
1.174868125436619977e+02 1.197916427441649813e-14
1.193716277181592460e+02 1.497537730943913299e-14
1.209423070302403005e+02 1.760163131626840883e-14
1.221988504799051327e+02 1.420743805355659905e-14
1.237695297919861730e+02 5.530233688196348485e-15
1.256543449664834213e+02 1.705776755573102866e-14
1.269108884161482536e+02 6.836918121320019309e-15
1.287957035906455019e+02 1.663369137015442471e-14
1.306805187651427502e+02 1.682686143605590017e-14
1.322511980772237905e+02 1.067078892416226224e-14
1.335077415268886227e+02 1.519928043884027769e-14
1.353925567013858995e+02 6.177370540096139598e-15
1.369632360134669398e+02 3.255699761289951736e-15
1.385339153255479800e+02 2.720401280454816527e-15
1.401045946376290203e+02 1.233242332422258658e-14
1.416752739497100606e+02 1.689426212095985808e-14
1.435600891242073089e+02 9.959980777074756678e-15
1.448166325738721412e+02 5.532678547762620147e-15
1.467014477483693895e+02 1.215140364735345719e-14
1.485862629228666378e+02 8.795520129224035160e-15
1.501569422349476781e+02 2.184827293669672207e-15
1.510993498221963023e+02 2.215616749050786246e-15
1.529841649966935790e+02 8.628719289341867989e-15
1.548689801711908274e+02 6.564706305174172606e-15
1.558113877584394515e+02 9.419296789456401891e-15
1.576962029329366999e+02 1.931553840411465291e-14
1.595810181074339482e+02 7.271404595131519428e-15
1.611516974195149885e+02 5.886398624318731648e-15
1.627223767315960288e+02 5.321481846970639530e-15
1.639789201812608610e+02 9.107588912706536354e-15
1.658637353557581093e+02 6.470207873012848595e-15
1.674344146678391496e+02 2.738324668095727087e-15
1.690050939799201899e+02 9.935322197882815155e-15
1.712040450168336747e+02 1.236859808119314444e-14
1.734029960537471311e+02 1.382164054834667159e-14
1.756019470906605875e+02 3.581931598219863498e-15
1.771726264027416278e+02 2.748900130545663110e-15
1.787433057148226681e+02 2.090743256716908364e-15
1.803139850269037083e+02 7.615597818613916696e-15
1.818846643389847486e+02 1.232938651261415527e-14
1.847118871007306211e+02 1.079977456101140954e-14
1.869108381376440775e+02 1.710378685835718530e-14
1.884815174497251462e+02 2.968214700214981664e-15
1.900521967618061865e+02 5.386762909712495166e-15
1.916228760738872268e+02 1.330790564324032400e-14
1.935076912483844751e+02 6.484915191479344298e-15
1.960207781477141395e+02 7.916106181955262613e-15
1.982197291846275959e+02 1.751373110317400050e-14
1.997904084967086362e+02 1.869291974307721001e-15
2.013610878087896765e+02 2.622235048327141063e-15
2.026176312584545087e+02 2.537170733934186235e-15
2.048165822953679651e+02 4.040976900138123439e-15
2.060731257450328258e+02 3.138775098749239528e-15
2.076438050571138660e+02 1.966114588201624994e-15
2.092144843691949063e+02 5.668720082180146018e-15
2.110992995436921547e+02 5.827471258228469834e-15
2.123558429933569869e+02 7.925588019135387772e-15
2.158113374799352755e+02 1.019992852114618052e-14
2.189526961040973561e+02 3.418910691255999531e-15
2.202092395537621883e+02 2.983694842691823056e-15
2.217799188658432286e+02 1.135073705828349868e-14
2.233505981779242688e+02 7.095154952439789033e-15
2.252354133524215456e+02 1.088029619742733251e-14
2.271202285269187939e+02 1.036590900806461401e-14
2.299474512886646664e+02 1.991187734353439359e-14
2.318322664631619148e+02 4.891429804353833701e-15
2.334029457752429551e+02 1.965038934080877523e-15
2.346594892249077873e+02 4.176976487984657725e-15
2.365443043994050356e+02 1.957130817567192730e-14
2.384291195739022839e+02 2.679934911966908752e-15
2.412563423356481849e+02 1.110242133148210637e-14
2.431411575101454332e+02 1.086319620830578334e-14
2.450259726846426815e+02 1.080302417914198460e-14
2.478531954463885540e+02 1.943488027276031180e-14
2.497380106208858024e+02 1.992266087742548935e-15
2.525652333826316749e+02 2.603380739484813459e-15
2.541359126947127152e+02 1.753521256951208238e-14
2.560207278692099635e+02 3.351935122147333227e-14
2.582196789061234199e+02 8.525341820352160397e-15
2.591620864933720441e+02 9.262167102344367719e-15
2.623034451175341246e+02 1.761372563793920023e-14
2.641882602920313730e+02 2.069178783436018225e-14
2.758112872014311279e+02 9.203027595923149518e-13
2.827222761745877051e+02 8.276072300177147372e-14
2.868060423859984098e+02 8.197787511906911780e-14
2.890049934229118662e+02 6.437004169897758255e-14
2.981149334329818998e+02 7.885624682133257191e-13
2.999997486074791482e+02 9.505114938830131163e-13
3.018845637819763965e+02 8.028617939415289649e-13
3.109945037920464870e+02 2.196769579104771136e-14
3.131934548289599434e+02 2.278244711174875769e-14
3.150782700034571917e+02 4.634636298119141609e-15
3.172772210403706481e+02 1.634811099514717416e-14
3.197903079397003125e+02 2.664836707060773618e-14
3.219892589766137689e+02 3.638233975270808563e-14
3.238740741511110173e+02 2.195712698504661541e-15
3.248164817383596414e+02 3.035253283746440825e-15
3.263871610504406817e+02 3.383525939172170076e-16
3.289002479497703462e+02 2.177126842791843465e-14
3.329840141611810509e+02 9.039979458869744469e-15
3.348688293356782992e+02 1.048165583023142809e-14
3.361253727853431315e+02 8.501933485504157699e-15
3.383243238222565878e+02 4.229481214775509146e-15
3.398950031343376850e+02 1.818174076546977234e-14
3.430363617584997655e+02 1.873040357925885193e-14
3.458635845202456380e+02 6.714098310441244110e-15
3.474342638323266783e+02 4.977314044557628573e-15
3.496332148692401347e+02 1.302827804552339730e-14
3.537169810806508394e+02 2.467995396202315755e-14
3.556017962551480878e+02 5.410890776760102221e-15
3.571724755672291280e+02 2.992753039011150837e-15
3.584290190168939603e+02 9.496567418946115043e-16
3.603138341913912086e+02 4.044964954844178727e-14
3.621986493658884569e+02 3.039848476094186522e-15
3.653400079900505375e+02 1.722001909102235060e-14
3.672248231645477858e+02 1.634562284720756988e-14
3.691096383390450342e+02 8.717395972895453948e-15
3.716227252383746986e+02 3.518148921486920589e-14
3.782195783491151246e+02 3.691335276708705663e-14
3.829316162853582455e+02 8.918389714963411884e-14
3.860729749095203260e+02 5.189027398397943552e-14
3.951829149195903597e+02 7.343430940080880734e-13
3.989525452685848563e+02 1.192358805760360875e-12
4.017797680303307288e+02 8.761616557942196672e-13
4.071200776914062658e+02 3.325218769245684284e-13
4.102614363155683463e+02 7.876628934528448843e-14
4.146593383893953160e+02 2.113924390089348959e-13
4.184289687383898126e+02 7.692823602901777851e-13
4.231410066746329335e+02 1.071487401364136168e-12
4.265965011612112221e+02 1.092919257864218860e-12
4.309944032350381349e+02 3.109665275610264023e-13
4.350781694464488396e+02 3.434462188941770193e-14
4.379053922081947121e+02 1.226132012141432146e-13
4.419891584196054168e+02 1.656620139777570016e-13
4.457587887685999135e+02 2.050316162555968947e-14
4.473294680806810106e+02 2.338344437740843296e-14
4.489001473927620509e+02 4.662189509606858608e-14
4.504708267048430912e+02 2.523499654113668218e-14
4.536121853290051718e+02 3.137987695113292122e-13
4.551828646410862120e+02 2.526989371807964504e-13
4.671200274129021182e+02 2.588190979606727420e-12
4.683765708625669504e+02 2.650226632352681821e-12
4.796854619095504404e+02 5.899758988007715136e-13
