Frequency Power
1.554180600796936096e-01 3.544371693820565932e-04
5.698662202922099018e-01 4.378090119478652187e-04
9.325083604781616575e-01 1.871224807547935205e-04
1.139732440584419804e+00 4.052563541281040626e-04
1.295150500664113302e+00 3.838727311960766359e-03
2.020434781036017036e+00 2.862510353901065972e-03
2.279464881168839607e+00 5.483786238516208481e-05
2.745719061407920325e+00 3.402765099536313956e-03
3.211973241647001487e+00 3.612959274315207707e-04
3.419197321753259189e+00 2.962265598966720682e-04
4.040869562072034071e+00 1.030185995815382090e-04
4.248093642178291773e+00 2.107495241651240496e-05
4.455317722284550364e+00 3.373399870271281107e-05
4.662541802390808066e+00 9.910558668072133180e-05
4.921571902523631081e+00 5.717092108114247922e-05
5.128795982629888783e+00 2.783680401742997138e-05
5.336020062736147374e+00 3.387037931886008053e-05
5.595050162868970389e+00 5.236266880237603374e-05
5.905886283028356942e+00 1.768053256177266284e-05
6.164916383161179958e+00 3.552593204555990901e-05
6.372140463267437660e+00 1.180242991465216175e-05
6.579364543373696250e+00 2.468306162489179585e-06
6.786588623479953952e+00 1.372787698535990784e-05
7.045618723612776968e+00 1.146069508492284555e-05
7.356454843772164409e+00 6.751783001679886188e-06
7.563678923878422111e+00 9.549390394692457151e-06
7.822709024011245127e+00 1.865928820595783301e-05
8.081739124144068143e+00 7.340338253825454365e-06
8.288963204250325845e+00 1.297325062394451128e-05
8.599799324409712398e+00 1.044998187060525204e-05
8.858829424542536302e+00 1.911361681443019242e-06
9.066053504648794004e+00 7.359775299744294313e-06
9.273277584755051706e+00 4.912975217561712869e-06
9.480501664861309408e+00 2.957725400947827213e-06
9.739531764994133312e+00 7.069089472176435835e-06
1.005036788515351986e+01 7.037607075423037591e-06
1.030939798528634199e+01 4.528718404949295868e-06
1.051662206539260147e+01 6.249330629313368807e-06
1.077565216552542360e+01 8.441506432632352470e-06
1.098287624563168130e+01 3.151485377177177293e-06
1.124190634576450520e+01 5.325090211783492153e-06
1.150093644589732733e+01 4.745406338324331705e-06
1.175996654603014946e+01 1.234824993133289047e-06
1.196719062613640716e+01 3.844973150210540882e-06
1.217441470624266664e+01 6.111737056096762530e-06
1.243344480637548877e+01 3.243761617683670540e-06
1.274428092653487532e+01 1.399686413617358131e-06
1.295150500664113480e+01 2.818146115987804590e-06
1.321053510677395693e+01 1.719829899462228599e-06
1.341775918688021463e+01 5.622250608383846451e-06
1.372859530703960296e+01 8.948529069258721400e-06
1.398762540717242508e+01 1.979795067806616008e-06
1.424665550730524721e+01 3.506147762827877318e-06
1.445387958741150491e+01 2.728738230886193610e-06
1.466110366751776439e+01 1.274457727868249116e-06
1.492013376765058652e+01 1.555090127162844435e-06
1.517916386778340865e+01 3.050897103868836907e-06
1.543819396791623255e+01 5.267796232520160899e-07
1.564541804802249025e+01 1.947013139028789876e-06
1.590444814815531238e+01 7.127716761794015129e-06
1.616347824828813629e+01 4.352409610923320079e-06
1.642250834842095841e+01 4.474215758573608240e-06
1.668153844855378054e+01 3.107256277675172066e-06
1.694056854868660267e+01 9.109852334950190238e-07
1.719959864881942480e+01 1.970263799162702832e-06
1.735501670889911807e+01 1.910071878380171667e-06
1.761404680903194375e+01 1.270916824626963432e-06
1.782127088913820145e+01 1.304635952295957912e-06
1.808030098927102358e+01 2.590292834216293727e-06
1.833933108940384571e+01 2.889236608795763347e-06
1.859836118953666784e+01 2.136732065916482842e-06
1.885739128966948996e+01 5.489306491347008270e-06
1.916822740982888007e+01 1.541715472122847521e-06
1.937545148993513777e+01 1.053115814441803603e-06
1.963448159006795990e+01 1.506262668540616852e-06
1.984170567017421760e+01 1.067813746789929017e-06
2.004892975028047530e+01 7.447540699017976360e-07
2.030795985041329743e+01 2.319149110449984571e-06
2.051518393051955513e+01 1.017526391582253959e-06
2.077421403065238081e+01 8.477430994367963734e-07
2.108505015081176737e+01 2.686318655943182226e-06
2.134408025094458949e+01 1.969316665692174288e-06
2.155130433105084720e+01 1.263456706499625482e-06
2.175852841115710490e+01 9.693966504879823604e-07
2.206936453131649145e+01 1.573907150775669973e-07
2.232839463144931358e+01 4.690189291758778482e-07
2.253561871155557483e+01 1.520196516668828155e-06
2.279464881168839696e+01 8.978983693993192036e-07
2.300187289179465466e+01 6.837571436657299806e-07
2.326090299192747679e+01 3.160114118431898501e-06
2.351993309206029892e+01 8.804556059189687846e-07
2.372715717216655662e+01 8.766591902608953489e-07
2.398618727229937875e+01 1.885670796959215419e-06
2.424521737243220443e+01 9.564943284971194418e-07
2.445244145253846213e+01 1.110338322801350637e-06
2.471147155267128426e+01 1.746237813961826193e-06
2.497050165280410639e+01 1.014840996807631582e-06
2.517772573291036409e+01 1.119105362732408403e-06
2.543675583304318621e+01 2.945947728413018297e-06
2.569578593317601189e+01 3.907766893686203583e-06
2.590301001328226960e+01 3.781340916771095376e-07
2.616204011341509172e+01 8.506223496048009272e-07
2.647287623357447828e+01 4.960892056594632370e-07
2.668010031368073598e+01 6.854477416880965301e-07
2.693913041381355811e+01 1.807563817512433966e-06
2.719816051394638023e+01 8.618285909237886402e-07
2.740538459405264149e+01 3.290368194021833024e-07
2.766441469418546362e+01 5.870560665982335764e-07
2.792344479431828574e+01 1.243039680171544867e-06
2.818247489445110787e+01 5.766033089325339854e-07
2.844150499458393000e+01 7.860150806372588190e-07
2.880414713476988098e+01 3.068670948841751180e-07
2.906317723490270666e+01 1.757528033960397561e-06
2.932220733503552879e+01 1.064353416145835703e-06
2.963304345519491534e+01 4.917105084093969541e-07
2.989207355532773747e+01 1.135469949007114352e-06
3.015110365546055959e+01 1.617035434625537365e-06
3.041013375559338172e+01 8.398395257043924987e-07
3.061735783569963942e+01 9.313715868293208967e-07
3.082458191580590068e+01 9.501267490796077144e-07
3.129083609604498051e+01 4.533736181962438071e-07
3.160167221620436706e+01 3.404674869886278088e-07
3.180889629631062476e+01 6.123817351449878758e-07
3.206792639644344689e+01 1.739573258564806034e-06
3.232695649657627257e+01 1.099037560005546017e-06
3.258598659670909115e+01 4.390852051812116015e-07
3.284501669684191683e+01 1.343876045605905948e-06
3.305224077694817453e+01 7.805731775262094689e-07
3.331127087708100021e+01 3.262338886048238749e-07
3.351849495718725791e+01 1.340888565522840478e-06
3.377752505732007648e+01 5.725845906639110250e-07
3.398474913742633419e+01 1.775208591398171444e-07
3.419197321753259189e+01 7.158205484045062910e-07
3.450280933769197844e+01 1.936056693092377315e-06
3.476183943782480412e+01 6.015803285207153998e-07
3.502086953795762980e+01 1.042209153074244990e-06
3.527989963809044838e+01 2.440835167081452146e-07
3.553892973822327406e+01 3.140846563018541330e-07
3.579795983835609263e+01 1.070515562749213428e-06
3.621240799856860804e+01 5.708951092042518865e-08
3.641963207867486574e+01 6.234045529303977502e-07
3.673046819883425940e+01 5.739340145407014244e-07
3.698949829896707797e+01 3.035323309000055412e-07
3.719672237907333567e+01 6.785052244392410498e-07
3.745575247920616135e+01 1.094946105354730357e-06
3.766297655931241906e+01 2.811613502268876593e-07
3.792200665944523763e+01 8.238381337821831529e-07
3.823284277960463129e+01 1.805484806114085235e-06
3.849187287973744986e+01 1.041335278978399661e-06
3.875090297987027554e+01 1.041953821896023877e-06
3.890632103994996527e+01 5.427175868597177520e-07
3.916535114008279095e+01 7.676867884481516949e-07
3.937257522018904865e+01 3.803377438201356757e-07
3.963160532032186723e+01 9.245490134445356195e-07
3.994244144048126088e+01 5.234737303577623179e-08
4.014966552058751859e+01 8.428065578381915830e-07
4.040869562072033716e+01 6.380919672068272940e-07
4.066772572085316284e+01 3.267483835841112156e-07
4.092675582098598142e+01 1.717197572012201011e-06
4.113397990109223912e+01 1.210678479508933897e-06
4.144481602125162567e+01 4.608330199557108452e-07
4.191107020149070905e+01 2.994996849622243661e-07
4.211829428159696675e+01 7.288540993707683287e-08
4.232551836170322446e+01 7.065869175550971288e-07
4.258454846183605014e+01 1.124456351012358154e-06
4.279177254194230784e+01 1.488123567993499856e-07
4.305080264207512641e+01 9.917411510989284238e-07
4.336163876223452007e+01 1.611897814832196198e-06
4.362066886236733865e+01 1.007247590384004626e-06
4.387969896250016433e+01 5.669704022663439282e-07
4.408692304260642203e+01 7.341139237431082419e-07
4.429414712271267973e+01 1.936059554487864333e-08
4.450137120281893743e+01 7.589670337506447370e-07
4.481220732297832399e+01 6.531839997120757476e-07
4.507123742311114967e+01 5.920894974099287202e-07
4.527846150321740737e+01 6.245641033254190832e-07
4.553749160335022594e+01 1.462530834785314119e-06
4.579652170348305162e+01 1.808373763969678743e-07
4.605555180361587020e+01 1.085687164768911163e-06
4.631458190374869588e+01 8.392733992331856478e-07
4.657361200388152156e+01 5.467358659381694237e-07
4.678083608398777926e+01 8.285181334480154596e-08
4.698806016409403696e+01 2.383660432200685322e-07
4.724709026422685554e+01 5.951984493792710934e-07
4.745431434433311324e+01 2.710150909036785179e-07
4.776515046449249979e+01 2.438272622712549120e-06
4.802418056462532547e+01 2.847034719160895248e-07
4.823140464473158318e+01 7.215688885278987904e-07
4.843862872483784088e+01 1.316605254669635473e-07
4.869765882497066656e+01 6.003795062697433477e-07
4.895668892510348513e+01 4.689249192892108725e-07
4.921571902523631081e+01 1.018951618397806636e-06
4.947474912536912939e+01 3.489211448043209380e-07
4.963016718544882622e+01 2.188259627869460956e-07
4.988919728558165190e+01 1.568362773183479456e-06
5.009642136568790960e+01 7.102664330532057372e-07
5.035545146582072817e+01 1.874648911019092005e-07
5.066628758598011473e+01 3.351752181488767131e-07
5.092531768611294041e+01 6.424247934935174210e-07
5.113254176621919811e+01 1.134059472638857682e-06
5.139157186635202379e+01 2.270266146649353571e-06
5.165060196648484236e+01 1.211040505169981092e-06
5.206505012669735777e+01 7.669089075205559913e-07
5.232408022683018345e+01 2.530916741717829232e-07
5.258311032696300202e+01 2.933738947618116684e-07
5.284214042709582770e+01 6.259943206201913398e-07
5.315297654725521426e+01 8.414917031759628197e-07
5.361923072749429764e+01 1.079796791413831420e-06
5.387826082762711621e+01 1.095371596733081830e-06
5.408548490773337392e+01 8.552564107648313086e-07
5.434451500786619960e+01 6.568902312997369471e-07
5.455173908797245730e+01 6.218318073123531341e-07
5.475896316807871500e+01 7.055075687796190125e-08
5.496618724818497270e+01 1.178560736707288085e-06
5.522521734831779838e+01 3.963110159071495315e-07
5.558785948850374581e+01 5.150754973637922875e-07
5.584688958863657149e+01 1.271833073847466262e-06
5.605411366874282919e+01 2.883208459674825924e-07
5.631314376887564777e+01 4.094768213414678798e-07
5.657217386900847345e+01 8.888209816389840257e-07
5.683120396914129913e+01 6.820693525394130248e-07
5.734926416940694338e+01 3.670683689990639527e-07
5.781551834964601966e+01 2.511080434213072775e-07
5.802274242975228447e+01 6.534375047339578126e-07
5.828177252988510304e+01 1.175522536273016316e-06
5.848899660999136074e+01 7.595747175044119082e-07
5.874802671012418642e+01 1.428769164258283573e-06
5.895525079023044412e+01 9.267957869101149062e-07
5.921428089036326270e+01 5.895895815201265530e-07
5.952511701052264925e+01 8.293471888393681612e-07
5.973234109062891406e+01 6.934442160476938724e-07
6.025040129089455831e+01 6.510783198560674215e-07
6.056123741105394487e+01 5.292534457352305877e-07
6.076846149116020257e+01 6.923527471218674356e-08
6.097568557126646027e+01 6.004906323242695326e-07
6.123471567139927885e+01 4.704487305046066760e-07
6.144193975150554365e+01 9.780506725748869810e-07
6.170096985163836223e+01 1.164496216478310257e-06
6.195999995177118791e+01 1.461225162366920792e-06
6.216722403187744561e+01 6.156851503974910012e-08
6.247806015203683216e+01 5.723755381544052203e-07
6.268528423214308987e+01 4.378247382694499359e-07
6.309973239235560527e+01 6.481901392288066913e-07
6.341056851251499182e+01 3.801649376152159640e-07
6.366959861264781750e+01 1.601017708066561036e-07
6.387682269275407521e+01 5.995012520082458957e-07
6.413585279288689378e+01 1.034637937106786807e-06
6.439488289301971236e+01 7.543812970876860708e-07
6.465391299315254514e+01 1.260549218371828899e-06
6.496474911331192459e+01 8.040684564994288208e-07
6.517197319341818229e+01 9.461089499806759979e-07
6.543100329355101508e+01 1.144230707332661701e-06
