Frequency Power
6.996631977048450857e-01 4.209598610660034712e-01
1.166105329508075217e+00 3.256893125541104883e-01
1.943508882513458547e+00 5.121546033388560404e-02
2.254470303715611745e+00 4.108378712148314654e-02
2.643172080218303410e+00 2.024234682618293590e-02
3.031873856720995519e+00 5.949420947613894006e-03
3.420575633223687184e+00 3.930638756178116838e-03
3.653796699125301917e+00 3.563597788487817084e-03
3.964758120327455337e+00 2.087020335060111361e-03
4.353459896830147002e+00 3.558062231145107251e-03
4.664421318032300867e+00 1.578318799887689283e-03
5.208603805136069020e+00 1.909981759281055829e-03
5.597305581638760685e+00 2.524423962976408281e-03
5.908267002840913662e+00 5.055078063309668230e-04
6.374709134644144015e+00 1.448281994284110388e-03
6.763410911146835680e+00 5.257114978907962951e-04
7.152112687649527345e+00 2.052367626071337822e-03
7.540814464152219010e+00 6.186104324095926307e-04
8.007256595955448475e+00 8.981406504401654497e-04
8.395958372458141028e+00 1.587545748401417113e-03
8.784660148960831805e+00 2.514959264034903955e-04
9.251102280764062158e+00 1.738703778120294623e-03
9.639804057266754711e+00 3.861514834264665515e-04
9.950765478468907688e+00 1.085684415561079426e-03
1.049494796557267584e+01 6.113236305945780619e-04
1.080590938677482882e+01 8.742560053837228860e-04
1.119461116327752137e+01 9.225223463614525953e-04
1.166105329508075172e+01 1.401646731865766006e-04
1.204975507158344250e+01 1.634676274964072615e-03
1.243845684808613505e+01 2.842009649421880254e-04
1.290489897988936541e+01 9.297100926041395675e-04
1.337134111169259398e+01 5.156015883542289149e-04
1.360456217759420916e+01 9.443887146006446067e-04
1.407100430939743951e+01 9.157080636893231247e-04
1.445970608590013207e+01 3.167499763865087121e-04
1.492614821770336064e+01 1.220248017369455866e-03
1.531484999420605320e+01 1.120101950462028690e-04
1.570355177070874575e+01 9.259629778419792723e-04
1.616999390251197610e+01 4.355612878537312477e-04
1.648095532371412730e+01 4.912425495163513919e-04
1.694739745551735766e+01 8.430492303563192095e-04
1.733609923202005021e+01 1.444687744399520541e-04
1.772480100852274276e+01 1.403029371234156778e-03
1.850220456152812432e+01 7.753243544929773771e-04
1.896864669333135467e+01 2.483156190026796634e-04
1.927960811453350942e+01 4.124673939867002184e-04
1.974605024633673978e+01 6.542613084159401961e-04
2.013475202283942878e+01 1.096226564825929792e-04
2.052345379934212133e+01 6.080892988874125665e-04
2.137859770764804423e+01 7.635446861623487345e-04
2.176729948415073679e+01 3.191766879172190196e-04
2.223374161595396714e+01 3.255560235198599536e-04
2.262244339245665614e+01 8.042990939702788968e-04
2.339984694546204125e+01 7.987514618248664315e-04
2.417725049846742280e+01 5.113023847510322949e-04
2.464369263027065315e+01 1.440719655950180973e-04
2.503239440677334571e+01 3.309881607367291530e-04
2.542109618327603826e+01 6.304028646241143429e-04
2.627624009158195761e+01 5.950744192562206847e-04
2.697590328928680492e+01 5.857405911004727808e-04
2.744234542109003527e+01 1.961943993223197707e-04
2.783104719759272783e+01 2.707518033881507204e-04
2.829748932939595463e+01 5.158247992476284885e-04
2.907489288240133973e+01 6.360366853568815782e-04
2.985229643540672129e+01 5.102463053852119169e-04
3.039647892251049299e+01 3.019625883629068635e-04
3.062969998841210639e+01 2.530264639630782427e-04
3.109614212021533675e+01 4.738753616186065993e-04
3.195128602852125965e+01 6.362633314413383267e-04
3.272868958152664476e+01 3.831623211879188603e-04
3.342835277923148851e+01 3.043463364951460269e-04
3.397253526633525667e+01 3.940109698301204853e-04
3.436123704283794922e+01 8.339185082297252932e-05
3.474993881934064177e+01 4.108786693099853566e-04
3.521638095114386857e+01 5.123466429612392531e-05
3.552734237234601977e+01 3.164589498423587763e-04
3.599378450414925368e+01 1.611444139656442081e-04
3.638248628065194623e+01 1.996215551542591027e-04
3.684892841245517303e+01 3.606206368591428684e-04
3.715988983365732423e+01 2.029998760425815883e-04
3.754859161016001678e+01 3.105448711807718364e-04
3.809277409726378494e+01 2.603115471758545547e-05
3.840373551846594324e+01 3.649262722429423371e-04
3.887017765026917004e+01 2.100498801346833901e-04
3.925887942677186260e+01 1.385016310059766851e-04
3.972532155857508940e+01 2.120515100011983295e-04
4.042498475627994026e+01 2.034495399593534844e-04
4.089142688808316706e+01 1.153995263679488555e-05
4.128012866458585961e+01 2.528726408434280341e-04
4.174657079638908641e+01 1.002528917043493586e-04
4.205753221759124472e+01 1.421971136367253762e-04
4.252397434939447152e+01 2.468239316018149151e-04
4.322363754709931527e+01 1.457132901486104658e-04
4.369007967890254918e+01 2.584908534431276244e-05
4.407878145540524173e+01 2.196567926656563241e-04
4.454522358720846853e+01 7.176325117318885292e-05
4.485618500841061973e+01 1.246290474510211013e-04
4.532262714021385364e+01 2.583146221746802592e-04
4.610003069321923874e+01 1.217785785181533842e-04
4.648873246972193130e+01 6.727284303773818587e-05
4.687743424622461674e+01 2.162141197007937652e-04
4.734387637802785065e+01 7.222262528202032152e-05
4.773257815453054320e+01 8.961576335576031821e-05
4.812127993103323575e+01 1.853479460740220606e-04
4.850998170753592831e+01 5.642190317511740504e-05
4.897642383933915511e+01 2.213692511999571443e-04
4.936512561584184766e+01 2.427607969606667717e-05
4.975382739234454021e+01 6.042933852824401166e-05
5.014252916884723277e+01 4.607229677763970366e-05
5.053123094534992532e+01 1.133867479715466262e-04
5.099767307715315212e+01 8.620110030189486545e-05
5.138637485365584467e+01 3.619698064522336770e-05
5.177507663015853723e+01 1.873291026793811329e-04
5.216377840666122978e+01 4.911152071043535945e-05
5.270796089376499793e+01 1.186158530590970502e-04
5.301892231496714913e+01 3.884095273851444538e-05
5.340762409146984169e+01 3.757700849696143138e-05
5.379632586797253424e+01 3.161617910619787369e-05
5.426276799977576104e+01 9.424891225998431956e-05
5.457372942097791224e+01 1.006845890331746669e-04
5.511791190808168750e+01 2.043029361566468550e-05
5.550661368458437295e+01 2.159509572762715208e-05
5.581757510578653125e+01 4.109395324566187708e-05
5.612853652698868245e+01 4.239151152609078698e-05
5.643949794819083365e+01 2.864121230719451875e-05
5.675045936939299196e+01 1.283799762512089099e-05
5.706142079059514316e+01 6.569314664414049800e-05
5.768334363299945267e+01 3.903233769732940484e-05
5.799430505420160387e+01 6.960780127340281185e-05
5.830526647540375507e+01 2.027899210891851819e-05
5.861622789660590627e+01 7.466143778033805848e-05
5.892718931780806457e+01 4.228420012999402865e-05
5.923815073901021577e+01 6.033524546622170070e-05
5.954911216021236697e+01 6.749811121821285844e-05
5.993781393671505953e+01 5.822753294095363958e-05
6.009329464731613513e+01 2.443103436778326090e-05
6.048199642381882768e+01 4.759225034574864901e-05
6.079295784502098599e+01 1.179888575200234370e-04
6.110391926622313719e+01 1.106198482037521582e-05
6.141488068742528839e+01 7.511746927205351369e-06
6.172584210862743959e+01 9.552576024690487624e-05
6.234776495103174909e+01 1.185572644980988755e-05
6.265872637223390029e+01 7.958085367890384656e-05
6.296968779343605860e+01 3.185326153667399920e-05
6.359161063584036100e+01 1.695050144975398306e-04
6.390257205704251930e+01 4.438661572147711176e-05
6.452449489944682171e+01 1.075104869734426011e-04
6.545737916305328952e+01 1.290631474792676566e-04
6.576834058425544072e+01 2.989296382565408169e-05
6.615704236075812616e+01 3.210674151438774123e-05
6.662348449256136007e+01 1.099337337424958452e-04
6.701218626906404552e+01 8.871737344867249988e-06
6.740088804556674518e+01 1.370750560534780057e-04
6.786733017736996487e+01 5.327672011428917205e-06
6.825603195387266453e+01 1.572157435563226245e-04
6.864473373037534998e+01 1.415544398530091589e-05
6.918891621747911813e+01 1.108564059782635771e-04
7.019954083638612019e+01 9.344175112485181246e-05
7.105468474469203954e+01 3.396628875148816431e-04
7.152112687649527345e+01 6.227677658322899542e-05
7.183208829769742465e+01 1.733538152055134234e-04
7.229853042950065856e+01 2.222873448104814044e-04
7.307593398250604366e+01 3.915840039211571240e-04
7.385333753551142877e+01 3.239013551592411833e-04
7.470848144381734812e+01 2.138561886741553535e-04
7.509718322032003357e+01 2.930052515457742183e-04
7.595232712862595292e+01 4.065043011235593248e-04
7.672973068163133803e+01 3.818499543991607449e-04
7.727391316873510618e+01 2.188172005414735935e-04
7.750713423463672314e+01 2.476843622599279697e-04
7.797357636643995704e+01 3.850181514456184079e-04
7.875097991944534215e+01 6.271718827995995246e-04
7.960612382775126150e+01 5.691361850068103615e-04
8.030578702545611236e+01 2.615693934287885870e-04
8.077222915725933206e+01 2.957010402021423897e-04
8.116093093376203171e+01 8.219469303717019280e-05
8.162737306556525141e+01 6.252834675440084155e-04
8.248251697387118497e+01 6.658855917391776893e-04
8.318218017157602162e+01 5.219835179687752451e-04
8.364862230337925553e+01 5.318056231037480638e-04
8.442602585638464063e+01 7.824115851837639682e-04
8.528116976469055999e+01 1.068816433180486483e-03
8.605857331769594509e+01 5.443733544835890892e-04
8.660275580479971325e+01 8.081123347062401990e-04
8.722467864720401565e+01 9.047913418502113916e-04
8.807982255550993500e+01 1.550261695527921108e-03
8.893496646381586856e+01 8.090558094405808989e-04
8.940140859561908826e+01 1.196222622614088798e-03
9.017881214862447337e+01 1.590523754298630221e-03
9.087847534632932422e+01 1.811608263421740942e-03
9.173361925463524358e+01 2.269122605070163830e-03
9.220006138643847748e+01 1.438038446600597205e-03
9.297746493944386259e+01 4.847400206922724587e-03
9.468775275605570130e+01 3.745034011332517426e-02
9.530967559846000370e+01 4.911352990751798736e-02
9.585385808556377185e+01 4.592378332124246593e-02
9.663126163856915696e+01 6.093774616071927219e-02
9.857477052108261262e+01 1.321222060534762901e-03
9.904121265288584652e+01 5.459674709904304910e-03
1.007515004694976852e+02 2.356839844295496866e-02
1.019176057990057700e+02 4.176327918030259267e-02
1.026172689967106066e+02 4.341953128503289738e-02
1.038611146815192257e+02 4.299998258732327244e-02
1.047162585898251450e+02 2.595896218620586185e-02
1.058823639193332156e+02 5.639748397501670452e-03
1.063488060511364495e+02 5.490504460395098348e-04
1.067375078276391491e+02 4.821277731441686414e-03
1.070484692488413003e+02 2.496614871990785432e-03
1.075926517359450685e+02 6.841314237081976696e-03
1.079813535124477539e+02 1.226526508968971488e-02
1.084477956442509878e+02 1.044329203388642824e-02
1.089142377760542217e+02 2.033301631920989352e-02
1.093029395525569072e+02 1.825408255674474886e-02
1.096916413290595926e+02 1.290731821877061369e-02
1.101580834608628265e+02 1.189045053353158729e-02
1.106245255926660604e+02 7.765751697548312939e-03
1.110909677244692944e+02 7.137432052799758467e-03
1.116351502115730625e+02 1.501709573008081292e-02
1.120238519880757480e+02 1.681765107290341538e-02
1.124902941198789819e+02 1.734529288466378841e-02
1.128789958963816673e+02 1.727019336279071379e-02
1.133454380281849012e+02 1.316345831451840726e-02
1.137341398046875867e+02 8.474562652998781503e-03
1.142005819364908206e+02 4.904142220941338365e-03
1.145892837129935202e+02 3.807930106715299093e-03
1.149779854894962057e+02 3.567121370087869558e-03
1.153666872659989053e+02 1.277490238776733027e-03
1.158331293978021250e+02 4.076492129163560192e-03
1.161440908190042762e+02 3.876940144078826287e-03
1.165327925955069759e+02 2.266776890010764166e-03
1.170769750826107440e+02 3.183250522587997931e-03
1.174656768591134295e+02 8.366429329116702521e-03
1.178543786356161291e+02 1.973313449964309019e-02
1.182430804121188146e+02 2.790597104424797845e-02
1.185540418333209658e+02 4.323854742385174754e-02
1.189427436098236655e+02 5.263086926905674590e-02
1.192537050310258167e+02 4.152349346765841359e-02
1.196424068075285021e+02 3.003762313835773787e-02
1.205752910711349699e+02 3.642634964310884765e-02
1.209639928476376554e+02 5.491476178293285687e-02
1.212749542688398066e+02 5.341153716898870696e-02
1.215859156900419720e+02 4.660974708031589281e-02
1.219746174665446574e+02 2.649325110189077598e-02
1.223633192430473429e+02 1.788242540420409768e-02
1.227520210195500425e+02 6.705618952642590676e-03
1.232962035066538107e+02 2.442408061946240751e-03
1.236849052831564961e+02 6.304660858550697675e-03
1.240736070596591958e+02 4.391572918913367110e-03
1.243845684808613470e+02 3.488024335292201714e-03
1.249287509679651151e+02 3.617316453261677518e-03
1.252397123891672663e+02 4.801951065081798073e-03
1.257061545209705002e+02 2.929340898753337707e-03
1.260948562974731857e+02 2.578181000705689115e-03
1.264835580739758853e+02 5.671818196691433452e-03
1.268722598504785708e+02 2.947876317089369400e-03
1.273387019822818047e+02 3.242060485873407213e-03
1.278051441140850386e+02 4.387687336669917129e-03
1.281161055352871756e+02 8.368955427505778144e-03
1.289712494435931092e+02 2.048295325150431209e-02
1.294376915753963431e+02 2.085356598542715406e-02
1.302150951284017140e+02 9.324375255477808377e-03
