Frequency Power
1.224871269904506954e-01 1.007062435533226802e-01
2.078830817232296957e-01 3.271300899155814984e-02
2.924164510546675144e-01 2.194994872461075025e-02
3.769498203861053054e-01 1.165305117858921567e-02
4.649335313229078781e-01 1.242151158445971987e-02
5.382532904369100590e-01 7.942365937329191536e-03
6.253744159723715335e-01 1.017194960008087345e-02
7.099077853038092689e-01 9.330917258566029035e-03
7.944411546352471154e-01 1.603419703509191205e-02
8.798371093680260602e-01 2.982243706740952960e-02
9.980113093517707368e-01 5.574806429273903019e-01
1.117048094736856623e+00 1.598747122347883576e-02
1.203306634870976888e+00 4.165880086420568895e-03
1.286114833399732316e+00 1.859892658801997473e-03
1.374098544336534777e+00 6.456516776201125978e-04
1.450868645055901851e+00 5.228549477687747084e-04
1.601821090290612259e+00 1.910993874581825842e-04
1.718270119471674517e+00 9.636153587465670894e-05
1.787276951578970596e+00 1.820573535717111703e-04
1.879573589522479216e+00 2.017534539328594886e-03
2.004648472716953567e+00 5.327583619251213126e-02
2.121960087299357145e+00 5.818852806684361029e-03
2.208218627433477188e+00 1.249947131745533704e-03
2.293614582166256355e+00 1.871714710976176820e-03
2.378147951497694201e+00 4.230049305454955215e-04
2.461818735427790727e+00 1.162622843583547292e-03
2.546352104759228574e+00 2.610326259795583536e-04
2.630885474090666420e+00 9.329028025999462409e-04
2.713693672619421626e+00 2.669841683317599932e-04
2.797364456549518152e+00 1.023899788327389034e-03
2.881897825880955999e+00 6.612807348112132713e-04
2.993171342653971223e+00 1.227189654649798491e-02
3.099269347018938969e+00 1.888847449160197943e-04
3.222619059410730902e+00 1.818923675004850259e-04
3.405487164495065500e+00 1.614817376704308642e-04
3.571103561552576355e+00 1.561954613985701800e-04
3.716880494379239508e+00 2.125901543044587461e-04
3.791062838894582843e+00 3.375554647885901731e-04
3.879909135232726847e+00 1.315440387032971612e-03
3.999808506019153942e+00 3.085245634484532276e-02
4.118845291404239717e+00 2.611065783942062395e-03
4.208554173143724597e+00 4.086559652030515000e-04
4.290499786271139371e+00 7.649959220857145085e-04
4.381071253411965571e+00 6.984511689145207693e-05
4.461291695736696816e+00 4.406446954147247926e-04
4.547550235870817303e+00 8.781744575427780165e-06
4.633808776004937791e+00 2.858722958997788580e-04
4.852905467945602958e+00 1.774273973289266712e-04
5.011621181792383695e+00 1.676702526724197862e-03
5.128070210973445953e+00 5.979473956301785062e-04
5.216053921910249080e+00 1.102294925492012183e-04
5.301449876643027359e+00 2.719540081158560016e-04
5.387708416777147846e+00 1.120200248436185783e-04
5.469654029904562620e+00 1.794090090024208820e-04
5.557637740841364860e+00 1.279248052004214927e-04
5.633545256159390391e+00 1.448412618204837415e-04
5.723254137898875271e+00 1.472352030980601074e-04
5.796573897012877730e+00 2.133201517470623685e-04
5.882832437146998217e+00 3.591967653668354959e-04
5.997556295525377834e+00 8.286222470915673849e-03
6.112280153903757451e+00 6.168654116117486697e-04
6.273583623954562150e+00 2.201388439374248930e-04
6.434024508604026416e+00 1.592324143691681109e-04
6.598778320260195507e+00 1.138341712837098664e-04
6.679861347986268960e+00 7.791722377342813846e-05
6.767845058923071200e+00 6.913462482708939327e-05
6.872217892485356749e+00 4.015332261896519483e-04
7.001605702686537036e+00 6.836294142772429000e-03
7.122367658874305008e+00 1.102097536774525885e-03
7.210351369811108135e+00 8.071916279131684181e-05
7.298335080747910375e+00 3.927843625929870199e-04
7.376830352269959867e+00 4.753885901975136600e-05
7.470852161016151349e+00 2.318687711036321829e-04
7.539858993123447206e+00 6.431434453224871295e-05
7.643369241284391435e+00 1.544257376912525656e-04
7.713238658793028613e+00 8.139183684625281030e-05
7.815023736151290201e+00 1.006960152265491741e-04
7.883167982857245626e+00 8.429670486153169806e-05
7.993578914228919530e+00 1.147667941973774239e-04
8.059997990132192314e+00 1.822308301464127880e-04
8.235102826604455473e+00 1.428567436858778697e-04
8.406757321471355127e+00 1.346955307002001181e-04
8.576686645535572140e+00 1.214659516397817505e-04
8.743165627994423872e+00 9.549250883387642779e-05
8.877728950603652081e+00 2.479052705558457722e-04
8.999353492192760484e+00 4.878675172589089573e-03
9.118390277577846703e+00 7.263635556781394050e-04
9.213274671725379505e+00 3.064191690680413135e-05
9.293495114050111638e+00 2.640623022912108554e-04
9.469462535923716118e+00 1.625526669772538071e-04
9.668719763633534470e+00 1.247483953998762172e-04
9.863664064336646220e+00 2.187261983653476457e-04
1.000081514314989661e+01 1.514642213542788125e-03
1.012675261174571162e+01 3.066447865620998631e-04
1.021732407888653782e+01 9.470686803669690825e-05
1.030617037522468138e+01 9.626549873434689895e-05
1.038984115915477879e+01 9.802107691292051984e-05
1.047955004089426367e+01 4.376922735915182385e-05
1.056149565402167845e+01 1.015841144724425335e-04
1.064516643795177409e+01 1.931746384353497705e-05
1.073228756348723500e+01 9.775646715079146969e-05
1.089186586273535795e+01 8.486936162088218165e-05
1.099882645250166746e+01 7.672557824943530575e-04
1.110061152985992905e+01 1.974319878841645278e-04
1.126277758531207596e+01 1.129524808276289184e-04
1.143098173857361033e+01 8.311324985808295597e-05
1.160004847723648602e+01 5.433022440432474940e-05
1.167940633415987506e+01 7.443495308147815863e-05
1.176911521589935994e+01 2.936047294139670146e-05
1.186658736625091670e+01 2.160478791764019275e-04
1.199856293265612095e+01 2.637572432626350029e-03
1.212277523044925331e+01 4.646224237571464359e-04
1.220730859978069205e+01 4.375322271173182770e-05
1.230305557932956440e+01 1.511046541856203834e-04
1.248419851361121680e+01 8.275363148974374168e-05
1.270588296175590592e+01 7.659539586209120239e-05
1.287322452961609898e+01 8.700661205824887783e-05
1.299312390040252652e+01 2.079378374634547016e-04
1.323464781277806246e+01 9.119724929688328172e-05
1.340802747844764475e+01 7.930914629739989005e-05
1.357881938791320309e+01 6.524263658880342302e-05
1.374874871197742010e+01 4.545909707268876762e-05
1.387037325356652850e+01 7.351983485522924468e-05
1.399803589296502615e+01 1.117488335582106623e-03
1.411879784915279501e+01 2.600056083505513055e-04
1.429994078343444741e+01 9.904335479026911079e-05
1.449919801114426576e+01 7.425551683853801781e-05
1.468551645783396431e+01 8.832557659539829104e-05
1.477436275417210787e+01 8.232150681725042271e-06
1.486493422131293407e+01 1.606817827091126946e-04
1.499432203151411436e+01 1.363923590148559319e-03
1.512457242711663596e+01 1.578526593113327621e-04
1.521859423586282745e+01 6.550042019538166989e-05
1.530916570300365365e+01 3.138329929567421658e-05
1.539197390153240974e+01 6.097695588402096451e-05
1.556449098180064894e+01 5.733806111210535176e-05
1.573700806206888991e+01 5.007206860885890076e-05
1.590434962992908297e+01 3.011727866763526227e-05
1.607945446640134790e+01 7.953247645769726741e-05
1.625628447367629548e+01 4.489179468969739685e-05
1.632270354957956471e+01 2.375502853592781729e-05
1.642880155394453467e+01 2.991420830583718427e-05
1.650298389845987757e+01 3.442910721786750385e-05
1.659873087800875169e+01 1.750129937718545385e-05
1.668153907653750778e+01 5.139532275079571928e-05
1.677124795827699089e+01 1.296016358414732450e-05
1.686268201081916018e+01 1.132473245457399412e-04
1.699465757722436265e+01 1.213901143919509642e-03
1.712318280202420340e+01 1.802673631899040551e-04
1.720599100055295594e+01 3.091546855808460288e-05
1.731036383411524326e+01 4.891054264368299671e-05
1.753463603846395458e+01 4.040654510625005437e-05
1.770456536252817159e+01 4.311076116187149342e-05
1.787104434498702332e+01 5.925301677234686793e-05
1.798749337416808558e+01 6.053098536856835058e-04
1.823333021355032812e+01 3.886469411554097016e-05
1.832303909528981478e+01 1.591789452200095241e-06
1.840843505002259306e+01 3.034931738108520257e-05
1.849555617555805398e+01 4.889360904321669013e-06
1.858095213029083226e+01 2.243599825479284467e-05
1.866893584122763627e+01 1.085854328822995907e-05
1.875346921055907501e+01 1.357633862592130648e-05
1.885266653171331086e+01 2.378176834780105128e-05
1.899671829373729182e+01 1.947941766303836104e-04
1.911834283532640200e+01 6.362955065901663195e-05
1.933485177106304320e+01 3.219067500244999358e-05
1.951426953454201296e+01 3.649046593551252826e-05
1.960139066007747388e+01 6.395350721404736130e-06
1.968937437101427790e+01 4.544397936608336719e-05
1.977477032574705618e+01 2.457774984291963757e-05
1.986620437828922547e+01 8.661257065436003247e-05
1.998955409068101474e+01 1.099792026050590982e-03
2.012239224248756031e+01 7.850118038270538110e-05
2.021813922203643443e+01 2.832488713004820228e-05
2.030957327457860373e+01 1.023443956289163172e-05
2.039324405850869937e+01 2.273121271703412147e-05
2.048640328185354775e+01 3.115616649513187209e-06
2.056748630957962121e+01 1.943197478953756561e-05
2.074776665845993406e+01 1.591312753789976794e-05
2.088664290807586710e+01 5.964200111463534210e-06
2.098411505842742386e+01 1.419645893032596309e-04
2.107554911096958961e+01 2.654148687552596156e-05
2.117043350511712063e+01 8.869013768083865675e-06
2.125324170364587673e+01 1.266704085148356695e-05
2.133863765837865500e+01 1.276337463497137543e-05
2.142489619851277638e+01 8.744589185049488048e-06
2.150942956784421511e+01 1.710808055270674684e-05
2.159655069337967603e+01 7.563587962285186728e-06
2.168367181891513695e+01 2.318755226444208363e-05
2.177079294445059787e+01 1.375668041341893141e-05
2.186136441159142407e+01 4.479626552180000461e-05
2.198902705098992172e+01 5.249597061841578894e-04
2.212272778819781038e+01 5.247805976084742897e-05
2.220726115752924557e+01 1.219090584260194423e-05
2.236252652977066191e+01 1.247399881684633188e-05
2.253073068303219628e+01 1.377237811649558233e-05
2.259973751513949480e+01 1.092700392208897084e-05
2.269893483629373065e+01 1.655846088305235048e-05
2.277915527861846456e+01 3.031726923944383440e-05
2.286886416035794767e+01 3.684608338381149893e-05
2.298617577494035302e+01 7.552337244892860660e-04
2.311470099974019021e+01 3.456619875451751749e-05
2.323115002892125247e+01 8.203895323570584689e-06
2.332172149606207867e+01 4.368036024043015469e-06
2.340970520699888269e+01 6.080285311421381756e-06
2.349682633253434361e+01 4.920408592146052382e-06
2.358222228726712189e+01 4.621897800972818420e-06
2.366848082740124326e+01 6.127713612215912553e-06
2.375387678213402154e+01 3.256234989403831879e-06
2.384358566387350820e+01 7.883544979627188715e-06
2.398936259670017179e+01 5.023677323310485724e-06
2.408338440544635972e+01 1.527271917478451239e-05
2.417395587258718592e+01 8.412560629488235664e-06
2.426107699812265039e+01 8.354737154351665759e-06
2.434733553825676822e+01 9.538082217634467034e-06
2.443186890758820695e+01 9.649006863466111516e-06
2.451985261852501097e+01 1.115224256111669260e-05
2.460352340245510661e+01 1.469250569545442508e-05
2.469150711339190707e+01 1.505793550081110932e-05
2.477690306812468890e+01 3.267490423502476018e-05
2.486574936446283246e+01 3.692152548350378455e-05
2.498478614984791690e+01 7.407987860074702422e-04
2.511848688705580201e+01 4.396138959774323503e-05
2.521768420821004142e+01 4.885663439651611980e-06
2.530825567535086762e+01 7.272685039653655636e-06
2.539537680088632854e+01 2.846552457005256053e-06
2.548422309722447210e+01 4.617712279729897638e-06
2.555926802714115809e+01 2.339687327068793581e-06
2.563862588406454890e+01 4.236190492185310495e-06
2.569469393515172584e+01 4.750598604500134317e-06
2.579044091470059996e+01 1.056419497583507421e-05
2.587066135702533032e+01 1.491424650578311489e-05
2.598711038620639258e+01 3.153574856266142218e-04
2.610183424458477575e+01 2.965727003010994712e-05
2.617429141829743600e+01 3.856732216590736697e-06
2.626227512923423646e+01 9.369045107225056483e-06
2.634335815696030991e+01 3.806246387151217724e-06
2.642875411169308819e+01 8.650669901100380190e-06
2.651415006642587002e+01 3.956232822696296840e-06
2.659868343575730520e+01 1.020094151875119125e-05
2.668666714669410922e+01 4.719975567829854811e-06
2.677120051602554796e+01 1.550110411086307448e-05
2.686177198316637416e+01 9.803557306302679986e-06
2.697994618315011905e+01 1.670559011883607984e-04
2.711105916415398198e+01 1.339898764169686958e-05
2.727408780500746843e+01 6.689591425937269058e-06
2.744229195826900281e+01 8.262123510246096109e-06
2.751992464438971098e+01 4.704662387395943082e-06
2.761222128233321982e+01 1.189923045131059254e-05
2.769416689546063282e+01 9.099996165139965918e-06
2.778301319179877638e+01 2.571533799791113361e-05
2.786754656113021511e+01 2.955789833730718301e-05
2.798485817571261691e+01 6.589430518290265810e-04
2.811079564430843192e+01 5.234745458558546805e-05
2.829021340778740523e+01 6.940002970189793845e-06
2.842305155959394725e+01 2.637566094091626087e-06
2.849637131870795059e+01 3.165857090698997879e-06
2.857831693183536359e+01 2.937676265083387041e-06
2.873185713327409729e+01 3.346529803429380764e-06
2.888280957850880881e+01 5.967930111727913569e-06
2.899322050988048360e+01 4.136797050928835016e-05
2.909673075804142783e+01 2.529000303898782032e-05
2.918385188357688875e+01 7.305990304191890014e-07
2.926752266750698439e+01 1.470539801626494794e-05
2.935205603683842313e+01 9.353206526557385199e-07
2.943745199157120140e+01 1.404993587224064931e-05
2.952112277550130059e+01 1.909575975164747155e-06
2.960824390103676151e+01 1.586937659490308584e-05
2.969191468496685715e+01 4.478355219433168893e-06
2.977989839590366117e+01 2.466644954512842153e-05
2.986529435063643945e+01 1.614495208046145956e-05
2.998174337981750170e+01 3.811121823756839105e-04
3.011113119001868199e+01 2.932889552441984878e-05
3.030607549072179197e+01 6.311431494431976999e-06
3.051913408485307144e+01 5.472976615734974226e-06
3.069855184833204120e+01 8.890376420158299501e-06
3.078912331547286740e+01 5.342918324223849735e-06
3.087020634319893730e+01 2.285575959644757746e-05
3.098751795778134266e+01 3.849268455906019407e-04
3.110655474316642710e+01 6.279036896456773389e-05
3.119022552709652629e+01 2.560993017059351808e-07
3.127303372562527883e+01 1.759797767065172282e-05
3.143778753728145148e+01 1.207464764522226686e-05
3.160512910514164275e+01 1.053336189732614662e-05
3.177505842920585977e+01 1.008893918504781441e-05
3.185269111532656794e+01 5.628363182347775883e-07
3.196137687589556009e+01 2.019889761361676151e-05
3.206833746566186960e+01 1.529453430258909699e-05
3.227277020577973587e+01 7.786708233476566179e-06
3.235299064810446623e+01 3.690156556127219059e-06
3.244614987144931462e+01 6.755007512121910755e-06
3.252464514297136589e+01 5.849460157969468023e-06
3.261607919551353518e+01 6.886170129895450818e-06
3.269629963783826554e+01 9.831143311808009159e-06
3.278514593417640555e+01 1.283406614227914466e-05
3.286795413270516519e+01 2.545689239929895627e-05
3.298440316188622745e+01 4.433404767623140563e-04
3.310689028887667718e+01 6.035231489866609684e-05
3.327768219834223373e+01 1.223307246823585410e-05
3.343726049759035845e+01 5.595002789045370114e-06
3.357441157640360530e+01 3.592178055214262286e-06
3.371242524061820234e+01 3.979027459164194071e-06
3.387286612526766305e+01 7.842957631269809914e-06
3.399190291065274749e+01 1.432699177894908229e-04
3.410576418362978757e+01 4.417184946984178652e-05
3.419892340697463595e+01 2.780952676988654312e-06
3.427655609309534412e+01 1.615764788711286022e-05
3.436281463322946905e+01 2.702165181770077408e-06
3.444562283175822159e+01 1.107287662924837392e-05
3.452756844488563814e+01 3.470837015724581200e-06
3.461468957042109906e+01 9.129596564182764764e-06
3.469491001274582942e+01 4.939983168554240827e-06
3.478461889448531252e+01 9.984352025324341197e-06
3.486570192221138598e+01 9.704206703124723535e-06
3.498042578058976915e+01 1.239831016101141845e-04
3.509169929736277993e+01 2.052825266394267943e-05
3.524265174259749500e+01 5.244140335643852399e-06
3.537290213820001128e+01 4.760376520187354096e-06
3.553420560825081509e+01 6.076955016902353398e-06
3.570068459070967037e+01 8.612742651151366862e-06
3.578694313084378820e+01 2.136974379862037243e-06
3.586888874397120475e+01 1.998285907022428215e-05
3.598706294395494609e+01 3.654357837429491750e-04
3.610696231474137363e+01 7.491348506552892781e-05
3.619322085487549856e+01 9.707340039533712368e-07
3.627947939500961638e+01 1.925362897034283620e-05
3.644940871907383695e+01 1.010688262087666874e-05
3.662106321394072950e+01 6.019964235435034353e-06
3.682377078325591668e+01 3.793682097507274007e-06
3.701871508395903021e+01 3.236040516140227351e-05
3.720589611605007008e+01 7.969725216081927674e-06
3.727231519195333931e+01 4.226051949386972239e-06
3.737151251310758227e+01 7.076162060579348643e-06
3.744224451601755987e+01 2.322804296372967176e-06
3.753712891016508735e+01 7.179721986488465242e-06
3.761562418168713862e+01 1.537991420371210004e-06
3.770188272182125644e+01 8.418393667439570024e-06
3.778641609115269517e+01 3.391407287661027593e-06
3.786922428968145482e+01 1.611315582632324281e-05
3.798394814805983088e+01 2.312932069664178905e-04
3.810298493344491533e+01 4.794388588484517477e-05
3.827636459911450117e+01 1.114493730051629030e-05
3.845923270419883266e+01 5.022593082592268400e-06
3.867315388373145169e+01 4.655333976465850049e-06
3.886033491582249155e+01 8.031869780661797203e-06
3.898972272602367184e+01 2.339786898302324348e-04
3.910962209681009938e+01 4.883222502914303406e-05
3.919846839314824649e+01 7.491589193048878521e-06
3.928472693328236431e+01 1.130765868715784535e-05
3.936667254640978086e+01 6.347961798214913174e-06
3.945724401355060706e+01 4.936883504969890410e-06
3.953487669967131524e+01 6.031341831629276849e-06
3.962889850841750672e+01 2.371764843758332447e-06
3.970308085293284961e+01 5.605880205594326660e-06
3.979710266167904109e+01 1.183461129529939920e-06
3.986869724999036180e+01 5.097517809272739971e-06
4.005415311127871547e+01 2.165696051438942767e-05
4.022753277694830132e+01 6.659059753079363940e-06
4.038883624699910513e+01 4.411537576228406633e-06
4.054323903383917838e+01 3.379135030224830694e-06
4.069591664987657254e+01 4.360958320638747382e-06
4.079252621482678620e+01 2.132952629671206436e-06
4.086498338853945000e+01 1.103862023017892933e-05
4.098574534472721353e+01 2.900740345351014238e-04
4.110736988631632727e+01 5.876973850686275860e-05
4.128678764979529348e+01 1.261816283925412358e-05
4.147828160889304172e+01 5.697144204133064531e-06
4.167581366580017743e+01 5.009881013372846685e-06
4.184574298986439089e+01 4.415739966311819353e-06
4.199410767889508378e+01 9.808860013996661227e-05
4.211141929347748203e+01 1.348575908406694433e-05
4.220802885842769570e+01 9.423333738010389961e-06
4.229083705695645534e+01 1.653555763076680914e-06
4.237795818249191626e+01 6.717322575790403167e-06
4.246249155182335500e+01 3.596174920444708656e-07
4.254616233575345063e+01 5.087239066048520818e-06
4.263242087588756846e+01 3.431004219635866267e-07
4.271091614740961973e+01 3.908707094875385740e-06
4.279544951674105846e+01 1.228443335179640370e-06
4.287049444665774445e+01 5.331914205332062649e-06
4.298349313423344142e+01 8.546368770141673241e-05
4.309735440721047439e+01 2.356326725601632656e-05
4.330092456192700467e+01 5.306202525818386149e-06
4.349328110642608891e+01 4.886940969674285261e-06
4.358298998816557202e+01 1.061606625440488897e-07
4.367011111370103293e+01 5.360503368970820148e-06
4.377534653266466336e+01 2.512555995324693164e-06
4.385211663338402843e+01 7.159013405898776294e-06
4.398581737059191710e+01 2.650863318660656503e-04
4.411002966838504591e+01 4.181576894911834686e-05
4.419973855012453612e+01 8.098272397778979529e-06
4.429031001726536232e+01 6.575907825883116463e-06
4.436966787418874958e+01 5.937802159629958760e-06
4.446714002454030634e+01 1.875160827177836631e-06
4.454132236905564923e+01 4.797676862477309799e-06
4.471556462012657107e+01 3.512170187328784705e-06
4.495105043469271777e+01 1.191094213527165090e-05
4.504075931643220798e+01 2.093692232379717490e-05
4.514168180838913003e+01 1.079697426375720304e-06
4.522449000691788257e+01 4.347597958687242826e-06
4.531333630325602257e+01 1.508701995442813778e-06
4.539528191638343912e+01 2.124035744730573937e-06
4.548499079812292223e+01 2.186362676093000900e-06
4.556348606964497350e+01 8.197448753816457383e-07
4.565923304919385117e+01 2.886228008274161647e-06
4.585331476449562160e+01 4.404321997244606577e-06
4.598442774549948098e+01 1.829351323400505217e-04
4.610691487248993070e+01 3.262489165185592454e-05
4.629409590458097057e+01 5.446070208229710857e-06
4.650801708411358959e+01 3.990221515514068261e-06
4.668053416438183234e+01 3.620737383078590779e-06
4.676161719210790579e+01 5.653363675399705952e-06
4.685132607384738890e+01 3.759754676208864668e-06
4.698243905485125538e+01 1.639608638934395544e-04
4.711355203585511475e+01 2.102293272521377920e-05
4.720843643000264933e+01 5.593261362144378999e-06
4.729555755553811025e+01 3.687291835823779317e-06
4.738181609567222807e+01 3.238191938767472363e-06
4.746807463580634590e+01 2.124415655745330630e-06
4.755347059053912773e+01 1.913174449015764676e-06
4.763886654527190956e+01 2.005996976093349786e-06
4.772339991460334119e+01 7.870076556134696153e-07
4.780793328393477992e+01 2.280159441762382951e-06
4.797786260799900049e+01 1.344240922101052155e-05
4.805635787952105176e+01 1.500217226875367118e-05
4.815037968826723613e+01 3.305950400762673814e-06
4.824008857000672634e+01 2.786975101925340669e-06
4.832548452473950107e+01 3.257174527297208561e-06
4.841001789407093980e+01 1.869154714935547340e-06
4.849886419040908692e+01 3.314774472624295626e-06
4.858253497433918255e+01 2.420683008893978637e-06
4.867224385607866566e+01 3.453063574513849810e-06
4.876367790862083496e+01 6.448118540063972226e-06
4.885079903415629587e+01 4.593860112025451129e-06
4.898191201516015525e+01 2.237101802092985312e-04
4.910957465455865645e+01 3.407185175405551026e-05
4.920187129250216174e+01 4.347638627759637922e-06
4.929071758884030885e+01 5.828560968834751240e-06
4.937438837277040449e+01 2.633942742232694066e-06
4.946150949830586541e+01 2.552857659165910444e-06
4.960297350412582063e+01 2.114241701414493443e-06
4.967801843404250661e+01 1.240303791519486044e-06
4.976945248658467591e+01 4.464175798929715274e-06
4.985139809971209246e+01 1.863637873324020904e-06
4.997043488509717690e+01 5.976951626529080854e-05
5.012138733033188487e+01 7.635357668482386909e-06
5.022576016389417219e+01 2.698893079775695509e-06
5.031115611862695403e+01 3.109093984371848101e-06
5.039827724416241495e+01 1.810318315806409991e-06
5.048453578429653277e+01 2.557883168682471422e-06
5.057079432443065059e+01 1.592830618009963988e-06
5.065705286456477552e+01 2.344111255104234595e-06
5.075452501491632518e+01 2.215317730704034660e-06
5.083215770103703335e+01 2.188381275692845877e-06
5.098224756087040532e+01 7.663748451412091367e-05
5.109524624844610230e+01 1.605034708315347824e-05
5.125223679149020484e+01 4.218588461868816207e-06
5.132296879440018245e+01 2.053877431955600883e-06
5.141871577394905302e+01 3.912604397201892200e-06
5.150411172868183485e+01 1.963303859157394425e-06
5.159037026881595267e+01 5.062638441254737144e-06
5.167749139435141359e+01 2.329172180319965383e-06
5.176547510528821761e+01 9.815413784958959139e-06
5.185345881622502162e+01 4.526398264777995562e-06
5.197594594321547135e+01 1.867219336518878613e-04
5.211137185122603910e+01 3.049768830757453427e-05
5.220798141617625276e+01 1.689537446414412113e-06
5.229769029791573587e+01 6.857970609164396209e-06
5.237877332564180932e+01 1.161854179353029525e-06
5.247365771978934390e+01 3.943741201765112041e-06
5.264876255626160884e+01 2.757800973563718341e-06
5.284543202776740145e+01 2.214835158556264970e-06
5.295756812994175533e+01 5.932725430590752216e-06
5.305935320730002047e+01 1.886271136972763338e-05
5.315682535765157724e+01 1.780193782079948703e-06
5.323963355618032978e+01 6.201392578526425477e-06
5.332934243791981999e+01 1.272354394471718193e-06
5.341128805104722943e+01 5.339827720609437525e-06
5.350099693278671253e+01 1.064167353772746847e-06
5.358466771671681528e+01 5.796135131623679609e-06
5.367351401305495529e+01 1.221470656692945944e-06
5.376149772399175930e+01 8.544867067023828087e-06
5.385120660573124240e+01 2.607437622116329080e-06
5.397628148892572142e+01 1.373595807634022509e-04
5.410739446992958079e+01 2.769336143493846371e-05
5.428853740421123319e+01 6.787581737548986786e-06
5.446795516769020651e+01 4.007573846866375541e-06
5.460769400270747553e+01 2.886301024238934137e-06
5.467670083481477405e+01 3.845726603728467313e-06
5.477244781436364462e+01 5.228957710289711046e-06
5.485439342749106117e+01 6.566447267734176791e-06
5.497170504207346653e+01 1.123802343805706071e-04
5.510281802307732590e+01 2.096024747854625085e-05
5.523306841867984929e+01 3.800960501335546048e-06
5.530466300699116999e+01 3.524381930320162331e-06
5.539868481573736148e+01 3.496953105395466736e-06
5.548753111207550148e+01 1.422036229479316595e-06
5.556861413980157494e+01 3.959576426496124981e-06
5.566349853394910951e+01 9.272150705618990229e-07
5.574285639087249677e+01 3.428263030083428299e-06
5.606115040396740312e+01 2.056795775209952331e-05
5.625005660686112918e+01 7.467351927342295823e-06
5.642257368712936483e+01 6.082718906621703533e-06
5.650106895865141610e+01 2.032533436000274624e-06
5.659509076739760758e+01 5.683692628102902902e-06
5.667617379512368103e+01 3.299593759953216625e-06
5.676760784766585033e+01 8.890615337706278198e-06
5.685300380239862506e+01 7.088526467847942193e-06
5.697204058778370950e+01 1.615954717358296258e-04
5.710746649579428436e+01 3.330931814147160443e-05
5.729982304029336859e+01 6.987924716128357595e-06
5.749821768260184740e+01 3.828990951859486865e-06
5.768971164169959565e+01 3.882522061432399281e-06
5.777424501103102727e+01 6.841249661013505384e-07
5.786050355116515220e+01 4.718919725746941731e-06
5.797263965333950608e+01 4.283699442088115787e-05
5.807356214529642813e+01 2.305554681325553548e-05
5.824349146936064159e+01 8.787365191081822929e-06
5.832888742409342342e+01 7.958691623486587423e-08
5.841428337882620525e+01 6.903182724912078983e-06
5.850054191896032307e+01 1.696991811303256650e-07
5.858680045909444090e+01 5.993654414517659014e-06
5.867133382842587963e+01 7.171855720736713885e-07
5.876104271016536273e+01 6.196148861281601990e-06
5.884988900650350985e+01 2.357176762723296940e-06
5.896978837728993739e+01 5.483315149018874903e-05
5.909917618749111767e+01 1.871914647345189248e-05
5.929843341520093247e+01 5.217972857722100629e-06
5.950545391152282093e+01 5.030298921691933316e-06
5.960637640347974298e+01 1.551919089194127478e-06
5.968228391879777206e+01 6.211759438896163404e-06
5.977285538593859826e+01 4.372640347365507633e-06
5.985652616986869390e+01 9.774992221326397429e-06
5.997125002824706996e+01 1.464954154117218527e-04
6.009718749684288497e+01 3.161819597595166804e-05
6.024555218587357786e+01 5.147062242862816837e-06
6.039995497271365110e+01 4.282504816929715830e-06
6.056902171137652857e+01 3.733717273553227512e-06
6.073981362084208513e+01 2.556973878717988475e-06
6.088127762666204035e+01 6.031934701985060137e-07
6.106328314634503585e+01 2.113751694600292556e-05
6.116506822370329388e+01 9.936221520683328980e-07
6.125218934923875480e+01 6.635627142011786500e-06
6.133327237696482825e+01 1.942450769422408624e-06
6.142556901490834065e+01 4.385430267030168956e-06
6.150578945723307100e+01 3.075547475665564589e-06
6.159808609517657629e+01 3.428723930735508012e-06
6.167916912290264975e+01 4.582255100107548956e-06
6.176887800464213996e+01 5.056981182370867192e-06
6.185427395937491468e+01 8.267230105463446941e-06
6.196899781775329785e+01 1.100994340865480423e-04
6.210183596955984342e+01 2.538969620623721940e-05
6.231661973449379843e+01 4.196058633066214807e-06
6.252191506001300780e+01 3.919439673028084576e-06
6.269356955487990746e+01 3.936705613215767104e-06
6.277551516800731690e+01 2.990096274219964931e-06
6.286091112274009873e+01 4.553222874454200719e-06
6.297390981031579571e+01 1.046318057757047537e-04
6.308777108329283578e+01 2.778991379660178659e-05
6.325079972414632579e+01 7.106319106511180680e-06
6.341900387740786016e+01 4.508722165830900743e-06
6.350267466133795580e+01 6.169479022335455010e-07
6.359152095767609580e+01 3.102411459723360946e-06
6.367087881459949017e+01 1.315829680940886793e-06
6.376490062334568165e+01 2.055496223532012937e-06
6.384770882187443419e+01 2.507319475708379301e-06
6.395898233864745208e+01 8.271682178139834422e-06
6.405645448899900884e+01 1.256790472003294170e-05
6.426520015612356929e+01 1.627193767160255465e-06
6.433938250063891928e+01 4.070047808153128088e-06
6.443512948018779696e+01 5.422126810961577414e-07
6.451448733711117711e+01 4.685807961506902279e-06
6.460074587724530204e+01 8.625831590105745809e-07
6.468700441737942697e+01 5.520528119182153543e-06
6.477240037211220169e+01 4.920056678755723105e-06
6.485865891224632662e+01 8.160639057423017535e-06
6.497079501442067340e+01 1.532525789162089052e-04
6.509500731221380931e+01 3.092533663116460029e-05
6.525717336766595622e+01 3.879523698588634609e-06
6.540381288589395581e+01 2.286829747168968547e-06
6.557460479535951947e+01 1.695959536490603718e-06
6.578938856029347448e+01 2.613000564657016081e-06
6.586874641721686885e+01 7.177526989179861424e-08
6.598088251939122983e+01 4.872088315182924279e-05
6.607921725514412969e+01 1.593692770473098219e-05
6.618272750330507392e+01 1.984832437145914414e-06
6.625690984782040971e+01 3.393802144190201418e-06
6.634489355875722083e+01 2.253807645704508659e-06
6.642856434268730936e+01 1.642210223092703363e-06
6.651309771201874810e+01 2.914597322805253722e-06
6.660021883755420902e+01 1.155215035541068745e-06
6.668388962148431176e+01 3.751267082523630900e-06
6.677014816161842248e+01 2.463604344306877171e-06
6.685813187255523360e+01 6.021270289082651318e-06
6.696595504772288621e+01 5.681462589139191856e-05
6.708930476011467192e+01 1.243170780060037552e-05
6.734549262431301031e+01 2.091861690443406907e-06
6.752232263158795433e+01 2.039947809070473398e-06
6.760599341551805708e+01 1.382027369159233439e-06
6.769138937025083180e+01 1.916421205955219100e-06
6.777851049578629272e+01 6.206144470682626738e-06
6.785873093811102308e+01 2.328485364884664588e-06
6.797345479648940625e+01 1.536109932675309292e-04
6.809249158187448359e+01 2.937349615692348709e-05
6.818996373222604745e+01 1.219267077406526498e-06
6.826242090593871126e+01 3.762568294976110770e-06
6.835126720227684416e+01 8.467087396837575210e-07
6.842889988839755233e+01 1.307531613026595548e-06
6.851170808692631908e+01 9.550714421315259309e-07
6.860400472486982437e+01 5.018151389419626510e-07
6.867646189858248817e+01 1.163096272816983774e-06
6.890504702993790431e+01 3.081564183379673255e-06
6.902667157152701805e+01 1.417479752977874773e-05
6.918193694376843439e+01 1.996796079978462766e-06
6.926129480069181454e+01 4.911622542969879982e-07
6.935014109702996166e+01 2.073988209472299927e-06
6.943639963716408658e+01 6.343522439573084805e-07
6.951920783569283913e+01 2.211081646099948206e-06
6.960460379042561385e+01 1.760123391002196707e-06
6.968913715975705259e+01 2.444943617426715101e-06
6.977539569989117751e+01 6.223553151537955709e-06
6.985992906922261625e+01 3.791003317271208370e-06
6.996947741519294084e+01 1.274887177073588044e-04
7.009282712758474077e+01 2.158689865820516573e-05
7.026879454945834880e+01 1.562083128115119017e-06
7.047926538738559543e+01 6.211897745222595974e-07
7.063108041802165360e+01 1.006863626242159548e-06
7.078634579026306994e+01 3.535755041489501143e-06
7.097697716395947509e+01 9.659916465067513471e-05
7.109342619314053024e+01 2.016924661372741109e-05
7.118831058728805772e+01 1.988240491622159149e-06
7.126853102961280229e+01 2.704098899554064160e-06
7.135478956974691300e+01 1.405379893101692590e-06
7.143759776827566554e+01 1.148267917041986641e-06
7.152213113760710428e+01 1.336339884857330184e-06
7.160493933613587103e+01 1.038989524370726027e-06
7.169292304707266794e+01 1.401298977820352286e-06
7.177055573319337611e+01 1.966635361302780179e-06
7.195687417988307288e+01 1.750269041361985956e-05
7.203105652439842288e+01 1.159362510113151430e-05
7.214060487036874747e+01 7.793968442652199827e-07
7.221823755648945564e+01 2.596570412816502044e-07
7.231398453603833332e+01 5.150741389797210238e-07
7.245631112725962453e+01 8.493067313641410786e-07
7.261416425570507727e+01 2.151924167669007153e-06
7.277891806736124636e+01 7.168431969370214467e-06
7.285568816808060433e+01 6.056956809084493773e-07
7.297213719726167369e+01 1.582035803396632234e-04
7.309376173885077321e+01 2.966859327968548500e-05
7.318778354759696470e+01 1.188775911171384330e-06
7.326972916072438125e+01 2.897065472212052872e-06
7.335512511545717018e+01 6.925271784116859133e-07
7.343707072858457252e+01 5.829562390795021310e-07
7.352764219572540583e+01 5.377045701298802320e-07
7.373983820445533865e+01 1.061420638641796887e-06
7.381574571977336063e+01 2.101303055043857375e-07
7.399085055624563267e+01 2.807389506267269825e-05
7.409522338980791289e+01 9.651445267877132713e-06
7.419528329636349895e+01 8.109398432699316594e-07
7.427722890949090129e+01 2.642157711271984713e-06
7.436176227882234002e+01 3.458838058898242671e-07
7.444629564815377876e+01 2.204219942608753396e-06
7.452651609047850911e+01 2.100851721322747099e-07
7.461277463061263404e+01 2.736527838504727822e-06
7.469213248753602841e+01 1.933493470475442318e-07
7.477925361307148933e+01 5.446781851225450959e-06
7.496902240136655848e+01 7.468208156542863359e-05
7.507943333273823328e+01 1.356128393244521219e-05
7.523556129038098561e+01 1.090023618560776533e-06
7.531319397650169378e+01 4.730948619373276794e-07
7.539772734583313252e+01 6.773250808985334877e-07
7.548657364217127963e+01 4.380959713078493418e-07
7.557455735310807654e+01 9.576633595127968391e-07
7.564701452682074034e+01 4.353766647870863016e-07
7.576777648300850387e+01 3.552386525946771291e-06
7.597307180852770614e+01 1.194707328256807327e-04
7.609728410632084206e+01 3.277074528753164020e-05
7.619130591506703354e+01 9.288661236202203380e-07
7.627497669899713628e+01 5.698076648739489955e-06
7.636123523913124700e+01 3.716695939236984269e-07
7.644490602306134974e+01 2.735928832651033242e-06
7.653202714859681066e+01 1.837996618520303681e-07
7.661397276172422721e+01 1.817220143927108112e-06
7.677441364637368793e+01 1.417205166766362228e-06
7.691932799379901553e+01 4.882461309275380142e-06
7.703405185217738449e+01 2.043233942899731639e-05
7.713152400252894836e+01 1.499054996150869681e-06
7.722037029886709547e+01 1.859249407275908590e-06
7.729714039958645344e+01 1.157831684882013191e-06
7.739374996453666711e+01 1.107560537496124656e-06
7.746016904043995055e+01 1.130247191814053058e-06
7.761198407107599451e+01 1.608560268812427011e-06
7.777587529733082761e+01 4.797035959437857250e-06
7.785005764184616339e+01 1.000601509900450625e-07
7.797081959803394113e+01 1.185969819074919612e-04
7.809158155422170466e+01 2.998192240331723680e-05
7.826668639069396249e+01 4.417125245105908358e-06
7.842626468994208722e+01 1.792945374595670704e-06
7.858066747678216757e+01 1.315941429741786574e-06
7.865657499210018955e+01 6.612506549718043533e-07
7.875059680084638103e+01 2.156381658503810084e-06
7.883685534098050596e+01 7.475253901691157697e-07
7.897314383439241681e+01 5.249184755039071278e-05
7.909994388838957491e+01 2.445692137559033339e-05
7.920172896574783294e+01 1.269043526722967998e-06
7.928194940807256330e+01 5.575736628253672102e-06
7.936993311900936021e+01 9.110163477767863323e-07
7.945101614673544077e+01 2.860440736274256278e-06
7.953382434526419331e+01 6.071671988112776783e-07
7.962439581240502662e+01 2.333043994871009136e-06
7.969857815692036240e+01 4.129623166740110595e-07
7.978828703865984551e+01 2.440745338397196319e-06
7.997029255834284811e+01 3.254744057045417469e-05
8.003584904884476714e+01 3.846971656834488330e-05
8.022648042254117229e+01 4.645749642943679960e-06
8.031273896267529722e+01 3.402648681973575460e-07
8.039813491740807194e+01 3.068472286747509522e-06
8.048611862834488306e+01 4.798499125398877334e-07
8.057410233928167997e+01 2.420353845152031312e-06
8.066122346481714089e+01 4.862738588777707588e-07
8.075438268816199638e+01 3.805268156874132405e-06
8.084150381369745730e+01 9.009758414629950509e-07
8.096830386769461541e+01 1.034077518476837960e-04
8.109769167789579569e+01 4.213324598169055366e-05
8.127969719757878408e+01 8.199514374102268916e-06
8.145738979025507831e+01 3.729748236562706549e-06
8.165319667635952783e+01 2.120663368191516664e-06
8.176015726612583023e+01 4.674847147133351510e-07
8.183606478144386642e+01 1.801405560962413945e-06
8.203100908214697995e+01 2.967119798847372064e-05
8.221819011423801271e+01 4.968831935389137189e-06
8.229064728795067651e+01 1.395753023926597500e-06
8.238811943830222617e+01 3.358698367769979873e-06
8.246488953902159835e+01 5.582267591197681152e-07
8.256063651857047603e+01 2.545872661638034645e-06
8.274609237985883681e+01 2.107702869880954379e-06
8.284270194480905047e+01 1.200340354933995200e-07
8.297036458420754457e+01 5.158758841339716180e-05
8.308336327178324154e+01 2.662269313556925215e-05
8.326019327905818557e+01 5.270487648750214394e-06
8.342235933451033247e+01 2.390818737306288531e-06
8.348532806880824353e+01 2.744509378608743174e-06
8.358280021915979319e+01 1.431380535417729947e-06
8.366388324688587375e+01 2.865690954654239302e-06
8.375445471402669284e+01 2.699275116199127790e-06
8.384071325416081777e+01 3.468242042808239614e-06
8.396578813735528968e+01 8.321435418753641644e-05
8.409776370376049215e+01 3.462916008434234450e-05
8.419696102491472800e+01 3.009762899601388476e-06
8.428580732125287511e+01 5.816034707131539660e-06
8.436430259277491928e+01 2.789785038808053016e-06
8.446608767013319152e+01 2.193137944735468772e-06
8.453509450224048294e+01 2.419449963274983900e-06
8.469984831389665203e+01 1.614861456802032135e-06
8.484217490511795745e+01 5.659227066907693944e-07
8.492670827444938197e+01 8.966231042264473511e-07
8.504056954742642915e+01 3.627529273789630233e-05
8.514407979558737338e+01 4.593068332413126468e-07
8.522861316491881212e+01 6.541802808733116131e-06
8.531400911965158684e+01 6.559263280024735929e-07
8.540113024518704776e+01 3.814444484803144215e-06
8.548652619991982249e+01 1.190935278808625263e-06
8.557450991085663361e+01 2.516101048307060377e-06
8.566163103639209453e+01 1.711145442651174686e-06
8.575133991813157763e+01 2.873596356839138408e-06
8.584018621446972475e+01 2.741880825171744573e-06
8.596439851226286066e+01 7.809443119857027303e-05
8.609637407866806313e+01 3.698016754240942503e-05
8.628959320856849047e+01 6.833327257392490034e-06
8.649575111948902872e+01 4.148976153278223854e-06
8.667258112676398696e+01 3.884130237289747206e-06
8.675625191069407549e+01 2.186779887402366866e-06
8.684337303622953641e+01 3.428151011850547198e-06
8.696154723621327776e+01 5.513099574524700123e-05
8.721687251501028015e+01 6.092938289312251090e-06
8.738766442447584382e+01 4.012653599477289150e-06
8.747478555001130474e+01 1.000493690650917423e-07
8.755931891934274347e+01 2.676694905666053532e-06
8.764902780108222657e+01 1.943152641671420019e-07
8.773356117041366531e+01 1.242021711859952754e-06
8.783275849156790116e+01 5.427769998179224498e-07
8.805099259810722856e+01 2.408125714831390885e-05
8.824593689881032788e+01 3.635255734325923765e-06
8.831580631631896949e+01 4.353888127467815199e-06
8.841414105207186935e+01 1.469105265834228542e-06
8.849349890899526372e+01 4.795455450274694526e-06
8.858148261993206063e+01 1.178221100857822550e-06
8.866860374546752155e+01 4.918722794110099366e-06
8.875572487100298247e+01 4.141094258379265110e-06
8.884284599653844339e+01 5.702938650702502318e-06
8.896015761112084874e+01 9.527308715492456093e-05
8.909472093373007340e+01 3.277999739569469360e-05
8.919133049868028706e+01 3.807453648837064602e-06
8.929311557603855931e+01 3.349367323042547958e-06
8.936298499354718672e+01 3.619376541897970068e-06
8.954067758622348094e+01 2.403125745358892118e-06
8.976149944896683053e+01 2.550318656624582486e-06
8.984862057450229145e+01 4.121273593641284265e-07
8.996248184747932441e+01 3.888440035120528101e-05
9.003235126498796603e+01 5.464189166599002056e-05
9.014448736716232702e+01 7.944007933447939571e-07
9.022815815109241555e+01 5.298977897276837659e-06
9.031872961823324886e+01 1.256486915716899705e-06
9.040153781676200140e+01 2.505466599507064044e-06
9.048779635689611212e+01 1.814057428488349084e-06
9.057491748243157303e+01 1.421682404181510685e-06
9.066203860796704816e+01 2.972761952108453873e-06
9.075002231890384508e+01 1.818036537108577213e-06
9.084231895684735036e+01 4.236392489515724449e-06
9.095704281522573353e+01 4.183554182497866401e-05
9.109333130863764438e+01 2.040938841843320729e-05
9.132450419619708271e+01 5.105276592918022631e-06
9.150478454507739912e+01 4.579761657011325576e-06
9.157810430419139891e+01 2.025246113191838128e-06
9.167816421074697075e+01 3.837747609418295283e-06
9.175924723847305131e+01 7.351212282106131005e-06
9.184636836400851223e+01 3.184761577650311075e-06
9.195850446618287322e+01 1.127372330734536051e-04
9.208012900777197274e+01 2.437958169594423220e-05
9.221555491578254760e+01 3.914257964865444404e-06
9.238720941064944725e+01 2.361174045589771381e-06
9.247605570698759436e+01 2.845091556779005350e-07
9.256317683252305528e+01 1.337063015638019588e-06
9.264167210404509945e+01 7.352801662716975939e-07
9.280987625730664092e+01 1.256504844283276356e-06
9.289440962663806545e+01 1.382911924225160394e-06
9.304277431566876544e+01 2.328803944277719782e-05
9.315059749083640384e+01 4.089053086073950869e-06
9.323858120177321496e+01 2.213935022527439666e-06
9.332483974190732567e+01 4.063999661710529256e-06
9.341023569664011461e+01 1.338369698427028645e-06
9.349821940757691152e+01 4.309919696720045237e-06
9.358102760610566406e+01 2.277148517842421593e-06
9.367246165864783336e+01 4.531749317216684814e-06
9.375613244257793610e+01 7.036057858790964958e-06
9.384756649512010540e+01 5.187424342966015751e-06
9.395625225568909400e+01 1.003757332167507698e-04
9.409081557829831866e+01 2.225991300913742450e-05
9.435907963811543198e+01 2.033109049348931163e-06
9.458766476947084811e+01 2.518230472682223506e-06
9.476794511835116452e+01 6.874066685941018164e-06
9.484902814607723087e+01 2.075330461920757498e-07
9.495943907744890566e+01 7.678594463198511893e-05
9.506122415480717791e+01 2.433577801474325370e-05
9.523374123507541356e+01 2.885266026011779196e-06
9.532172494601221047e+01 1.424883052007366478e-06
9.540453314454097722e+01 1.231119566854911825e-06
9.549251685547777413e+01 2.196520842259836318e-06
9.557618763940786266e+01 8.648156472583878999e-07
9.566762169195003196e+01 2.611305263945631841e-06
9.574611696347209033e+01 1.662178056787457481e-06
9.594278643497787584e+01 1.604508619749083582e-05
9.604198375613211169e+01 1.240295897602607330e-05
9.614721917509574212e+01 4.071913342933426328e-06
9.624210356924328380e+01 9.796766380887596052e-07
9.633267503638410290e+01 2.842297266231559659e-06
9.641375806411018345e+01 2.115501070794062658e-06
9.650777987285636073e+01 2.456818623164160736e-06
9.658713772977975509e+01 4.761602824295763942e-06
9.668029695312461058e+01 1.994321503536255586e-06
9.676224256625202713e+01 1.234452426571814626e-05
9.684850110638613785e+01 1.733126240836253475e-06
9.695632428155379046e+01 1.389402077615336660e-04
9.708312433555094856e+01 2.736688141350282491e-05
9.722372575596956779e+01 9.391062563677831557e-07
9.738675439682305068e+01 3.941078215788140983e-07
9.747646327856253379e+01 4.988128877605896830e-07
9.763172865080395013e+01 7.937289444333604608e-07
9.778613143764403048e+01 1.931167918583801066e-06
9.797417505513641345e+01 2.461877312530480090e-05
9.804921998505309944e+01 2.369279582885050163e-05
9.815531798941806585e+01 2.110547415136394436e-06
9.824243911495352677e+01 3.611898216520085407e-06
9.832956024048898769e+01 1.983766922314763412e-06
9.841323102441907622e+01 3.109365042123312609e-06
9.850207732075722333e+01 2.251551647480624077e-06
9.858488551928597587e+01 4.185908354020252178e-06
9.867804474263083137e+01 2.117436235559080379e-06
9.875740259955422573e+01 8.608062177780034465e-06
9.895234690025733926e+01 7.377974707716464351e-05
9.907742178345181117e+01 1.299465207478543319e-05
9.925683954693077737e+01 2.647145996002836731e-07
9.933705998925550773e+01 4.716808383116250838e-07
9.942590628559365484e+01 1.277627265822539260e-06
9.951216482572777977e+01 2.446844283737957587e-07
9.959669819505921851e+01 3.371371526530398766e-06
9.967950639358797105e+01 2.315367804507260703e-07
9.976921527532745415e+01 9.108207707729259366e-06
9.985029830305352050e+01 5.477211385905742233e-07
9.995898406362252331e+01 1.193384056816968554e-04
1.000780208490076006e+02 3.570165361837599198e-05
1.002479501730718141e+02 3.686892817844149544e-06
1.003229951029885001e+02 6.549714758036192776e-07
1.004101162285239610e+02 1.780268047918353071e-06
1.004980999394607721e+02 1.069178405636227179e-06
1.005791829671868385e+02 1.160707349892930315e-06
1.007335857540269188e+02 1.570116958378289689e-06
1.008966143948804017e+02 6.523758105951317183e-06
1.010294525466869544e+02 2.516305149232448934e-05
1.011562526006840983e+02 8.974106236305721658e-07
1.012468240678249316e+02 3.485832034761436555e-06
1.013339451933603925e+02 5.840437782038567170e-07
1.014193411480931672e+02 4.016078428907532767e-06
1.015064622736286282e+02 7.036274165651894623e-07
1.015927208137627531e+02 5.843130523533439205e-06
1.016781167684955278e+02 5.383751194733249325e-07
1.017643753086296527e+02 1.223043390549510971e-05
1.018480460925597555e+02 7.851121622831629834e-07
1.019558692677273939e+02 1.257683288257356352e-04
1.020800815655205298e+02 3.111394603445420985e-05
1.022525986457887797e+02 1.525937831557172963e-06
1.023871619683980043e+02 3.990190871847135922e-07
1.024734205085321150e+02 3.291516600451803593e-07
1.026114341727467121e+02 2.691627022648392146e-07
1.026942423712754646e+02 6.149108584061443910e-07
1.027779131552055674e+02 1.983956561693623268e-06
1.029659567726979503e+02 6.008315641190088106e-05
1.030737799478656029e+02 3.750856898829373754e-05
1.032506099551405470e+02 7.449244916649921244e-06
1.034162263521980520e+02 5.688850455314058878e-06
1.035050726485361992e+02 1.555309634989148523e-06
1.035956441156770182e+02 4.422398054328048379e-06
1.036827652412124792e+02 3.933462828493863467e-07
1.037638482689385597e+02 5.828418156598276492e-06
1.039562048134376511e+02 3.222355452974537101e-05
1.040234864747422563e+02 2.665333596116095039e-05
1.042382702396762255e+02 2.029086768573407472e-06
1.044504662484061583e+02 5.377144547128066792e-06
1.045798540586073386e+02 3.779935051728524354e-06
1.046764636235575523e+02 3.196151274046388135e-07
1.047661725052970354e+02 7.801833355659473987e-06
1.048472555330231160e+02 6.740939712038957345e-07
1.049576664643947765e+02 1.288879122625015980e-04
1.050818787621879125e+02 5.250958443785014041e-05
1.052587087694628565e+02 6.316416684985665300e-06
1.054476149723565896e+02 3.282975964870578561e-06
1.055597510745309364e+02 2.358792996269195306e-06
1.057236423007857695e+02 9.162299645293460087e-07
1.058030001577091639e+02 6.148944853484055484e-07
1.058996097226593776e+02 4.296700535879901865e-06
1.060143335810377607e+02 4.233796256444310107e-05
1.062524071518079296e+02 5.346601754504657137e-06
1.064275119882801874e+02 3.857302788504223314e-06
1.065931283853377067e+02 3.947586914230369962e-06
1.066767991692677953e+02 4.738664773101438924e-07
1.067656454656059424e+02 6.939077226526483021e-06
1.068458659079306727e+02 7.163881422701521667e-07
1.069554142539010115e+02 7.626269210020544332e-05
1.070701381122793805e+02 3.090813486022120560e-05
1.072366170947382358e+02 2.519102783529021397e-06
1.073823940275648994e+02 7.444232890680569907e-07
1.074798661779164632e+02 7.091953336788291800e-07
1.075333464727996073e+02 5.937574895643109135e-07
1.076601465267967654e+02 4.437030720562386028e-07
1.077765955559778348e+02 2.359815914252287670e-06
1.078447398026837902e+02 4.660376818092231582e-07
1.079620514172661956e+02 9.844951751438145166e-05
1.080802256172499369e+02 5.932618626420270490e-05
1.082596433807289031e+02 9.378986311169145183e-06
1.083433141646590059e+02 5.685974967332268365e-07
1.084338856317998250e+02 4.280667684015040372e-06
1.085969142726533079e+02 2.300775699076223332e-06
1.087728816945269159e+02 1.435010232632709343e-06
1.089065824317348046e+02 3.831688339460451595e-06
1.090213062901131877e+02 5.454200061642779427e-05
1.091368927338929069e+02 1.300097641900395726e-07
1.092119376638095929e+02 3.513497524328913296e-06
1.093741037192617398e+02 1.547458894108814484e-06
1.095241935790951118e+02 6.973138345250561096e-07
1.095983759236104476e+02 9.620977220009277800e-07
1.096794589513365281e+02 7.051380371011501858e-07
1.097691678330760112e+02 4.486929765220251071e-06
1.098450753483940332e+02 9.651776205897134567e-07
1.099563488651670440e+02 1.083736158857678957e-04
1.100796985775588439e+02 5.995027827229261269e-05
1.102617040972418323e+02 7.275235519188469086e-06
1.104652742519583626e+02 2.966430412185153653e-06
1.106472797716413510e+02 2.144106241372595417e-06
1.108120335832975201e+02 2.628614783182940975e-06
1.109845506635657557e+02 6.902629116928869822e-05
1.111993344284997249e+02 3.686964029332983348e-06
1.112614405773962858e+02 4.756704934272380413e-06
1.113606378985505216e+02 2.232078606255474334e-06
1.114348202430658716e+02 1.796175575137952520e-06
1.115210787831999824e+02 1.232797464354703927e-06
1.116021618109260629e+02 1.003323578049883222e-06
1.116849700094548155e+02 9.282921105565428264e-07
1.117703659641875902e+02 1.519430982560570173e-06
1.118531741627163569e+02 7.776932529425110986e-07
1.120291415845899508e+02 3.850506697122192830e-05
1.122223607144903923e+02 3.114739996114370878e-06
1.123008559860124365e+02 2.720951413317313484e-06
1.123879771115478974e+02 8.615395966978019292e-07
1.124759608224846943e+02 2.665623163675892271e-06
1.125622193626188192e+02 2.126961906928609222e-07
1.126467527319502580e+02 2.779392354864679209e-06
1.127770031275527742e+02 3.956381179523689505e-06
1.129581460618344266e+02 1.261337124425189677e-04
1.130832209450289128e+02 6.641735703558623372e-05
1.132686768063172593e+02 7.520651918729126084e-06
1.134843231566525645e+02 2.744199339712997772e-06
1.136637409201315307e+02 1.952017754301010877e-06
1.138190062923729471e+02 1.730683675059122873e-06
1.140165383492800828e+02 7.343753277575506752e-05
1.142071697229764879e+02 4.695150024466618949e-06
1.142942908485119489e+02 8.478152573836966386e-07
1.143745112908366792e+02 1.937778160560060171e-06
1.144668079287801987e+02 9.370117124354433467e-07
1.145384025170915123e+02 4.567581597031545682e-07
1.146350120820417260e+02 1.491494775108551541e-06
1.147756135024603452e+02 2.897301606410205231e-06
1.149550312659393114e+02 7.067853422456733738e-05
1.150775183929297611e+02 4.186638803865877685e-05
1.153009280118771329e+02 6.154939951687046116e-06
1.154812083607574493e+02 5.359774093353509897e-06
1.155622913884835157e+02 9.883378078755281484e-07
1.156537254410256850e+02 4.591708637360658482e-06
1.157486098351732267e+02 5.582054471135164441e-06
1.158167540818791821e+02 4.537736998516498182e-06
1.159590806731004733e+02 1.147242686498678899e-04
1.160789800438869008e+02 4.743768636055224888e-05
1.161911161460612618e+02 4.741233615540395257e-06
1.162713365883859922e+02 3.253016884936187686e-06
1.163610454701254753e+02 3.013996106235979487e-06
1.164481665956609362e+02 5.316552345152929768e-07
1.165292496233870025e+02 1.440442660034080120e-06
1.166094700657117471e+02 3.965140380898893384e-07
1.167017667036552524e+02 7.723049838188201564e-07
1.167578347547424329e+02 6.749762261644096718e-07
1.169061994437731187e+02 5.143697723887800518e-06
1.170243736437568600e+02 6.117818844350203001e-05
1.171339219897271846e+02 6.897243474314285383e-06
1.172184553590586233e+02 2.813578457167883770e-06
1.173055764845940843e+02 5.211324485834565646e-06
1.173901098539255230e+02 8.548344638282094685e-07
1.174763683940596479e+02 5.114441882380555592e-06
1.175678024466018172e+02 1.430477231807378037e-06
1.176488854743278836e+02 5.393113399558771632e-06
1.177549834786928500e+02 6.577812408436276234e-06
1.178162270421880748e+02 5.376501670745981518e-06
1.179533781210013359e+02 1.276346290281190395e-04
1.180827659312025162e+02 5.426362836798506468e-05
1.182837483297150101e+02 3.877430787408822472e-06
1.183329156975914600e+02 3.999466639726643515e-06
1.185019824362543375e+02 3.308546847361649572e-06
1.185571879019401678e+02 2.716983935506496322e-06
1.186701865895158647e+02 1.927569389883721546e-06
1.187452315194325507e+02 7.604076929272638966e-06
1.188220016201519229e+02 1.175769115946927479e-06
1.189617404551691919e+02 7.039988959686079039e-05
1.190057323106375975e+02 7.362079017503071635e-05
1.192067147091501056e+02 3.676232286118234012e-06
1.192912480784815443e+02 3.188866229260080486e-06
1.193775066186156550e+02 1.205955429497897371e-06
1.194654903295524662e+02 2.710642187401724616e-06
1.195508862842852409e+02 2.150481942050309390e-07
1.196362822390180156e+02 3.204511655731381200e-06
1.198122496608916236e+02 2.937456820104852831e-06
1.199537136667115789e+02 2.761404098046108346e-05
1.200347966944376594e+02 3.339768441803520483e-05
1.201270933323811647e+02 1.154259047135041931e-05
1.202237028973313784e+02 2.031454598628136551e-06
1.203134117790708615e+02 6.892516366636402899e-06
1.203919070505929056e+02 2.665790359980281211e-06
1.204867914447404473e+02 5.921526994643098179e-06
1.205678744724665137e+02 5.655589534855324604e-06
1.206584459396073470e+02 4.775557937531503701e-06
1.207464296505441439e+02 1.503471633379016747e-05
1.208249249220661881e+02 3.870260245694026316e-06
1.209482746344579880e+02 1.614080679111523252e-04
1.210819753716658767e+02 5.566066004379842483e-05
1.211889359614321791e+02 3.153055486832242510e-06
1.212760570869676400e+02 3.502778263921287431e-06
1.213640407979044511e+02 1.903391484307139741e-06
1.214468489964332036e+02 1.008657999382426245e-06
1.215952136854638894e+02 1.762623860237446009e-06
1.217556545701133501e+02 3.698188243049744375e-06
1.219298968211842720e+02 1.935172191039723623e-05
1.220247812153318137e+02 8.120324414662372309e-05
1.221317418050981161e+02 1.041683808366842263e-05
1.222197255160349130e+02 4.908921905141057953e-06
1.223059840561690379e+02 6.509597679441632869e-06
1.223922425963031628e+02 3.091771930039616383e-06
1.224793637218386237e+02 5.620846965170423497e-06
1.225647596765713985e+02 4.438640756201566084e-06
1.226518808021068594e+02 5.124987957051322886e-06
1.227433148546490287e+02 9.836868107837083944e-06
1.228330237363885118e+02 4.646142952496847749e-06
1.229460224239642088e+02 9.651391819698176085e-05
1.230779979903694112e+02 3.469033193959815821e-05
1.232349885334135138e+02 1.848794265376731495e-06
1.233221096589489747e+02 3.147994965691002303e-06
1.233980171742669967e+02 3.957878729141642613e-06
1.234963519100198965e+02 2.263997282188164065e-06
1.235748471815419407e+02 7.497917898790815530e-06
1.236654186486827740e+02 1.228811554274039910e-06
1.237499520180142127e+02 1.684162415469804577e-05
1.238310350457402791e+02 6.701364059446505029e-07
1.239448963187173263e+02 1.431037602378005841e-04
1.240587575916943592e+02 6.069275741276706148e-05
1.242122977931330894e+02 3.120238295786632195e-06
1.242882053084511256e+02 5.493635385356043674e-06
1.243787767755919447e+02 1.213716622317786083e-06
1.244676230719300918e+02 3.285267946250503744e-06
1.245400802456427556e+02 8.873500776274213680e-07
1.246427279084023496e+02 2.891466702256398452e-06
1.248868395769819131e+02 6.391244964595678410e-06
1.250265784119991963e+02 7.495982667503002354e-05
1.251404396849762293e+02 9.109504741747930016e-06
1.252249730543076680e+02 8.474310358159560679e-06
1.253155445214484871e+02 5.088855192907952170e-06
1.253974901345759037e+02 8.201700659259774552e-06
1.254889241871180730e+02 3.897625185115227767e-06
1.255708698002454895e+02 1.148803442910877027e-05
1.256614412673863086e+02 2.909352498023157349e-06
1.257468372221190975e+02 2.195184488983429032e-05
1.258339583476545585e+02 2.277924122616442073e-06
1.259426441082235471e+02 1.712452486732503310e-04
1.260797951870367939e+02 5.957076811426543719e-05
1.262773272439439296e+02 4.220611622323020144e-06
1.264351803723893681e+02 1.422308822646021173e-06
1.264852103256671683e+02 1.377805040812675208e-06
1.265887205738281125e+02 2.838405202585903518e-06
1.266646280891461345e+02 1.291343672546812125e-06
1.267577873124909758e+02 7.291902810881571817e-06
1.268423206818224145e+02 1.818959942527358721e-06
1.269510064423914173e+02 8.130708967637401900e-05
1.270355398117228560e+02 1.052337962807642130e-04
1.272244460146165750e+02 1.149039362429324861e-05
1.273046664569413053e+02 4.834244615898873879e-06
1.273935127532794525e+02 7.309839361886861958e-06
1.274832216350189356e+02 3.099634022280749389e-06
1.275634420773436659e+02 7.404909397159571824e-06
1.276617768130965658e+02 2.467053600436475537e-06
1.277385469138159237e+02 9.817039439318060669e-06
1.279412544831311180e+02 4.509159396257997224e-05
1.280292381940679149e+02 4.582044655987029089e-05
1.282319457633830950e+02 6.317183591960554561e-06
1.283182043035172057e+02 2.755921771810162069e-06
1.284053254290526809e+02 7.025802783791641404e-06
1.284915839691867916e+02 2.325618600072074820e-06
1.285778425093209307e+02 1.039058998765178876e-05
1.286632384640537055e+02 2.043503609588005048e-06
1.287520847603918526e+02 2.186095065502449941e-05
1.288348929589205909e+02 2.118776620992414975e-06
1.289435787194895795e+02 2.020342918210835982e-04
1.290686536026840656e+02 9.863979164654263301e-05
1.292748115136046181e+02 5.686093078318991078e-06
1.293740088347588539e+02 2.552067681433119353e-06
1.295223735237895255e+02 2.258291240993588314e-06
1.296845395792416866e+02 2.152509664497096156e-06
1.297742484609811697e+02 7.787623536580923807e-07
1.298682702697273612e+02 4.368438478925791339e-06
1.300269859835741499e+02 1.327731486170083863e-04
1.301356717441431385e+02 6.015965682140898322e-06
1.302288309674879656e+02 1.707995033272910286e-05
1.303159520930234407e+02 2.262710543651320242e-06
1.304013480477562155e+02 1.227980446365090875e-05
1.304893317586930266e+02 1.835411663998686037e-06
1.305738651280244653e+02 1.288421005519406115e-05
1.306618488389612764e+02 1.742358427118850056e-06
1.307472447936940512e+02 1.960483379866635224e-05
1.308360910900321983e+02 2.269810004155519625e-06
1.309396013381931425e+02 1.299694706452634999e-04
1.310698517337956446e+02 5.298448260500797157e-05
1.313156885731778800e+02 3.992399687033740199e-06
1.314148858943321443e+02 9.772835750575321436e-07
1.314968315074595466e+02 3.500742587097031231e-06
1.315856778037976937e+02 3.320807239011931027e-06
1.316693485877277965e+02 3.237944143252500616e-06
1.317590574694672796e+02 1.286273465729227755e-05
1.318392779117920099e+02 2.872993322280782931e-06
1.319488262577623345e+02 1.862137792629635791e-04
1.320540616767259507e+02 1.525373266490455740e-04
1.322291665131982370e+02 1.788020152073252673e-05
1.323965080810584141e+02 9.256368251013452720e-06
1.325655748197212915e+02 6.340139879090084500e-06
1.327372293145882054e+02 4.478794998232148084e-06
1.328881817598229134e+02 7.699620440572528597e-06
1.330167069846227434e+02 1.190842744260310127e-04
1.331435070386199016e+02 5.630610357889966629e-06
1.332314907495567127e+02 9.372523235036724968e-06
1.333211996312961958e+02 3.982838801162125329e-06
1.334074581714303065e+02 7.140842558187085753e-06
1.334937167115644172e+02 4.206367353141231440e-06
1.335799752516985563e+02 9.646410521267828459e-06
1.336645086210299951e+02 4.469585573999501019e-06
1.337533549173681422e+02 2.198858833538800333e-05
1.338361631158968805e+02 4.788454787678345887e-06
1.339422611202618612e+02 2.242640095138196429e-04
1.340673360034563188e+02 1.205429327709031320e-04
1.342329524005138524e+02 6.539313898521590635e-06
1.343597524545109820e+02 3.075158983803833611e-06
1.345158804121537628e+02 2.198364805144319710e-06
1.346012763668865375e+02 1.877012573487651016e-06
1.346797716384085959e+02 1.151836670025533980e-06
1.347737934471547590e+02 9.121974583969867857e-06
1.350308438967544475e+02 1.874426964409075331e-04
1.352326888806682916e+02 2.071934623380493486e-05
1.353215351770064387e+02 1.303579273083529506e-06
1.354043433755352055e+02 1.048235775584357448e-05
1.354914645010706522e+02 2.085081378831896630e-06
1.355759978704020909e+02 8.029036101726745058e-06
1.356622564105362017e+02 3.075756026566826605e-06
1.357485149506703408e+02 9.911017440521058467e-06
1.358408115886138319e+02 4.311620636354425944e-06
1.359408714951694321e+02 5.833942719777036829e-05
1.360219545228954985e+02 6.637308927619905985e-05
1.362220743360066422e+02 7.435571772886752332e-07
1.363229968279635784e+02 5.784040802187361578e-06
1.364178812221111059e+02 1.755455876369559833e-06
1.364972390790345003e+02 5.010275752190034639e-06
1.365895357169779913e+02 7.157285757936155176e-06
1.366671684030987137e+02 3.953039082735964261e-06
1.367611902118449052e+02 2.539011704373880194e-05
1.368336473855575548e+02 2.832965242595910271e-06
1.369466460731332518e+02 3.147347683781893620e-04
1.370622325169129851e+02 2.026757186441685132e-04
1.372356121825825710e+02 1.703783565494168095e-05
1.374029537504427481e+02 5.698614853486852033e-06
1.376203252715807537e+02 2.803401139081021797e-06
1.377919797664476391e+02 7.629095781456240941e-06
1.378911770876018750e+02 1.259644108725549550e-05
1.380059009459802439e+02 2.330605081339195658e-04
1.381413268539908188e+02 6.449887912041550410e-06
1.382353486627370103e+02 1.009364097788830304e-05
1.383250575444764934e+02 5.306807571625611118e-06
1.384121786700119685e+02 6.150527036794926074e-06
1.384958494539420712e+02 5.568807886992704789e-06
1.385838331648788539e+02 9.294023401320685774e-06
1.386666413634076207e+02 5.507431377511577184e-06
1.387546250743444318e+02 2.168620334800430024e-05
1.388382958582745061e+02 5.576257209395133643e-06
1.389400809356327784e+02 1.959739908768814976e-04
1.390634306480245641e+02 9.631257807272478847e-05
1.392946035355840024e+02 4.612428132159159254e-06
1.394533192494307912e+02 5.147857139991383387e-06
1.396085846216722075e+02 9.540036102073816402e-06
1.397716132625257046e+02 2.913208999237553909e-05
1.399579317092153872e+02 3.648622983437192270e-04
1.400536786887642791e+02 2.458092882112981339e-04
1.402399971354539616e+02 1.833745884993435050e-05
1.403322937733974811e+02 2.570246806153985227e-06
1.404107890449195395e+02 4.899060060675977809e-06
1.404970475850536502e+02 3.356100619533987951e-06
1.405789931981810525e+02 2.342604388105062217e-06
1.406687020799205357e+02 4.300337059826535601e-06
1.407351211558238333e+02 2.430008109903592416e-06
1.408877987718612133e+02 1.928644957923620284e-05
1.410085607280489910e+02 1.966081524223029680e-04
1.411301852696381047e+02 1.601397224314014299e-05
1.413009771791036542e+02 7.736967382754936161e-06
1.414355405017128646e+02 9.179702913236568093e-06
1.415951188009609893e+02 1.782110077008399981e-05
1.417615977834198588e+02 4.463262563880241151e-05
1.419444658885041974e+02 4.139158787054240127e-04
1.420652278446919468e+02 2.112646502067151721e-04
1.421678755074515550e+02 2.538304368052387374e-06
1.422463707789736134e+02 8.809450583519742902e-06
1.424671926417169630e+02 4.779321638613188389e-06
1.426276335263664237e+02 7.231481025237915692e-06
1.427854866548118480e+02 1.849932121420017690e-05
1.429925071511337364e+02 4.101437336699498997e-04
1.432504201861347610e+02 1.858525271306577767e-05
1.433228773598474390e+02 3.898720296869752464e-06
1.434229372664030109e+02 1.052048065572399054e-05
1.434936692693129885e+02 3.715831388991524910e-06
1.435894162488618520e+02 1.281754200853099608e-05
1.436670489349825743e+02 3.472669435452219451e-06
1.437558952313207215e+02 2.135428676651873346e-05
1.439379007510036956e+02 1.084289455604648192e-04
1.440207089495324624e+02 9.473793003881172232e-05
1.441216314414893702e+02 2.333467705543284385e-05
1.442113403232288533e+02 9.798803954103636009e-07
1.442941485217576201e+02 1.384397484075460231e-05
1.444545894064070808e+02 1.573000334554607612e-05
1.446072670224444892e+02 2.266754000683680490e-05
1.447651201508899135e+02 5.703204999388827330e-05
1.449497134267769241e+02 6.132000398311101413e-04
1.450635746997539854e+02 3.536701951793925526e-04
1.451739856311256460e+02 4.238398520935739822e-06
1.452498931464436680e+02 1.915516510472202406e-05
1.453396020281831511e+02 3.475496969576171639e-06
1.454198224705078815e+02 2.973649687874502363e-06
1.455138442792540729e+02 2.962397643742520758e-06
1.455535232077157843e+02 2.570373551478678936e-06
1.457191396047732894e+02 9.155609606063670161e-06
1.458019478033020278e+02 2.498493714203023792e-06
1.458959696120482192e+02 5.702751017764186027e-05
1.460063805434199082e+02 5.103921734335772073e-04
1.462737820178356856e+02 2.996847512025717513e-05
1.464393984148931906e+02 2.612970719204699819e-05
1.465981141287399794e+02 3.201951569147832297e-05
1.467611427695934481e+02 5.814167910156175275e-05
1.469414231184737787e+02 3.938737917747286142e-04
1.470639102454642284e+02 1.610346855140853061e-04
1.472200382031069807e+02 2.197072030261673119e-06
1.473028464016357191e+02 8.048386882967555094e-06
1.473813416731577774e+02 6.774637308142539262e-06
1.474676002132918882e+02 9.101229749165929962e-06
1.475598968512354077e+02 1.693625784493828034e-05
1.476254533417373409e+02 1.105941995795217750e-05
1.477436275417210823e+02 4.889719822940099582e-05
1.479713500876751766e+02 7.604532005068847687e-04
1.482577284409204310e+02 4.941798568214009386e-05
1.484302455211886809e+02 2.156730703084957875e-05
1.485958619182461860e+02 1.478295533217573469e-05
1.487537150466916387e+02 1.161816411168774834e-05
1.488917287109062215e+02 2.828357259056418283e-05
1.490107654962912989e+02 4.907239134197377258e-04
1.491220390130643239e+02 6.631463001963566609e-05
1.492151982364091793e+02 2.719502263292584727e-05
1.492885179955231933e+02 3.421230008223804706e-05
1.493946159998881456e+02 2.630935761955509853e-05
1.494524092217779980e+02 3.051933069610121677e-05
1.495766215195711482e+02 4.260036227044329061e-05
1.497517263560434060e+02 9.614293810587790676e-05
1.499432203151411613e+02 8.720571360020067239e-04
1.500657074421316111e+02 5.055486970102483248e-04
1.501743932027005997e+02 3.508066065190105069e-06
1.502537510596239940e+02 2.478208857934176217e-05
1.504021157486546656e+02 4.642165421850432120e-06
1.504728477515646432e+02 1.942110428300646862e-06
1.505608314625014543e+02 1.225992309791692286e-05
1.506427770756288567e+02 2.473741015829034288e-06
1.507342111281710402e+02 3.716965715510241875e-05
1.510067881149948619e+02 1.473855215600926912e-03
1.512629759791931860e+02 8.863958520103791322e-05
1.514363556448627719e+02 4.907218502293307129e-05
1.515950713587095606e+02 4.034170947519257643e-05
1.517537870725563494e+02 4.944935613642153496e-05
1.519357925922393235e+02 1.962305557862166472e-04
1.520246388885774707e+02 2.186383456609422549e-04
1.521272865513370789e+02 4.029424110222773898e-05
1.522144076768725256e+02 3.532169511664226845e-05
1.522998036316053287e+02 2.290268772544605471e-05
1.523877873425421114e+02 4.284741297831022518e-05
1.524662826140641698e+02 2.363793256159376431e-05
1.525646173498170697e+02 6.750320879063134380e-05
1.527423099424933639e+02 1.581682456761271816e-04
1.529545059512232967e+02 1.815535313787130459e-03
1.530468025891667878e+02 1.507727083972607669e-03
1.532572734270940487e+02 1.028382465841804632e-04
1.534315156781649705e+02 2.936386709740883459e-05
1.535177742182990812e+02 1.368632349466685552e-06
1.536092082708412647e+02 4.979666000964621724e-06
1.537403212518451312e+02 8.198180840394844068e-06
1.538093280839524084e+02 8.105261807184329804e-06
1.540111730678662525e+02 2.599634998549603653e-03
1.542199187349908414e+02 1.798170912755898997e-04
1.543915732298577268e+02 1.165122851327350889e-04
1.545649528955273126e+02 1.253965788144540522e-04
1.547417829028022709e+02 1.966339855882974844e-04
1.549358646181040342e+02 1.208950238458670863e-03
1.550635272575025283e+02 5.902618421034947025e-04
1.552325939961654058e+02 1.442437480676837810e-05
1.553050511698780554e+02 2.051235561173806081e-05
1.553938974662162025e+02 3.065973384432094849e-05
1.554758430793436332e+02 2.274165872025707668e-05
1.555690023026884603e+02 8.497825470465166908e-05
1.556362839639930939e+02 3.510759628159003669e-05
1.557475574807660905e+02 2.995307920698330080e-04
1.560071956865698155e+02 7.480107162616758329e-03
1.562383685741292538e+02 3.864179898487269749e-04
1.563936339463706702e+02 1.304246108161985886e-04
1.565540748310201309e+02 6.846652670421849330e-05
1.567171034718735996e+02 2.502556381715064659e-05
1.570155580207376715e+02 3.762151450703605550e-03
1.572243036878622320e+02 4.678122640357018983e-04
1.573985459389331538e+02 4.273672713513711717e-04
1.575736507754054117e+02 5.998877700419630397e-04
1.577487556118776979e+02 1.309613455208595914e-03
1.579592264498049303e+02 1.310017298738192816e-02
1.582456048030502131e+02 2.819774986747873775e-04
1.583473898804084854e+02 2.152121863219574139e-05
1.584163967125157910e+02 3.693312256820296412e-07
1.584828157884190603e+02 2.439431254852048538e-05
1.585897763781853484e+02 2.276442296014124719e-04
1.587648812146576347e+02 1.964462940338169029e-03
1.590124432248425421e+02 1.212448199918369635e-01
1.592410283561979725e+02 1.154137788829682522e-02
1.594161331926702303e+02 8.367519169583019847e-03
1.595782992481223914e+02 1.096570778558895141e-02
1.597542666699959852e+02 2.453309569865374379e-02
1.599914776553648039e+02 3.036528346586627181e-01
1.602468029341618205e+02 2.605680323722643979e-02
1.604219077706340784e+02 1.186122167943514001e-02
1.605840738260862111e+02 8.989054666872558705e-03
1.607591786625584973e+02 1.188999140011021832e-02
1.609894889647165996e+02 1.228767569256270509e-01
1.612344632186974991e+02 2.009181084573742615e-03
1.614078428843670565e+02 3.120643249713045040e-04
1.615691463544178816e+02 1.830581071634657586e-05
1.616398783573278592e+02 3.082970809093011259e-06
1.617796171923451141e+02 1.731583615417050192e-04
1.620444309105568834e+02 1.359979108137127947e-02
1.622505888214774359e+02 1.688206893659481090e-03
1.624239684871469933e+02 8.472061614942992492e-04
1.625964855674152432e+02 5.839755727027347689e-04
1.627707278184861650e+02 5.427796108270878730e-04
1.628828639206605260e+02 6.489325364611307941e-04
1.629872367542228062e+02 4.061388042301630058e-03
1.631269755892400894e+02 1.427917949572835628e-04
1.632787906198761334e+02 5.374973140193794628e-05
1.633607362330035357e+02 6.734405883745534546e-05
1.634409566753282945e+02 6.547186647375825938e-05
1.635367036548771580e+02 1.151122139826595047e-04
1.636091608285898076e+02 1.121316528735983919e-04
1.637169840037574602e+02 2.311250262144950323e-04
1.637782275672526850e+02 2.983904484191233879e-04
1.639921487467853183e+02 8.116750540660789409e-03
1.642491991963849784e+02 4.688232140617101373e-04
1.644225788620545643e+02 1.958223147874890539e-04
1.645191884270047922e+02 1.954498307036457215e-05
1.645976836985268221e+02 7.951693043814970607e-05
1.646813544824569249e+02 2.588008047182157513e-05
1.649366797612539131e+02 5.746371632838629057e-04
1.650686553276591439e+02 1.767381161062998385e-03
1.652601492867568709e+02 3.162710117141780976e-04
1.653576214371084347e+02 1.183300804254016768e-04
1.654343915378277927e+02 1.635456745815482211e-04
1.655275507611726482e+02 1.664444610777134114e-04
1.656077712034973786e+02 1.185586446675990604e-04
1.656992052560395621e+02 2.069025407590746363e-04
1.657820134545683004e+02 1.473631939866028957e-04
1.658743100925118199e+02 4.727076680057372047e-04
1.659907591216928608e+02 3.551668175412355227e-03
1.661089333216766306e+02 1.790509028389785881e-04
1.662391837172791327e+02 3.499886394514072817e-05
1.663918613333165410e+02 2.691183597881788850e-05
1.665479892909592934e+02 1.221502857268902555e-05
1.666290723186853597e+02 1.368489292784023753e-05
1.667179186150235068e+02 3.804732798026918812e-05
1.668015893989536096e+02 5.248770496316479628e-05
1.670560520923492618e+02 2.066024880713506970e-03
1.672578970762631059e+02 2.920454821731107917e-04
1.673510562996079614e+02 7.515582072306568862e-05
1.674338644981366997e+02 1.314651218242109186e-04
1.675192604528694744e+02 9.732140875177263523e-05
1.676124196762143299e+02 5.852492970126987171e-05
1.676909149477363883e+02 1.481029678735954239e-04
1.677840741710812438e+02 2.449335674342008036e-05
1.678780959798274353e+02 3.102417685702233059e-04
1.679721177885736267e+02 6.517466023143135816e-04
1.680652770119184538e+02 5.460352188182865689e-04
1.682688471666349983e+02 5.043772644315742384e-05
1.683576934629731454e+02 9.813548040574802749e-05
1.684456771739099281e+02 1.108140789698099730e-05
1.685302105432413668e+02 1.044443074130853083e-04
1.686181942541781780e+02 1.915742395071421862e-05
1.687035902089109527e+02 1.330235251013640191e-04
1.687907113344464278e+02 7.299921132021845510e-05
1.688761072891792026e+02 2.727269632526013710e-04
1.689916937329589075e+02 2.872209808857908737e-03
1.692590952073746848e+02 9.145258272218194080e-05
1.693358653080940428e+02 1.451709872984969119e-05
1.694402381416563514e+02 5.455388512062215228e-05
1.696601974189983366e+02 6.189811046546618372e-05
1.698335770846679225e+02 8.758275278705284319e-05
1.699275988934141139e+02 7.989099945591646157e-04
1.700630248014246888e+02 1.368316369740678459e-03
1.701794738306057582e+02 1.351615852869708959e-04
1.702657323707398689e+02 1.200382138340760614e-04
1.703528534962753440e+02 1.590885679595059154e-04
1.704486004758242075e+02 3.100412512821326834e-05
1.705262331619449014e+02 1.955523680222846989e-04
1.706150794582830486e+02 1.126294815048026318e-05
1.707013379984171877e+02 2.537372541858723017e-04
1.707772455137352097e+02 5.558735112561865379e-05
1.708833435181001619e+02 5.530549107040184714e-04
1.709868537662611061e+02 2.449114206912132458e-03
1.713767423676673332e+02 2.026027128267870678e-05
1.714621383224001079e+02 1.481562292181375017e-05
1.715458091063302106e+02 1.151029232701873674e-05
1.716312050610629854e+02 4.141411971248347028e-05
1.717157384303944241e+02 1.406413222455393387e-05
1.718019969705285632e+02 9.913866289105962876e-05
1.719934909296262902e+02 1.628575581021415820e-03
1.721841223033227095e+02 1.177467173624414427e-04
1.722755563558648646e+02 7.232960988050447478e-05
1.723497387003802146e+02 1.356018908460490603e-04
1.725239809514511364e+02 1.984943832829937636e-04
1.727068490565354750e+02 2.795468721752621165e-04
1.729354341878909054e+02 1.931969063614643028e-03
1.730544709732759827e+02 1.535729453018344192e-03
1.732597662987951708e+02 2.872613215284700063e-05
1.733598262053507710e+02 1.146286450503155853e-04
1.735357936272243649e+02 1.305902641592698518e-04
1.736091133863383789e+02 5.442671590495743041e-05
1.737126236344993231e+02 1.791234776847408288e-04
1.737824930520079647e+02 1.994205899641373692e-04
1.739895135483298532e+02 4.932972967977424655e-03
1.741956714592503772e+02 5.853367143024435366e-05
1.743483490752877856e+02 4.975417878354475000e-05
1.745131028869439547e+02 1.264017572039565168e-04
1.747261614810752235e+02 1.641017150013582163e-04
1.749228309525810232e+02 1.172271028601620541e-03
1.750548065189862257e+02 8.534685239780931409e-04
1.751850569145887562e+02 2.058555783866988461e-04
1.753644746780677224e+02 2.683474816926664373e-04
1.755387169291386442e+02 3.520987360395525650e-04
1.757379741568484519e+02 7.126721101878060599e-04
1.759794980692240074e+02 9.048091569609666152e-03
1.762399988604290400e+02 1.300794812740736393e-04
1.764608207231723895e+02 1.610375025178348762e-05
1.765479418487078362e+02 1.942694145292351695e-05
1.766359255596446474e+02 7.845913112564383311e-05
1.767989542004981445e+02 2.309545063209129424e-04
1.769964862574052802e+02 7.102755739228559968e-03
1.772086822661352130e+02 5.568141110755183429e-04
1.773837871026074708e+02 5.739618164660508035e-04
1.775623422806851011e+02 9.367115541126037935e-04
1.777417600441640673e+02 1.953049065622339915e-03
1.779470553696832837e+02 1.510413058989363774e-02
1.780212377141986337e+02 1.185049107707158295e-02
1.782420595769419549e+02 8.177821657379645559e-05
1.783740351433471574e+02 1.215561708995972756e-04
1.784326909506383743e+02 1.052664499359129272e-04
1.785965821768932074e+02 8.486247490443662176e-04
1.787690992571614288e+02 3.920750974236430000e-03
1.790019973155235675e+02 1.576155723992427038e-01
1.792409334716950866e+02 1.313324468233865658e-02
1.794151757227660084e+02 9.590767036975929305e-03
1.795756166074154692e+02 1.331204378940857233e-02
1.797515840292890630e+02 3.028351880441984209e-02
