Frequency Power
6.469003253265451225e-02 3.347838174357895317e-04
3.234501626632725335e-01 1.553583143990002087e-03
7.762803903918541470e-01 9.799335816151638623e-03
1.164420585587781165e+00 4.589872642312156636e-03
1.552560780783708294e+00 3.462354748833755373e-03
1.940700975979635423e+00 1.307548654608150628e-03
2.199461106110253361e+00 1.171767665296708774e-03
2.522911268773525784e+00 1.039500170732107846e-04
2.975741496502107619e+00 1.335813837878116917e-04
3.299191659165380042e+00 1.844835090855073809e-04
3.557951789295997980e+00 7.875321592178663162e-05
4.140162082089888784e+00 1.737155678641868930e-04
4.528302277285815691e+00 1.618272231005965305e-05
4.851752439949088114e+00 4.455353727763735673e-05
5.110512570079706052e+00 2.021836963557972154e-05
5.369272700210324878e+00 6.783682456550304098e-05
5.628032830340942816e+00 6.516371990479151526e-06
5.886792960471560754e+00 2.915268490559007892e-05
6.210243123134833176e+00 3.016229755774279238e-05
6.404313220732796630e+00 2.448448363333816878e-05
6.727763383396069052e+00 9.211011110343377258e-06
6.986523513526686990e+00 1.350645079999026550e-05
7.439353741255269270e+00 3.266124902527671572e-05
7.698113871385887208e+00 3.888325759784642846e-05
8.021564034049159631e+00 4.953952990518529793e-05
8.280324164179777569e+00 2.867950829019958364e-05
8.603774326843049991e+00 3.976997504020914562e-06
8.862534456973667929e+00 3.924302599881061122e-05
9.380054717234903805e+00 1.802773272727633351e-05
9.768194912430830712e+00 1.842696818045779517e-05
1.009164507509410313e+01 2.545773943563397644e-05
1.047978527029003182e+01 1.206316795754361441e-05
1.080323543295330424e+01 1.883328513424339262e-05
1.119137562814923115e+01 6.732437433016358092e-05
1.177358592094312151e+01 4.985846295980142998e-06
1.209703608360639393e+01 1.037408447565926017e-05
1.261455634386762981e+01 7.628690949713008197e-06
1.319676663666152017e+01 1.821504150468740353e-05
1.364959686439010156e+01 4.596160880631649267e-05
1.436118722224930089e+01 1.065733198931493480e-05
1.474932741744522957e+01 2.146054753986713087e-06
1.526684767770646545e+01 2.055207151153331377e-05
1.591374800303301029e+01 2.172597445205676147e-05
1.623719816569628094e+01 2.177052796154591472e-05
1.656064832835955514e+01 1.470424060596741961e-05
1.681940845849017308e+01 1.236552954217223339e-05
1.714285862115344727e+01 4.517064235127372884e-06
1.759568884888202689e+01 1.795862958750831396e-05
1.791913901154530109e+01 1.265972010776693781e-05
1.811320910914326276e+01 2.018769654009939382e-05
1.843665927180653696e+01 2.635780693748424148e-05
1.876010943446980761e+01 2.892466982725904400e-05
1.921293966219839078e+01 2.896360366684550187e-05
1.960107985739431768e+01 2.251012087038897061e-05
1.998922005259024459e+01 1.469839044813189386e-05
2.031267021525351524e+01 1.170329667493949405e-05
2.057143034538413318e+01 1.469432007918933956e-05
2.089488050804740737e+01 1.192668920189412521e-05
2.141240076830864325e+01 1.040027091617796007e-05
2.186523099603722642e+01 2.879377493482281400e-05
2.218868115870049706e+01 5.550713057832553233e-06
2.244744128883111500e+01 2.657172397913298154e-05
2.277089145149438920e+01 1.869149608626075241e-05
2.296496154909235088e+01 1.863676067877735167e-05
2.322372167922296882e+01 1.760003540107410525e-05
2.354717184188624302e+01 2.316947850281030305e-05
2.387062200454951366e+01 2.894689034884357274e-06
2.438814226481074954e+01 6.170130487437855645e-06
2.471159242747402374e+01 1.690429187160694054e-05
2.503504259013729794e+01 2.969705804974947211e-06
2.522911268773525961e+01 7.096086342013884910e-06
2.555256285039853381e+01 2.831172344307416783e-05
2.587601301306180446e+01 1.371127571634462543e-05
2.619946317572507866e+01 2.716341340629978399e-05
2.691105353358427621e+01 2.587376485442216220e-05
2.729919372878020312e+01 1.203425852338169985e-05
2.762264389144347732e+01 1.292137961775725649e-05
2.807547411917205693e+01 1.466381338171048557e-05
2.839892428183533113e+01 5.665634182655273291e-06
2.865768441196594907e+01 8.117523108073664936e-06
2.898113457462922327e+01 3.929121072823999996e-05
2.930458473729249391e+01 1.769699648432598453e-05
2.962803489995576811e+01 7.237580864214757579e-06
3.001617509515169502e+01 1.687241095918521907e-06
3.033962525781496566e+01 6.149518527195087915e-06
3.072776545301089257e+01 1.015791298887329253e-05
3.105121561567416677e+01 5.993709713237245325e-06
3.137466577833743742e+01 8.441636765113081495e-06
3.182749600606602058e+01 3.596463985536724108e-05
3.215094616872929123e+01 1.041506250115342377e-05
3.247439633139256188e+01 2.686324955235758248e-05
3.305660662418645757e+01 1.714775218982277102e-05
3.331536675431707550e+01 6.859878986943127103e-07
3.357412688444769344e+01 1.281062617210496715e-05
3.422102720977423473e+01 1.542263800577829374e-05
3.480323750256813042e+01 1.660915051340847200e-05
3.512668766523140107e+01 3.853289226995938488e-06
3.532075776282936630e+01 1.436874965262751279e-05
3.564420792549263695e+01 1.839434692733968719e-05
3.596765808815590759e+01 1.922448715124497971e-05
3.661455841348245599e+01 2.443720217294992060e-05
3.713207867374369187e+01 7.906561499922846656e-06
3.739083880387430980e+01 4.039786231116251439e-06
3.764959893400492774e+01 3.118538633433985949e-06
3.797304909666819839e+01 1.770347769879000580e-05
3.823180922679881633e+01 2.142497495744108771e-05
3.868463945452739949e+01 6.856243466509072323e-06
3.907277964972332285e+01 4.227603900028757087e-05
3.971967997504987125e+01 2.567955407666531263e-05
3.997844010518048918e+01 2.723999959258253619e-05
4.030189026784375983e+01 9.018419130406478895e-06
4.081941052810499571e+01 2.722495100382840970e-05
4.114286069076826635e+01 3.118707659661817922e-05
4.153100088596419681e+01 1.210433680725577906e-05
4.185445104862746746e+01 2.718793148586958006e-05
4.217790121129074521e+01 1.150398847263916767e-05
4.243666134142136315e+01 2.015170482168309409e-05
4.276011150408463379e+01 2.539792769598331012e-05
4.327763176434586967e+01 1.361392841869743059e-05
4.353639189447648761e+01 2.488988257932172083e-05
4.424798225233568871e+01 2.533881104335284926e-05
4.489488257766223001e+01 4.568693345876974929e-05
4.521833274032550065e+01 8.257215369710910161e-06
4.554178290298877840e+01 2.077147899055754960e-05
4.580054303311939634e+01 1.026637783060169485e-05
4.638275332591328493e+01 8.636485507725677127e-06
4.670620348857655557e+01 2.690729789404574153e-06
4.709434368377248603e+01 1.703716253035829191e-05
4.754717391150106920e+01 7.849743738438271409e-06
4.780593404163168714e+01 2.263745881532521395e-05
4.819407423682761049e+01 1.686603496776884107e-05
4.897035462721946431e+01 3.960493388276517053e-06
4.916442472481742954e+01 5.054787162484242903e-06
4.961725495254601270e+01 3.492927085496890302e-05
5.039353534293786652e+01 1.345339583865841412e-05
5.091105560319910239e+01 2.142093894507814334e-05
5.136388583092768556e+01 1.503860166447764823e-05
5.194609612372157414e+01 5.007415459022988109e-05
5.239892635145015731e+01 1.738418626978610374e-06
5.298113664424404590e+01 1.480890733444457490e-05
5.330458680690731654e+01 4.332612854344767384e-05
5.375741703463589971e+01 9.490279060133425756e-06
5.401617716476651765e+01 5.395871611995180614e-06
5.446900739249510082e+01 2.108041068626991533e-05
5.485714758769102417e+01 3.857504655830690681e-06
5.530997781541960734e+01 5.145292947600453644e-06
5.621563827087677367e+01 2.710594037940320124e-05
5.660377846607269703e+01 1.060964501159938671e-05
5.705660869380128020e+01 2.086122509745270029e-05
5.738005885646455084e+01 2.190363821906683562e-05
5.763881898659516878e+01 1.002459173148166728e-05
5.796226914925844653e+01 1.849151682277977275e-05
5.835040934445436989e+01 3.975087524254172902e-06
5.860916947458498782e+01 4.824766725266694520e-06
5.899730966978091828e+01 2.203529891781998883e-05
5.938544986497684164e+01 1.494079402295122295e-05
5.970890002764011228e+01 3.596407215249809762e-05
6.016173025536869545e+01 2.667188318606542838e-05
6.067925051562993133e+01 1.948025840562423645e-05
6.100270067829320197e+01 6.382836424633586677e-06
6.139084087348913243e+01 5.465740064102566048e-05
6.190836113375036831e+01 1.409358920448518837e-05
6.229650132894629877e+01 2.181035241691982757e-05
6.261995149160956942e+01 4.708471960928201399e-06
6.307278171933815258e+01 1.942875808160443943e-05
6.339623188200142323e+01 7.713958887139501380e-05
6.371968204466469388e+01 1.482484238701732145e-05
6.423720230492592975e+01 3.665089768265921430e-05
6.462534250012186021e+01 4.258574253282476030e-06
6.494879266278512375e+01 1.895348852554446989e-05
6.527224282544840150e+01 3.029011540593048833e-05
