Frequency Power
1.265229675007587817e-01 9.953351552915230827e-02
2.108716125012646547e-01 2.936285633312445131e-02
2.952202575017705000e-01 1.956412660660930211e-02
3.795689025022763730e-01 8.465529654833683221e-03
4.639175475027822459e-01 8.136007584996836350e-03
5.482661925032881189e-01 4.048522911061695415e-03
6.326148375037939919e-01 4.276624462213098228e-03
7.169634825042998649e-01 2.554477764467578092e-03
8.013121275048057379e-01 2.470319283471067266e-03
8.856607725053116109e-01 1.913889981005177481e-03
9.700094175058173729e-01 1.481103287851531780e-03
1.054358062506323357e+00 1.576474816955143960e-03
1.138706707506829119e+00 9.011315155843721818e-04
1.223055352507335103e+00 1.350984036741513647e-03
1.307403997507840865e+00 5.595929477348054884e-04
1.391752642508346627e+00 1.162698043558830141e-03
1.476101287508852611e+00 3.704878510797528072e-04
1.560449932509358373e+00 9.834466943963594398e-04
1.644798577509864357e+00 2.828416326226877264e-04
1.729147222510370119e+00 8.061528606480451026e-04
1.813495867510876103e+00 2.618210041411149947e-04
1.897844512511381865e+00 6.335861401661588461e-04
1.982193157511887849e+00 2.810377960558298020e-04
2.066541802512393833e+00 4.725507432591582882e-04
2.150890447512899595e+00 3.194895800561236340e-04
2.235239092513405357e+00 3.305814184181516736e-04
2.319587737513911119e+00 3.605667871007289848e-04
2.403936382514416881e+00 2.140294108194166730e-04
2.488285027514923087e+00 3.919274974207647105e-04
2.572633672515428849e+00 1.270253462984921448e-04
2.656982317515934611e+00 4.055904431917634512e-04
2.741330962516440373e+00 7.103024977171907076e-05
2.825679607516946579e+00 3.978793818042266521e-04
2.910028252517452341e+00 4.479271202247450315e-05
2.994376897517958103e+00 3.690459376001982471e-04
3.078725542518463865e+00 4.459927512920045282e-05
3.163074187518969627e+00 3.225491439268530656e-04
3.247422832519475833e+00 6.475141258323743540e-05
3.331771477519981595e+00 2.640783006491486447e-04
3.416120122520487357e+00 9.822299972592156273e-05
3.500468767520993119e+00 2.004632453340131771e-04
3.584817412521499325e+00 1.374464586180219753e-04
3.669166057522005087e+00 1.386231707639742135e-04
3.753514702522510849e+00 1.751526701977498693e-04
3.837863347523016611e+00 8.467456109332491515e-05
3.922211992523522817e+00 2.051652670737199831e-04
4.006560637524028579e+00 4.327097408037270168e-05
4.090909282524534341e+00 2.230404944666907429e-04
4.175257927525040103e+00 1.720161800034629486e-05
4.259606572525545864e+00 2.264593984851760982e-04
4.343955217526051626e+00 7.243443101054064778e-06
4.428303862526557388e+00 2.153190666540338036e-04
4.512652507527064039e+00 1.224421403395986874e-05
4.597001152527569801e+00 1.915236893265493214e-04
4.681349797528075563e+00 2.940582905645357524e-05
4.765698442528581324e+00 1.585286157197922472e-04
4.850047087529087086e+00 5.473005776071646343e-05
4.934395732529592848e+00 1.207273232511038065e-04
5.018744377530098610e+00 8.357802036440800035e-05
5.103093022530604372e+00 8.278479753209642001e-05
5.187441667531110134e+00 1.112807753996875650e-04
5.271790312531616784e+00 4.901243205140257326e-05
5.356138957532122546e+00 1.337267200415964696e-04
5.440487602532628308e+00 2.285679489545533872e-05
5.524836247533134070e+00 1.478491281217987879e-04
5.609184892533639832e+00 6.547039496312464814e-06
5.693533537534145594e+00 1.519487870290621770e-04
5.777882182534651356e+00 9.206703065690857524e-07
5.862230827535157118e+00 1.458122308353367047e-04
5.946579472535662880e+00 5.427741960717207670e-06
6.030928117536169530e+00 1.306201420595061598e-04
6.115276762536675292e+00 1.829850383494915076e-05
6.199625407537181054e+00 1.086746591698843899e-04
6.283974052537686816e+00 3.684659370942682210e-05
6.368322697538192578e+00 8.300033650798037377e-05
6.452671342538698340e+00 5.786763816324623944e-05
6.537019987539204102e+00 5.688640396709877611e-05
6.621368632539709864e+00 7.808228504782911987e-05
6.705717277540216514e+00 3.343742440298527426e-05
6.790065922540722276e+00 9.456603558548041968e-05
6.874414567541228038e+00 1.518871575916693330e-05
6.958763212541733800e+00 1.051090137312918734e-04
7.043111857542239562e+00 3.826878205681343324e-06
7.127460502542745324e+00 1.084588947120452803e-04
7.296157792543756848e+00 1.044187564955536749e-04
7.380506437544262610e+00 3.494388761746663511e-06
7.464855082544769260e+00 9.379506822274371713e-05
7.549203727545275022e+00 1.296067153826442520e-05
7.633552372545780784e+00 7.821418033310313937e-05
7.717901017546286546e+00 2.651793936619770904e-05
7.802249662546792308e+00 5.984370950011959459e-05
7.886598307547298070e+00 4.185452998616786988e-05
7.970946952547803832e+00 4.106515170426725203e-05
8.055295597548310482e+00 5.659436550146524204e-05
8.131209378048765757e+00 2.415374066343323479e-05
8.223992887549322006e+00 6.861429779498133248e-05
8.299906668049777281e+00 1.096822372428957638e-05
8.384255313050282155e+00 7.634834548522878551e-05
8.468603958050788805e+00 2.737772750422660448e-06
8.552952603051293679e+00 7.887620149098044375e-05
8.721649893052306979e+00 7.602658916619012557e-05
8.805998538052811853e+00 2.546175363008908207e-06
8.890347183053318503e+00 6.836991856753514107e-05
8.974695828053823377e+00 9.478001024726403641e-06
9.059044473054330027e+00 5.707495264795886644e-05
9.143393118054834900e+00 1.939211430808742315e-05
9.227741763055341551e+00 4.371210547287838739e-05
9.312090408055846424e+00 3.059160129954058071e-05
9.396439053056353075e+00 3.001868571683505559e-05
9.480787698056859725e+00 4.133505271462667332e-05
9.565136343057364599e+00 1.765885080081115672e-05
9.649484988057871249e+00 5.007256195704728622e-05
9.733833633058376122e+00 8.009211668186117582e-06
9.818182278058882773e+00 5.563879471518953503e-05
9.902530923059387646e+00 1.995974230486954520e-06
9.986879568059894297e+00 5.737990971904973218e-05
1.015557685806090582e+01 5.520130262341512600e-05
1.023992550306141247e+01 1.851672750261209324e-06
1.032427414806191734e+01 4.953966274315870714e-05
1.040862279306242399e+01 6.873716418876419896e-06
1.049297143806292887e+01 4.126380908704755751e-05
1.057732008306343552e+01 1.402554860895338126e-05
1.066166872806394039e+01 3.152876689213518409e-05
1.074601737306444704e+01 2.206162319796566923e-05
1.083036601806495192e+01 2.160187719535003063e-05
1.091471466306545857e+01 2.971706601403342583e-05
1.099906330806596522e+01 1.268653151055905419e-05
1.108341195306647009e+01 3.588019860756669436e-05
1.116776059806697674e+01 5.766201590684590664e-06
1.125210924306748161e+01 3.973045121315935921e-05
1.133645788806798826e+01 1.488011088030759761e-06
1.142080653306849314e+01 4.082539637682607909e-05
1.150515517806899979e+01 9.923480508474322000e-08
1.158950382306950466e+01 3.912948828480863417e-05
1.167385246807001131e+01 1.442586868256177038e-06
1.175820111307051796e+01 3.498589955298879065e-05
1.184254975807102284e+01 5.007734760299734703e-06
1.192689840307152949e+01 2.904026194934835115e-05
1.201124704807203436e+01 1.002835703819995208e-05
1.209559569307254101e+01 2.213043801302067655e-05
1.217994433807304588e+01 1.560796398760781498e-05
1.226429298307355253e+01 1.515896067801517197e-05
1.234864162807405741e+01 2.085369885848440693e-05
1.243299027307456406e+01 8.966803574739009040e-06
1.251733891807507071e+01 2.499883320435315176e-05
1.260168756307557558e+01 4.223942390722695443e-06
1.268603620807608223e+01 2.749670284339167050e-05
1.277038485307658711e+01 1.351187036157877690e-06
1.285473349807709376e+01 2.807582715147388921e-05
1.293908214307759863e+01 4.818676226038948555e-07
1.302343078807810528e+01 2.675217418866622808e-05
1.310777943307861193e+01 1.466564863289213030e-06
1.319212807807911680e+01 2.380111562800266752e-05
1.327647672307962345e+01 3.917574098530046368e-06
1.336082536808012833e+01 1.969661379115499619e-05
1.344517401308063498e+01 7.284011280520303010e-06
1.352952265808113985e+01 1.502891322209775111e-05
1.361387130308164650e+01 1.094407623943441001e-05
1.369821994808215138e+01 1.041323941002073040e-05
1.378256859308265803e+01 1.429940202790160695e-05
1.386691723808316468e+01 6.402595792589735989e-06
1.395126588308366955e+01 1.685720194786486184e-05
1.403561452808417620e+01 3.416129254336942743e-06
1.411996317308468107e+01 1.828926008526798291e-05
1.420431181808518772e+01 1.692025914019376771e-06
1.428866046308569260e+01 1.846151140911361969e-05
1.437300910808619925e+01 1.270321483796519756e-06
1.445735775308670412e+01 1.743244136272106482e-05
1.454170639808721077e+01 2.003862592039639267e-06
1.462605504308771742e+01 1.542704632366835756e-05
1.471040368808822230e+01 3.602362728646298759e-06
1.479475233308872895e+01 1.278408301151778660e-05
1.487910097808923382e+01 5.683940680841874608e-06
1.496344962308974047e+01 9.899003327615490884e-06
1.504779826809024534e+01 7.844384221970737088e-06
1.513214691309075199e+01 7.159694423999541256e-06
1.521649555809125687e+01 9.718640003941782856e-06
1.530084420309176352e+01 4.890780739159888849e-06
1.538519284809227017e+01 1.103097986414383693e-05
1.546954149309277504e+01 3.312049602290345054e-06
1.555389013809328169e+01 1.162616002329335811e-05
1.563823878309378657e+01 2.516325854250611561e-06
1.572258742809429322e+01 1.147882672205505741e-05
1.580693607309479809e+01 2.468766779633556358e-06
1.589128471809530474e+01 1.068205908026629062e-05
1.597563336309580961e+01 3.026288751991650374e-06
1.605998200809631626e+01 9.419032814265243888e-06
1.614433065309682291e+01 3.972234846457549666e-06
1.622867929809732956e+01 7.923742520116823759e-06
1.631302794309783266e+01 5.059829543970736546e-06
1.639737658809833931e+01 6.437868910738942119e-06
1.648172523309884596e+01 6.056127932948574856e-06
1.656607387809935261e+01 5.170604073971164721e-06
1.665042252309985571e+01 6.779244476147669407e-06
1.673477116810036236e+01 4.267508708288789154e-06
1.681911981310086901e+01 7.123157714262739845e-06
1.690346845810137566e+01 3.792649349658334426e-06
1.698781710310188231e+01 7.067102930157487036e-06
1.707216574810238541e+01 3.726052849362381607e-06
1.715651439310289206e+01 6.669432468607413764e-06
1.724086303810339871e+01 3.975965210836542797e-06
1.732521168310390536e+01 6.048387192231234591e-06
1.740956032810440846e+01 4.402823935853885141e-06
1.749390897310491511e+01 5.354144434552525676e-06
1.757825761810542176e+01 4.850157098830651088e-06
1.766260626310592841e+01 4.737450833280814091e-06
1.774695490810643506e+01 5.176321159444439975e-06
1.783130355310693815e+01 4.320374779292490911e-06
1.791565219810744480e+01 5.281358866711461540e-06
1.800000084310795145e+01 4.174024405624381537e-06
1.808434948810845810e+01 5.124343951809239275e-06
1.816869813310896120e+01 4.306747462345516809e-06
1.825304677810946785e+01 4.728626747270777444e-06
1.833739542310997450e+01 4.664561673111646117e-06
1.842174406811048115e+01 4.174682427676423485e-06
1.850609271311098780e+01 5.143418918001802461e-06
1.859044135811149090e+01 3.582445679320305506e-06
1.867479000311199755e+01 5.610817841295316715e-06
1.875913864811250420e+01 3.086712619342283216e-06
1.884348729311301085e+01 5.932723790181691187e-06
1.892783593811351395e+01 2.810113715228614071e-06
1.901218458311402060e+01 6.000659206881402612e-06
1.909653322811452725e+01 2.838415846872380720e-06
1.918088187311503390e+01 5.753966407796472805e-06
1.926523051811554055e+01 3.202425861017491373e-06
1.934957916311604365e+01 5.193198271193030202e-06
1.943392780811655030e+01 3.869632948138973393e-06
1.951827645311705695e+01 4.382241084834471984e-06
1.960262509811756360e+01 4.747185621920876734e-06
1.968697374311806669e+01 3.438861475037972832e-06
1.977132238811857334e+01 5.695972270679142301e-06
1.985567103311907999e+01 2.514865604844854386e-06
1.994001967811958664e+01 6.555031784615714199e-06
2.002436832312009329e+01 1.797687690634497330e-06
2.010871696812059639e+01 7.156366157867587631e-06
2.019306561312110304e+01 1.366885810014641786e-06
2.027741425812160969e+01 7.387445134316244221e-06
2.036176290312211634e+01 1.376644140813336184e-06
2.044611154812261944e+01 7.171080277584487641e-06
2.053046019312312609e+01 1.847847575771107254e-06
2.061480883812363274e+01 6.507995183677400397e-06
2.069915748312413939e+01 2.743453285746116936e-06
2.078350612812464604e+01 5.471730180662646004e-06
2.086785477312514914e+01 3.956641300811108423e-06
2.095220341812565579e+01 4.200138457192866738e-06
2.103655206312616244e+01 5.324236642634961656e-06
2.112090070812666909e+01 2.875696419955200413e-06
2.120524935312717218e+01 6.650110502317851076e-06
2.128959799812767884e+01 1.698267647732952817e-06
2.137394664312818549e+01 7.734868764468990317e-06
2.145829528812869214e+01 8.545217142603433338e-07
2.154264393312919879e+01 8.407123906501079755e-06
2.162699257812970188e+01 4.887316666514708981e-07
2.171134122313020853e+01 8.551269897049948836e-06
2.179568986813071518e+01 6.793516922102281795e-07
2.188003851313122183e+01 8.127234243651412915e-06
2.196438715813172493e+01 1.425004784238131142e-06
2.204873580313223158e+01 7.178650006904111637e-06
2.213308444813273823e+01 2.642122119537621507e-06
2.221743309313324488e+01 5.828354609549616761e-06
2.230178173813375153e+01 4.174921442893127740e-06
2.238613038313425463e+01 4.261582311519915480e-06
2.247047902813476128e+01 5.816519596497239320e-06
2.255482767313526793e+01 2.699604877173087546e-06
2.263917631813577458e+01 7.338346883245013206e-06
2.272352496313627768e+01 1.367699693494542406e-06
2.280787360813678433e+01 8.523489301683120900e-06
2.289222225313729098e+01 4.623626529024379586e-07
2.297657089813779763e+01 9.199027145279252402e-06
2.306091954313830428e+01 1.223173336328960430e-07
2.314526818813880737e+01 9.262216583371886994e-06
2.322961683313931402e+01 4.077184166902084222e-07
2.331396547813982068e+01 8.696510529985375506e-06
2.339831412314032733e+01 1.290418542951457805e-06
2.348266276814083042e+01 7.574838103355694260e-06
2.356701141314133707e+01 2.656872399214310202e-06
2.365136005814184372e+01 6.049589463512095010e-06
2.373570870314235037e+01 4.323280763940858323e-06
2.382005734814285702e+01 4.331309225118425627e-06
2.390440599314336012e+01 6.061448760728563484e-06
2.398875463814386677e+01 2.658232357273563029e-06
2.407310328314437342e+01 7.630750185429550621e-06
2.415745192814488007e+01 1.262875442701763911e-06
2.424180057314538317e+01 8.812766393981302167e-06
2.432614921814588982e+01 3.389113002682715466e-07
2.441049786314639647e+01 9.442484291249227262e-06
2.449484650814690312e+01 1.397604609904602287e-08
2.457919515314740977e+01 9.431962747258352818e-06
2.466354379814791287e+01 3.317740676747552817e-07
2.474789244314841952e+01 8.782726733823896333e-06
2.483224108814892617e+01 1.246155310775749318e-06
2.491658973314943282e+01 7.585088820779711737e-06
2.500093837814993591e+01 2.627743698356719209e-06
2.508528702315044256e+01 6.004853209646522336e-06
2.516963566815094921e+01 4.282482267313703120e-06
2.524554944865140627e+01 4.261452760377244267e-06
2.533833295815196252e+01 5.979529181252439498e-06
2.541424673865241601e+01 2.591900333835466665e-06
2.550703024815297226e+01 7.488916029021255454e-06
2.558294402865342931e+01 1.209301888912586603e-06
2.566729267365393241e+01 8.580280310039947530e-06
2.575164131865443906e+01 3.124089777324430192e-07
2.583598996365494571e+01 9.146112824321547596e-06
2.600468725365595901e+01 9.085066625470469213e-06
2.609747076315651526e+01 3.089486120195005692e-07
2.617338454365696876e+01 8.413201863571780973e-06
2.625773318865747541e+01 1.181580981128801506e-06
2.634208183365798206e+01 7.227259754623780202e-06
2.642643047865848516e+01 2.487381814262398094e-06
2.651077912365899181e+01 5.692173847617964746e-06
2.659512776865949846e+01 4.034667571105483435e-06
2.667947641366000511e+01 4.017886196726470095e-06
2.676382505866051176e+01 5.602699825460331334e-06
2.684817370366101486e+01 2.428376317072815900e-06
2.693252234866152151e+01 6.971386274462876237e-06
2.701687099366202816e+01 1.131534141435039677e-06
2.710121963866253481e+01 7.952648981086944975e-06
2.718556828366303790e+01 2.900524008917046747e-07
2.726991692866354455e+01 8.415552300237240084e-06
2.743861421866455785e+01 8.303109960650492387e-06
2.752296286366506450e+01 2.791646246477816396e-07
2.760731150866556760e+01 7.638284646317737082e-06
2.769166015366607425e+01 1.066063292676819435e-06
2.777600879866658090e+01 6.518675222059167854e-06
2.786035744366708755e+01 2.231197016915339904e-06
2.794470608866759065e+01 5.100956858845151629e-06
2.802905473366809730e+01 3.596432018722652815e-06
2.811340337866860395e+01 3.577604037778787913e-06
2.819775202366911060e+01 4.961499085985153337e-06
2.828210066866961725e+01 2.149277795411704528e-06
2.836644931367012035e+01 6.132485871696257947e-06
2.845079795867062700e+01 9.968932725349393027e-07
2.853514660367113365e+01 6.948493653498159771e-06
2.861949524867164030e+01 2.572623656266628387e-07
2.870384389367214339e+01 7.302789710500311797e-06
2.878819253867265004e+01 5.677358264068670681e-09
2.887254118367315670e+01 7.161612484566901511e-06
2.895688982867366335e+01 2.464452786017852612e-07
2.904123847367417000e+01 6.539912342354176597e-06
2.912558711867467309e+01 9.180374653604487260e-07
2.920993576367517974e+01 5.544287787332379398e-06
2.929428440867568639e+01 1.900191105649227946e-06
2.937863305367619304e+01 4.311799007367676940e-06
2.946298169867669614e+01 3.035764195471148992e-06
2.954733034367720279e+01 3.009356992820133076e-06
2.963167898867770944e+01 4.153414706265897722e-06
2.971602763367821609e+01 1.806160422958997961e-06
2.980037627867872274e+01 5.092379919982212888e-06
2.988472492367922584e+01 8.498808786741375278e-07
2.996907356867973249e+01 5.724192828654990251e-06
3.005342221368023914e+01 2.472379449782741268e-07
3.013777085868074579e+01 5.969452878443796704e-06
3.022211950368124889e+01 5.093991470094704485e-08
3.030646814868175554e+01 5.804861683274535367e-06
3.039081679368226219e+01 2.548753972500550796e-07
3.047516543868276884e+01 5.266334100260839043e-06
3.055951408368327549e+01 7.979408537971224648e-07
3.064386272868377858e+01 4.438101977842053864e-06
3.072821137368428523e+01 1.575605595598956340e-06
3.081256001868479188e+01 3.439791302796347850e-06
3.089690866368529854e+01 2.457047371074967009e-06
3.098125730868580163e+01 2.407581840670457727e-06
3.106560595368630828e+01 3.305248806360211710e-06
3.114995459868681493e+01 1.474171589371261282e-06
3.123430324368732158e+01 3.996750168964343701e-06
3.131865188868782823e+01 7.503630144003018731e-07
3.140300053368833133e+01 4.438335069167962799e-06
3.148734917868883798e+01 3.106724143166996207e-07
3.157169782368934463e+01 4.578066060924987474e-06
3.165604646868985128e+01 1.850102849123875327e-07
3.174039511369035438e+01 4.410290220884579838e-06
3.182474375869086103e+01 3.571856328847857564e-07
3.190909240369136768e+01 3.972754226490251737e-06
3.199344104869187433e+01 7.703727417392565536e-07
3.207778969369238098e+01 3.338456459069402509e-06
3.216213833869288408e+01 1.338236820171702581e-06
3.224648698369339428e+01 2.602863684734004102e-06
3.233083562869389738e+01 1.959531834217883668e-06
3.241518427369440047e+01 1.868208629871769513e-06
3.249953291869491068e+01 2.534174847656125426e-06
3.258388156369541377e+01 1.228498461379625766e-06
3.266823020869592398e+01 2.977851637576049011e-06
3.275257885369642707e+01 7.562625114652859182e-07
3.283692749869693017e+01 3.233056395441313820e-06
3.292127614369744038e+01 4.936012767499631792e-07
3.300562478869794347e+01 3.275484442180473835e-06
3.308997343369844657e+01 4.482865455034434156e-07
3.317432207869895677e+01 3.114638913599984165e-06
3.325867072369945987e+01 5.955209975025341574e-07
3.334301936869997007e+01 2.789504192412696154e-06
3.342736801370047317e+01 8.844955798486780070e-07
3.351171665870097627e+01 2.359954415839914251e-06
3.359606530370148647e+01 1.248613029880697356e-06
3.368041394870198957e+01 1.895718076815994953e-06
3.376476259370249977e+01 1.617375082833811182e-06
3.384911123870300287e+01 1.464575257456195484e-06
3.393345988370350597e+01 1.927962448945325350e-06
3.401780852870401617e+01 1.121867015009277020e-06
3.410215717370451927e+01 2.134578771559273867e-06
3.418650581870502947e+01 9.027525388545319968e-07
3.427085446370553257e+01 2.214287521266383039e-06
3.435520310870603566e+01 8.182664938931725969e-07
3.443955175370654587e+01 2.168478781933573534e-06
3.452390039870704896e+01 8.558548394629814407e-07
3.460824904370755206e+01 2.020289805184548708e-06
3.469259768870806226e+01 9.836426565817754065e-07
3.477694633370856536e+01 1.808441756673662009e-06
3.486129497870907556e+01 1.157959558928527058e-06
3.494564362370957866e+01 1.578953076630648086e-06
3.502999226871008176e+01 1.332269964069471981e-06
3.511434091371059196e+01 1.376140922841530035e-06
3.519868955871109506e+01 1.466077951585393140e-06
3.528303820371160526e+01 1.234515012015916203e-06
3.536738684871210836e+01 1.532110030246946185e-06
3.545173549371261146e+01 1.172912284871850284e-06
3.553608413871312166e+01 1.520688194362523385e-06
3.562043278371362476e+01 1.191760322156808909e-06
3.570478142871413496e+01 1.440478517205008349e-06
3.578913007371463806e+01 1.274018248704285575e-06
3.587347871871514116e+01 1.315858402326700031e-06
3.595782736371565136e+01 1.389264878798971928e-06
3.604217600871615446e+01 1.181337664974500459e-06
3.612652465371665755e+01 1.500385214293860724e-06
3.621087329871716776e+01 1.074189075859295965e-06
3.629522194371767085e+01 1.571402290692889413e-06
3.637957058871818106e+01 1.026697998305013380e-06
3.646391923371868415e+01 1.575044336189149293e-06
3.654826787871918725e+01 1.059338829656348145e-06
3.663261652371969745e+01 1.498610353609966749e-06
3.671696516872020055e+01 1.176173711025473766e-06
3.680131381372071075e+01 1.347063804902445394e-06
3.688566245872121385e+01 1.363270685475268493e-06
3.697001110372171695e+01 1.142717940145284729e-06
3.705435974872222715e+01 1.590642086736274341e-06
3.713870839372273025e+01 9.217218999315532075e-07
3.722305703872324045e+01 1.817132749461852589e-06
3.730740568372374355e+01 7.277506456893068881e-07
3.739175432872424665e+01 1.997749025310358181e-06
3.747610297372475685e+01 6.041382530473565774e-07
3.756045161872525995e+01 2.092012728478950174e-06
3.764480026372576305e+01 5.857184163974925025e-07
3.772914890872627325e+01 2.071831985855186160e-06
3.781349755372677635e+01 6.918104474294134962e-07
3.789784619872728655e+01 1.927503603382985327e-06
3.798219484372778965e+01 9.215947790783102148e-07
3.806654348872829274e+01 1.670790880347012362e-06
3.815089213372880295e+01 1.252690472493413680e-06
3.823524077872930604e+01 1.334193807602484534e-06
3.831958942372981625e+01 1.643549528093007505e-06
3.840393806873031934e+01 9.668337295647698684e-07
3.848828671373082244e+01 2.039036724924592896e-06
3.857263535873133264e+01 6.271654393310987162e-07
3.865698400373183574e+01 2.378851163235509656e-06
3.874133264873234594e+01 3.738671563608880805e-07
3.882568129373284904e+01 2.607160443101190764e-06
3.891002993873335214e+01 2.562858808953114538e-07
3.899437858373386234e+01 2.682084498265085317e-06
3.907872722873436544e+01 3.059247832354192701e-07
3.916307587373486854e+01 2.583237820648966649e-06
3.924742451873537874e+01 5.303696469068215522e-07
3.933177316373588184e+01 2.316223944858800337e-06
3.941612180873639204e+01 9.106402439593979971e-07
3.950047045373689514e+01 1.912986091073797945e-06
3.958481909873739824e+01 1.402700197591267015e-06
3.966916774373790844e+01 1.428162930283411651e-06
3.975351638873841154e+01 1.942201936951846123e-06
3.983786503373892174e+01 9.315046435691221826e-07
3.992221367873942484e+01 2.445782401261531536e-06
4.000656232373992793e+01 5.046777093534769514e-07
4.009091096874043814e+01 2.898941737220220934e-06
4.017525961374094123e+01 1.977291139051219336e-07
4.025960825874145144e+01 3.143691515586191161e-06
4.034395690374195453e+01 8.143663901289402917e-08
4.042830554874245763e+01 3.193597293820254461e-06
4.051265419374296783e+01 1.775207199215499081e-07
4.059700283874347093e+01 3.028448283396330113e-06
4.068135148374397403e+01 4.834480507383071877e-07
4.076570012874448423e+01 2.665464548331268525e-06
4.085004877374498733e+01 9.661570167075932110e-07
4.093439741874549753e+01 2.151946516301785832e-06
4.101874606374600063e+01 1.565710528025243877e-06
4.110309470874650373e+01 1.558479539850618846e-06
4.118744335374701393e+01 2.203338642704655105e-06
4.127179199874751703e+01 9.690882289416247513e-07
4.135614064374802723e+01 2.792389401568506203e-06
4.143205442424847718e+01 4.694140551356979718e-07
4.152483793374903343e+01 3.250759463085492184e-06
4.160075171424949048e+01 1.343080577179657814e-07
4.169353522375004673e+01 3.512979421441661473e-06
4.177788386875055693e+01 1.477619301590435193e-08
4.186223251375106003e+01 3.540036586178106819e-06
4.194658115875156312e+01 1.357959775378508103e-07
4.203092980375207333e+01 3.325727363875296775e-06
4.211527844875257642e+01 4.859203768832244287e-07
4.219119222925303347e+01 2.898490274661199369e-06
4.228397573875358972e+01 1.021772688806400069e-06
4.235988951925404677e+01 2.319282334024314553e-06
4.245267302875460302e+01 1.672974460055465210e-06
4.252858680925505297e+01 1.662662709949235222e-06
4.262137031875560922e+01 2.351853714526767148e-06
4.269728409925606627e+01 1.020166320841174444e-06
4.278163274425657647e+01 2.966694765778097037e-06
4.286598138925707957e+01 4.821860920526939893e-07
4.295033003425758267e+01 3.437002808566814014e-06
4.303467867925809287e+01 1.251094156346307359e-07
4.311902732425859597e+01 3.693717744261337497e-06
4.328772461425960927e+01 3.708400274573400517e-06
4.338050812376016552e+01 1.285757892515017919e-07
4.345642190426062257e+01 3.458621441549731552e-06
4.354920541376117882e+01 4.905421325446460515e-07
4.362511919426162876e+01 2.997106516474690806e-06
4.370946783926213897e+01 1.037603355482744215e-06
4.379381648426264206e+01 2.381244625819392305e-06
4.387816512926315227e+01 1.697214885060839333e-06
4.396251377426365536e+01 1.695505873743851342e-06
4.404686241926415846e+01 2.377014725253003039e-06
4.413121106426466866e+01 1.033736137414497115e-06
4.421555970926517176e+01 2.983357751230644791e-06
4.429990835426568196e+01 4.859336307505458328e-07
4.438425699926618506e+01 3.432964104540371672e-06
4.446860564426668816e+01 1.257044999928833209e-07
4.455295428926719836e+01 3.665396798755420105e-06
4.472165157926821166e+01 3.646620552108492178e-06
4.489034886926921786e+01 3.384333665477005735e-06
4.497469751426972806e+01 4.731000604362386707e-07
4.505904615927023116e+01 2.913861508267300184e-06
4.514339480427073426e+01 9.990110391645327690e-07
4.522774344927124446e+01 2.300556147887091995e-06
4.531209209427174756e+01 1.624482192822181063e-06
4.539644073927225776e+01 1.628277533054747409e-06
4.548078938427276086e+01 2.260829069840318001e-06
4.556513802927326395e+01 9.874182896081931852e-07
4.564948667427377416e+01 2.819094053809512099e-06
4.573383531927427725e+01 4.624292646740612715e-07
4.581818396427478746e+01 3.222591171124260705e-06
4.590253260927529055e+01 1.201402859308262546e-07
4.598688125427579365e+01 3.416761947405986888e-06
4.615557854427680695e+01 3.378209808462891764e-06
4.623992718927731715e+01 1.121906644942944018e-07
4.632427583427782025e+01 3.114309773845932826e-06
4.640862447927832335e+01 4.312123511879442890e-07
4.649297312427883355e+01 2.664033694839300667e-06
4.657732176927933665e+01 9.057161584625423779e-07
4.666167041427983975e+01 2.090360318347288353e-06
4.674601905928034995e+01 1.463627977974702628e-06
4.683036770428085305e+01 1.471473387992468860e-06
4.691471634928136325e+01 2.023361619296840345e-06
4.699906499428186635e+01 8.893915673063269426e-07
4.708341363928236945e+01 2.505496808847065396e-06
4.716776228428287965e+01 4.184924716444446370e-07
4.725211092928338275e+01 2.843572530383988262e-06
4.733645957428389295e+01 1.152884849190061195e-07
4.742080821928439605e+01 2.993955890467520600e-06
4.750515686428489914e+01 1.126546636104995430e-08
4.758950550928540935e+01 2.939207075149858866e-06
4.767385415428591244e+01 1.091384641928459333e-07
4.775820279928642265e+01 2.691313935315503054e-06
4.784255144428692574e+01 3.835940238884459673e-07
4.792690008928742884e+01 2.288076157093022397e-06
4.801124873428793904e+01 7.858330749189410386e-07
4.809559737928844214e+01 1.787173545399734201e-06
4.817994602428894524e+01 1.251568241474496318e-06
4.826429466928945544e+01 1.256858250103913100e-06
4.834864331428995854e+01 1.710231956512880816e-06
4.843299195929046874e+01 7.670360692859416991e-07
4.851734060429097184e+01 2.096070561492589865e-06
4.860168924929147494e+01 3.780132645862262779e-07
4.868603789429198514e+01 2.356491059420198728e-06
4.877038653929248824e+01 1.336406665681423778e-07
4.885473518429299844e+01 2.458740713382695466e-06
4.893908382929350154e+01 5.527884834289976817e-08
4.902343247429400463e+01 2.394161802356742343e-06
4.910778111929451484e+01 1.400450838941366523e-07
4.919212976429501794e+01 2.177099174881695707e-06
4.927647840929552814e+01 3.621626553554371048e-07
4.936082705429603124e+01 1.843726046064992054e-06
4.944517569929653433e+01 6.788925315991420674e-07
4.952952434429704454e+01 1.442342086392414833e-06
4.961387298929754763e+01 1.036211919312945069e-06
4.969822163429805073e+01 1.029046778730015854e-06
4.978257027929856093e+01 1.378272607948118336e-06
4.986691892429906403e+01 6.577003152656952279e-07
4.995126756929957423e+01 1.655443152943703446e-06
5.003561621430007733e+01 3.727801043046462391e-07
5.011996485930058043e+01 1.830920765383662258e-06
5.020431350430109063e+01 2.026373114715056081e-07
5.028866214930159373e+01 1.883755772538179261e-06
5.037301079430210393e+01 1.594503231112423942e-07
5.045735943930260703e+01 1.815259968652918255e-06
5.054170808430311013e+01 2.337085628807593288e-07
5.062605672930362033e+01 1.641460403329483020e-06
5.071040537430412343e+01 4.013723104305099634e-07
5.079475401930463363e+01 1.393233882673134478e-06
5.087910266430513673e+01 6.271879964130610990e-07
5.096345130930563982e+01 1.109352545018895649e-06
5.104779995430615003e+01 8.749472571466222357e-07
5.113214859930665313e+01 8.164606067325305781e-07
5.121649724430715622e+01 1.062702776758575938e-06
5.130084588930766643e+01 5.999256467017996535e-07
5.138519453430816952e+01 1.237635849104777698e-06
5.146954317930867973e+01 4.320940356476129885e-07
5.155389182430918282e+01 1.327053249121643349e-06
5.163824046930968592e+01 3.471147836616128578e-07
5.172258911431019612e+01 1.334020450404205308e-06
5.180693775931069922e+01 3.439693705662185693e-07
5.189128640431120942e+01 1.266842286362124969e-06
5.197563504931171252e+01 4.093664792107479431e-07
5.205998369431221562e+01 1.145123355624770834e-06
5.214433233931272582e+01 5.188855217669005744e-07
5.222868098431322892e+01 9.893869021577831062e-07
5.231302962931373912e+01 6.497549796522354471e-07
5.239737827431424222e+01 8.350449912558761508e-07
5.248172691931474532e+01 7.709041676548567118e-07
5.256607556431525552e+01 7.028617448690932937e-07
5.265042420931575862e+01 8.615127239476897048e-07
5.273477285431626882e+01 6.113261798804810790e-07
5.281912149931677192e+01 9.083956320722022452e-07
5.290347014431727501e+01 5.688821540805783776e-07
5.298781878931778522e+01 9.085253401618368480e-07
5.307216743431828831e+01 5.736508023761060833e-07
5.315651607931879141e+01 8.677164793639814160e-07
5.324086472431930162e+01 6.143589691159717500e-07
5.332521336931980471e+01 8.029906756819164003e-07
5.340956201432031492e+01 6.736543748924407805e-07
5.349391065932081801e+01 7.319859040645489365e-07
5.357825930432132111e+01 7.313982552343674728e-07
5.366260794932183131e+01 6.746140464589491222e-07
5.374695659432233441e+01 7.694411327741115798e-07
5.383130523932284461e+01 6.467292804958533027e-07
5.391565388432334771e+01 7.748695579675895425e-07
5.400000252932385081e+01 6.573526658687254338e-07
5.408435117432436101e+01 7.432035609953093811e-07
5.416869981932486411e+01 7.058825573878159701e-07
5.425304846432537431e+01 6.795213561349418592e-07
5.433739710932587741e+01 7.840245333128128486e-07
5.442174575432638051e+01 5.963601451018071905e-07
5.450609439932689071e+01 8.746726039690951619e-07
5.459044304432739381e+01 5.131470974284142996e-07
5.467479168932789690e+01 9.572980512088659898e-07
5.475914033432840711e+01 4.508841210961193846e-07
5.484348897932891020e+01 1.010781917693987509e-06
5.492783762432942041e+01 4.290068724648022726e-07
5.501218626932992350e+01 1.018333094660239141e-06
5.509653491433042660e+01 4.606313245777747271e-07
5.518088355933093681e+01 9.703295611161782216e-07
5.526523220433143990e+01 5.506519006430907939e-07
5.534958084933195011e+01 8.684100673083774953e-07
5.543392949433245320e+01 6.921785363994176233e-07
5.551827813933295630e+01 7.240716528280072721e-07
5.560262678433346650e+01 8.686184381549292118e-07
5.568697542933396960e+01 5.585043216865927666e-07
5.577132407433447980e+01 1.054961930130299533e-06
5.585567271933498290e+01 3.992795399160720430e-07
5.594002136433548600e+01 1.221836418191516125e-06
5.602437000933599620e+01 2.758970160436359650e-07
5.610871865433649930e+01 1.340081293681065839e-06
5.619306729933700240e+01 2.149309971454271890e-07
5.627741594433751260e+01 1.386750057220851766e-06
5.636176458933801570e+01 2.348322742962263039e-07
5.644611323433852590e+01 1.347346523625112742e-06
5.653046187933902900e+01 3.435530526195340153e-07
5.661481052433953209e+01 1.222787946092815825e-06
5.669915916934004230e+01 5.339137899062907647e-07
5.678350781434054539e+01 1.025557263464287191e-06
5.686785645934105560e+01 7.862225240727486480e-07
5.695220510434155869e+01 7.820244302034520067e-07
5.703655374934206179e+01 1.069195985494639090e-06
5.712090239434257199e+01 5.275227721902126287e-07
5.720525103934307509e+01 1.344487289473083310e-06
5.728959968434358530e+01 3.017319378126687954e-07
5.737394832934408839e+01 1.572130137416539361e-06
5.745829697434459149e+01 1.424493521806428656e-07
5.754264561934510169e+01 1.717026820976066686e-06
5.762699426434560479e+01 7.908502751792435893e-08
5.771134290934610789e+01 1.750647260991840359e-06
5.779569155434661809e+01 1.341988777183313731e-07
5.788004019934712119e+01 1.673549425019553523e-06
5.796438884434763139e+01 3.012963573973192250e-07
5.804873748934813449e+01 1.483017958903355508e-06
5.813308613434863759e+01 5.691205634019048855e-07
5.821743477934914779e+01 1.206348221904751153e-06
5.830178342434965089e+01 9.059356141450501531e-07
5.837769720485010794e+01 8.815349147861567599e-07
5.847048071435066419e+01 1.268672114736327101e-06
5.854639449485112124e+01 5.572253389665335701e-07
5.863917800435167749e+01 1.608532353838157396e-06
5.871509178485212743e+01 2.779833735649183654e-07
5.880787529435269079e+01 1.877977919347919320e-06
5.888378907485314073e+01 8.779785098441274610e-08
5.897657258435369698e+01 2.037246594352779469e-06
5.906092122935420718e+01 2.034553279764937998e-08
5.914526987435471028e+01 2.063456408006916946e-06
5.922961851935521338e+01 9.322800784491980354e-08
5.930553229985567043e+01 1.949978106490578143e-06
5.939831580935622668e+01 3.017354854481292732e-07
5.947422958985668373e+01 1.711968319313793771e-06
5.956701309935723998e+01 6.228565313563308488e-07
5.964292687985769703e+01 1.377384651051082916e-06
5.973571038935825328e+01 1.018057628947607598e-06
5.981162416985871033e+01 9.916028671773192364e-07
5.990440767935926658e+01 1.446790937400521764e-06
5.998032145985971653e+01 5.875983173922343064e-07
6.007310496936027278e+01 1.765899486936741510e-06
6.014901874986072983e+01 2.954375551085301482e-07
6.023336739486123292e+01 2.086261565131446021e-06
6.031771603986174313e+01 7.827018236783584685e-08
6.040206468486224622e+01 2.259302127913799791e-06
6.048641332986275643e+01 2.266980584971056519e-09
6.057076197486325952e+01 2.278836866639192453e-06
6.066354548436381577e+01 8.349824223419199908e-08
6.073945926486427282e+01 2.142061815056000602e-06
6.083224277436482907e+01 3.106099578444205417e-07
6.090815655486528613e+01 1.867385854205708135e-06
6.100094006436584237e+01 6.544712623083642324e-07
6.107685384486629232e+01 1.492381936912653233e-06
6.116120248986680252e+01 1.071608695072328490e-06
6.124555113486730562e+01 1.068682839442329432e-06
6.132989977986781582e+01 1.508591718596215768e-06
6.141424842486831892e+01 6.551594499087775840e-07
6.149859706986882202e+01 1.903952194762916134e-06
6.158294571486933222e+01 3.095581077997835860e-07
6.166729435986983532e+01 2.203294328440364708e-06
6.183599164987084862e+01 2.366012085677348096e-06
6.200468893987186192e+01 2.368895139009190029e-06
6.217338622987286811e+01 2.211722487535391609e-06
6.226616973937342436e+01 3.122557937302039201e-07
6.234208351987388141e+01 1.915985550279125570e-06
6.242643216487439162e+01 6.588370396726743331e-07
6.251078080987489471e+01 1.522226953343354391e-06
6.259512945487539781e+01 1.077346650685454285e-06
6.267947809987590801e+01 1.084397583859740310e-06
6.276382674487641111e+01 1.508169595899968428e-06
6.284817538987692132e+01 6.621251421984236291e-07
6.293252403487742441e+01 1.891787457567433262e-06
6.301687267987792751e+01 3.124060827209096402e-07
6.310122132487843771e+01 2.176116889530724135e-06
6.326991861487945101e+01 2.322093807695324108e-06
6.343861590488045721e+01 2.310611189956681985e-06
6.360731319488147051e+01 2.144300949539902512e-06
6.369166183988197361e+01 2.943751762935774807e-07
6.377601048488248381e+01 1.846765493028951290e-06
6.386035912988298691e+01 6.240448722955019618e-07
6.394470777488349711e+01 1.459257903033243736e-06
6.402905641988400021e+01 1.016292938155167668e-06
6.411340506488450330e+01 1.034703552402020460e-06
6.419775370988500640e+01 1.415180329290994277e-06
6.428210235488552371e+01 6.298428805579162489e-07
6.436645099988602681e+01 1.765176581729693175e-06
6.445079964488652990e+01 2.979906567725711618e-07
6.453514828988703300e+01 2.017832114261194682e-06
6.461949693488753610e+01 8.070269721131612941e-08
6.470384557988805341e+01 2.139829757670854418e-06
6.478819422488855650e+01 3.014810523870376530e-09
6.487254286988905960e+01 2.116091125107705582e-06
6.495689151488956270e+01 6.993087225661531983e-08
6.504124015989006580e+01 1.951998021254261110e-06
6.512558880489058311e+01 2.662577365409283654e-07
6.520993744989108620e+01 1.671919104000973966e-06
6.529428609489158930e+01 5.593322044982552935e-07
6.537863473989209240e+01 1.315230553523728412e-06
6.546298338489259550e+01 9.040061737207703987e-07
6.554733202989311280e+01 9.306605282645714886e-07
6.563168067489361590e+01 1.249923448710438322e-06
6.571602931989411900e+01 5.691037395407018851e-07
6.580037796489462210e+01 1.547218874462320163e-06
6.588472660989512519e+01 2.765381585645491023e-07
6.596907525489562829e+01 1.755740395036854272e-06
6.605342389989614560e+01 8.770541506587757732e-08
6.613777254489664870e+01 1.848592806493110315e-06
6.622212118989715179e+01 2.158903195131200280e-08
6.630646983489765489e+01 1.815827277358062000e-06
6.639081847989815799e+01 7.937757134356143719e-08
6.647516712489867530e+01 1.665252996894484078e-06
6.655951576989917839e+01 2.449782025256369924e-07
6.664386441489968149e+01 1.420457748945249209e-06
6.672821305990018459e+01 4.879904274623635533e-07
6.681256170490068769e+01 1.116913736773665402e-06
6.689691034990120500e+01 7.689407716659182908e-07
6.698125899490170809e+01 7.967764455361318732e-07
6.706560763990221119e+01 1.044619613036552667e-06
6.714995628490271429e+01 5.017684350778976628e-07
6.723430492990321738e+01 1.275686512544247795e-06
6.731865357490373469e+01 2.683559339101148454e-07
6.740300221990423779e+01 1.430821864712026519e-06
6.748735086490474089e+01 1.222796039830710406e-07
6.757169950990524399e+01 1.491410619716950399e-06
6.765604815490574708e+01 7.548215947749269024e-08
6.774039679990626439e+01 1.453202931901975164e-06
6.782474544490676749e+01 1.252079231603574491e-07
6.790909408990727059e+01 1.326112200532981818e-06
6.799344273490777368e+01 2.551955513764389284e-07
6.807779137990827678e+01 1.131873510615628798e-06
6.816214002490879409e+01 4.391479819255182723e-07
6.824648866990929719e+01 9.004867893007893778e-07
6.833083731490980028e+01 6.444652173384784558e-07
6.841518595991030338e+01 6.643116346894686151e-07
6.849953460491080648e+01 8.389155111574375563e-07
6.858388324991132379e+01 4.547463333102636204e-07
6.866823189491182688e+01 9.939979903077855628e-07
6.875258053991232998e+01 2.965849478803433366e-07
6.883692918491283308e+01 1.089679991073498605e-06
6.892127782991333618e+01 2.050385500482246258e-07
6.900562647491383927e+01 1.116500872902346540e-06
6.908997511991435658e+01 1.844890158135180306e-07
6.917432376491485968e+01 1.076206254899563380e-06
6.925867240991536278e+01 2.281137388596543763e-07
6.934302105491586588e+01 9.802981093565095826e-07
6.942736969991636897e+01 3.203927186678666177e-07
6.951171834491688628e+01 8.479999886189551709e-07
6.959606698991738938e+01 4.393984178232638847e-07
6.968041563491789248e+01 7.013087132058027626e-07
6.976476427991839557e+01 5.627819307005559904e-07
6.984911292491889867e+01 5.630613634833704506e-07
6.993346156991941598e+01 6.689632790071036012e-07
7.001781021491991908e+01 4.519452623923681461e-07
7.010215885992042217e+01 7.427353170115097997e-07
7.018650750492092527e+01 3.798558354733120522e-07
7.027085614992142837e+01 7.758381700451947365e-07
7.035520479492194568e+01 3.509443318851005985e-07
7.043955343992244877e+01 7.685269264648241328e-07
7.052390208492295187e+01 3.614101688016636182e-07
7.060825072992345497e+01 7.283106088909955686e-07
7.069259937492395807e+01 4.009311486864810412e-07
7.077694801992447537e+01 6.682365323514078969e-07
7.086129666492497847e+01 4.536958072637494662e-07
7.094564530992548157e+01 6.031904978515907717e-07
7.102999395492598467e+01 5.070734586545407370e-07
7.111434259992648776e+01 5.484056738920449653e-07
7.119869124492700507e+01 5.457517602723209388e-07
7.128303988992750817e+01 5.145476818429816585e-07
7.136738853492801127e+01 5.615734739784022159e-07
7.145173717992851437e+01 5.073759818064242956e-07
7.153608582492901746e+01 5.523197353030333459e-07
7.162043446992953477e+01 5.257004350732253552e-07
7.170478311493003787e+01 5.222257830771875590e-07
7.178913175993054097e+01 5.623586413644889789e-07
7.187348040493104406e+01 4.806813078157271025e-07
7.195782904993154716e+01 6.056178645840406257e-07
7.204217769493205026e+01 4.407290411395777074e-07
7.212652633993256757e+01 6.322954519274161422e-07
7.221087498493307066e+01 4.197858670697630282e-07
7.229522362993357376e+01 6.578815369358238364e-07
7.237957227493407686e+01 4.221563643788552937e-07
7.246392091993457996e+01 6.449769505290900212e-07
7.254826956493509726e+01 4.584720794572282521e-07
7.263261820993560036e+01 6.000285428228315868e-07
7.271696685493610346e+01 5.278541918028465349e-07
7.280131549993660656e+01 5.268566280252234678e-07
7.288566414493710965e+01 6.221923658053764932e-07
7.297001278993762696e+01 4.368385169426102420e-07
7.305436143493813006e+01 7.284436783308120307e-07
7.313871007993863316e+01 3.453109997500984808e-07
7.322305872493913625e+01 8.277894970841088411e-07
7.330740736993963935e+01 2.710372498198850618e-07
7.339175601494015666e+01 8.970954830344366329e-07
7.347610465994065976e+01 2.337933254247240205e-07
7.356045330494116286e+01 9.404041117075560688e-07
7.364480194994166595e+01 2.430296196951326436e-07
7.372915059494216905e+01 9.182404660923462767e-07
7.381349923994268636e+01 3.092128128209793624e-07
7.389784788494318946e+01 8.422434329957290108e-07
7.398219652994369255e+01 4.304212773625921853e-07
7.406654517494419565e+01 7.181823279869543331e-07
7.415089381994469875e+01 5.946031064649341958e-07
7.423524246494521606e+01 5.616199200302150384e-07
7.431959110994571915e+01 7.823581749449178938e-07
7.440393975494622225e+01 3.952773794318720283e-07
7.448828839994672535e+01 9.683446098585761445e-07
7.457263704494722845e+01 2.462297866219237439e-07
7.465698568994774575e+01 1.124876719276910060e-06
7.474133433494824885e+01 1.402290598050575216e-07
7.482568297994875195e+01 1.226151279480944022e-06
7.491003162494925505e+01 9.979932202375371145e-08
7.499438026994975814e+01 1.254844484043014919e-06
7.507872891495026124e+01 1.381321426545280816e-07
7.516307755995077855e+01 1.201347181751998377e-06
7.524742620495128165e+01 2.581408500774817767e-07
7.533177484995178474e+01 1.069387241611669669e-06
7.541612349495228784e+01 4.504257220206012013e-07
7.549203727545274489e+01 8.768142480440120754e-07
7.558482078495330825e+01 6.941961111696727002e-07
7.566073456545376530e+01 6.490912262153233964e-07
7.575351807495431444e+01 9.573062880815714651e-07
7.582943185545477149e+01 4.179425383641273316e-07
7.592221536495532064e+01 1.210382687249620473e-06
7.599812914545577769e+01 2.164184309161729885e-07
7.609091265495634104e+01 1.413130141868890458e-06
7.616682643545679809e+01 7.891834193931227523e-08
7.625960994495734724e+01 1.536344109898127491e-06
7.634395858995785034e+01 3.101596270567865210e-08
7.642830723495836764e+01 1.561802967652356703e-06
7.651265587995887074e+01 9.038814157638830207e-08
7.658856966045932779e+01 1.489714484027816910e-06
7.668135316995987694e+01 2.646378586965800747e-07
7.675726695046033399e+01 1.259749057686365364e-06
7.685005045996089734e+01 4.849578747654698023e-07
7.692596424046134018e+01 1.046833578881330072e-06
7.701874774996190354e+01 7.900428962223446886e-07
7.709466153046236059e+01 7.597493836658927237e-07
7.718744503996290973e+01 1.111249589411159367e-06
7.726335882046336678e+01 4.712508706588156823e-07
7.735614232996393014e+01 1.408233461157224627e-06
7.743205611046438719e+01 2.256684966509393991e-07
7.751640475546489029e+01 1.642827663067144772e-06
7.760075340046539338e+01 6.141789056899918572e-08
7.768510204546589648e+01 1.766215562907527660e-06
7.776945069046639958e+01 4.584785472835651373e-09
7.785379933546691689e+01 1.810534100550479404e-06
7.794658284496746603e+01 7.334400750865428013e-08
7.802249662546792308e+01 1.709147157748213569e-06
7.811528013496848644e+01 2.571428350396068888e-07
7.819119391546892928e+01 1.497115144796815661e-06
7.828397742496949263e+01 5.342471650822849056e-07
7.835989120546994968e+01 1.202043056693642061e-06
7.845267471497049883e+01 8.702914136322907557e-07
7.852858849547095588e+01 8.643537631980620573e-07
7.861293714047145897e+01 1.225901808459738335e-06
7.869728578547197628e+01 5.289377639572564003e-07
7.878163443047247938e+01 1.548302296725687356e-06
7.886598307547298248e+01 2.510463150266571737e-07
7.895033172047348557e+01 1.803318351815216197e-06
7.911902901047450598e+01 1.950966940003398690e-06
7.928772630047551218e+01 1.972422693236231987e-06
7.945642359047651837e+01 1.865493623829546611e-06
7.954920709997708173e+01 2.581513305507196722e-07
7.962512088047753878e+01 1.646608466448953978e-06
7.970946952547804187e+01 5.304931479618732126e-07
7.979381817047854497e+01 1.363693597808452214e-06
7.987816681547904807e+01 8.137751855438224976e-07
7.997095032497961142e+01 1.557898522445682352e-06
8.004686410548006847e+01 1.804144668099755970e-06
8.013121275048057157e+01 5.046381949049306778e-07
8.021556139548107467e+01 1.712441134620652206e-06
8.029991004048157777e+01 2.537774576087434945e-07
8.038425868548208086e+01 1.912383615494042197e-06
8.055295597548310127e+01 2.020285007647458737e-06
8.072165326548410746e+01 2.001838029779996465e-06
8.089035055548512787e+01 1.857324852850853843e-06
8.098313406498567701e+01 2.665169206593320653e-07
8.105904784548613407e+01 1.603039198816968190e-06
8.115183135498669742e+01 5.558813107605665660e-07
8.122774513548714026e+01 1.271683172703813633e-06
8.131209378048765757e+01 9.090809355713554752e-07
8.139644242548816067e+01 9.069693617447815512e-07
8.148079107048866376e+01 1.270609564746958043e-06
8.156513971548916686e+01 5.557341128656137808e-07
8.164948836048966996e+01 1.589283700732572885e-06
8.173383700549018727e+01 2.650775640397967773e-07
8.181818565049069036e+01 1.822787466883367483e-06
8.198688294049169656e+01 1.938605355670343997e-06
8.215558023049271696e+01 1.923161007649374180e-06
8.232427752049372316e+01 1.780356805179831917e-06
8.241706102999427230e+01 2.394594092355152628e-07
8.249297481049472935e+01 1.531442103589873122e-06
8.257732345549523245e+01 5.095013806312112612e-07
8.266167210049574976e+01 1.211123493000983538e-06
8.274602074549625286e+01 8.319090948961502555e-07
8.283036939049675595e+01 8.616805635226537935e-07
8.291471803549725905e+01 1.159983682729134435e-06
8.299906668049776215e+01 5.294797487321952771e-07
8.308341532549827946e+01 1.446655940856894212e-06
8.316776397049878256e+01 2.566077999234118961e-07
8.325211261549928565e+01 1.652284769963891053e-06
8.333646126049978875e+01 7.664184706674477335e-08
8.342080990550029185e+01 1.750375842207850913e-06
8.350515855050080916e+01 9.587253483696767919e-09
8.358950719550131225e+01 1.729028977188356477e-06
8.367385584050181535e+01 5.968635505950590410e-08
8.375820448550231845e+01 1.595178860407798469e-06
8.384255313050282155e+01 2.150341526692916203e-07
8.392690177550333885e+01 1.369561397723267697e-06
8.401125042050384195e+01 4.482530455754208096e-07
8.409559906550434505e+01 1.081915329757272852e-06
8.417994771050484815e+01 7.240387435244565528e-07
8.426429635550535124e+01 7.738897173096215474e-07
8.434864500050586855e+01 1.000421189818747214e-06
8.443299364550637165e+01 4.847448453129456769e-07
8.451734229050687475e+01 1.237777373283260321e-06
8.460169093550737784e+01 2.504663986113926186e-07
8.468603958050788094e+01 1.403794734039586686e-06
8.477038822550839825e+01 9.827906311597133699e-08
8.485473687050890135e+01 1.477985271768469066e-06
8.493908551550940444e+01 4.264698402762643570e-08
8.502343416050990754e+01 1.453516483439540546e-06
8.510778280551041064e+01 8.432702982581676771e-08
8.519213145051092795e+01 1.338881309892574593e-06
8.527648009551143105e+01 2.091367652250734059e-07
8.536082874051193414e+01 1.147413207199551184e-06
8.544517738551243724e+01 3.956539320828369588e-07
8.552952603051294034e+01 9.144099259304448207e-07
8.561387467551344344e+01 6.099408945308823282e-07
8.569822332051396074e+01 6.700554734862846811e-07
8.578257196551446384e+01 8.204671796207439379e-07
8.586692061051496694e+01 4.452154284034142617e-07
8.595126925551547004e+01 9.961426066218086354e-07
8.603561790051597313e+01 2.677854327632601091e-07
8.611996654551649044e+01 1.114192107939661631e-06
8.620431519051699354e+01 1.565776037997672416e-07
8.628866383551749664e+01 1.162085956558226205e-06
8.637301248051799973e+01 1.196789429817984275e-07
8.645736112551850283e+01 1.141111973519990657e-06
8.654170977051902014e+01 1.486646497011090612e-07
8.662605841551952324e+01 1.033082197933329100e-06
8.671040706052002633e+01 2.476086439564574603e-07
8.679475570552052943e+01 9.025582984704141172e-07
8.687910435052103253e+01 3.773968184538179947e-07
8.696345299552154984e+01 7.411250495539898354e-07
8.704780164052205294e+01 5.207096336437379998e-07
8.713215028552255603e+01 5.775458198147766165e-07
8.721649893052305913e+01 6.539762764222831152e-07
8.730084757552356223e+01 4.343568341772238396e-07
8.738519622052407954e+01 7.581330538031863234e-07
8.746954486552458263e+01 3.283786227148516133e-07
8.755389351052508573e+01 8.209458550552878006e-07
8.763824215552558883e+01 2.688775398877172393e-07
8.772259080052609193e+01 8.390329132581576380e-07
8.780693944552660923e+01 2.523711976912777533e-07
8.789128809052711233e+01 7.953198430751758849e-07
8.797563673552761543e+01 2.967274792692811421e-07
8.805998538052811853e+01 7.520151493776905739e-07
8.814433402552862162e+01 3.515754729065398323e-07
8.822868267052913893e+01 6.756703462967672566e-07
8.831303131552964203e+01 4.206898331591050477e-07
8.839737996053014513e+01 5.946091700096593607e-07
8.848172860553064822e+01 4.859724578591823865e-07
8.856607725053115132e+01 5.232523543191016564e-07
8.865042589553166863e+01 5.350970364701472408e-07
8.873477454053217173e+01 4.724597387804897073e-07
8.881912318553267482e+01 5.615794457628700878e-07
8.890347183053317792e+01 4.479434444286793766e-07
8.898782047553368102e+01 5.649998517074559787e-07
8.907216912053418412e+01 4.491867063158729092e-07
8.915651776553470143e+01 5.505634272549135780e-07
8.924086641053520452e+01 4.730760141625544022e-07
8.932521505553570762e+01 5.294536855773153094e-07
8.940956370053621072e+01 5.029239748631515830e-07
8.949391234553671381e+01 5.093284065865907078e-07
8.957826099053723112e+01 5.304903206613432913e-07
8.966260963553773422e+01 5.006149337297531706e-07
8.974695828053823732e+01 5.429512172970197218e-07
8.983130692553874042e+01 5.095639725734207916e-07
8.991565557053924351e+01 5.322748124308287764e-07
9.000843908003980687e+01 3.771298752589377728e-07
9.007591799604020366e+01 5.107809208604192183e-07
9.016870150554076702e+01 5.843851616822421876e-07
9.025305015054127011e+01 4.425671703887502475e-07
9.033739879554177321e+01 6.413646245997059031e-07
9.042174744054229052e+01 3.808035692088072780e-07
9.050609608554279362e+01 6.998270764184749549e-07
9.059044473054329671e+01 3.277268888092597490e-07
9.067479337554379981e+01 7.448391774082255936e-07
9.075914202054430291e+01 2.984781023328797731e-07
9.084349066554482022e+01 7.668152447620419123e-07
9.092783931054532331e+01 3.058659431776169583e-07
9.101218795554582641e+01 7.546273597977778524e-07
9.109653660054632951e+01 3.564772340444149649e-07
9.118088524554683261e+01 7.034174827986043741e-07
9.126523389054734992e+01 4.496338880546843466e-07
9.134958253554785301e+01 6.145568965441715873e-07
9.143393118054835611e+01 5.763845868335966651e-07
9.151827982554885921e+01 4.981137718574412079e-07
9.160262847054936231e+01 7.217638620403849487e-07
9.167854225104981936e+01 3.723763415759909455e-07
9.177132576055038271e+01 8.666675290642724902e-07
9.184723954105083976e+01 2.565109245256720108e-07
9.194002305055138891e+01 9.879221633463273465e-07
9.202437169555189200e+01 1.727890553068654393e-07
9.210872034055239510e+01 1.067599150652138757e-06
9.219306898555291241e+01 1.443543329180004216e-07
9.227741763055341551e+01 1.088916700815356965e-06
9.236176627555391860e+01 1.825666471982767938e-07
9.243768005605437565e+01 1.044858305406992336e-06
9.253046356555492480e+01 2.903477065878298466e-07
9.260637734605538185e+01 9.396308014691934642e-07
9.269916085555594520e+01 4.599306699797142606e-07
9.277507463605640226e+01 7.795548358024175829e-07
9.286785814555695140e+01 6.731671314744412135e-07
9.294377192605740845e+01 5.852058779510756550e-07
9.303655543555797180e+01 9.042541724225943265e-07
9.311246921605841464e+01 3.850595898254789495e-07
9.320525272555897800e+01 1.121878650517730106e-06
9.328116650605943505e+01 2.104568262893605042e-07
9.337395001555998419e+01 1.297057041813023683e-06
9.344986379606044125e+01 9.213869949086215287e-08
9.353421244106094434e+01 1.404272088638455125e-06
9.361856108606146165e+01 5.419592454876243124e-08
9.370290973106196475e+01 1.430162497266291589e-06
9.379569324056251389e+01 1.158395477690588874e-07
9.387160702106297094e+01 1.361238349081791485e-06
9.396439053056353430e+01 2.708196361049221189e-07
9.404030431106399135e+01 1.203387201955481582e-06
9.413308782056454049e+01 5.043583758925290781e-07
9.420900160106499754e+01 9.755660028270103021e-07
9.430178511056556090e+01 7.896059282934174408e-07
9.437769889106600374e+01 7.086049867676746027e-07
9.447048240056656709e+01 1.089824528302088757e-06
9.454639618106702414e+01 4.411951662609017593e-07
9.463917969056757329e+01 1.368019767743665803e-06
9.471509347106803034e+01 2.131131556020355663e-07
9.479944211606853344e+01 1.591327598162024345e-06
9.488379076106905075e+01 6.162452764491356391e-08
9.496813940606955384e+01 1.725755010682392103e-06
9.505248805107005694e+01 1.402559541610086157e-08
9.513683669607056004e+01 1.748098991069352817e-06
9.522962020557112339e+01 9.005730971112286424e-08
9.530553398607158044e+01 1.652430496700378437e-06
9.539831749557212959e+01 2.788296803486063818e-07
9.547423127607258664e+01 1.448783278081902911e-06
9.556701478557313578e+01 5.586203115488092946e-07
9.564292856607359283e+01 1.164597928038464548e-06
9.573571207557415619e+01 8.955436943384362926e-07
9.581162585607461324e+01 8.371288904300649674e-07
9.590440936557516238e+01 1.246739000539149684e-06
9.598032314607561943e+01 5.135963028624454254e-07
9.606467179107612253e+01 1.574129098608663885e-06
9.614902043607663984e+01 2.410060731909854497e-07
9.623336908107714294e+01 1.830325604548029040e-06
9.640206637107814913e+01 1.977119073650770898e-06
9.657076366107915533e+01 1.994320044417544026e-06
9.673946095108017573e+01 1.876163111238680592e-06
9.683224446058072488e+01 2.918778527391090720e-07
9.690815824108118193e+01 1.637727147640323148e-06
9.700094175058174528e+01 5.981605404561088762e-07
9.707685553108220233e+01 1.310585514691854358e-06
9.716963904058275148e+01 9.644076436732801435e-07
9.724555282108320853e+01 9.396192911123407768e-07
9.732990146608371163e+01 1.348610665209855941e-06
9.741425011108421472e+01 5.761385182215130323e-07
9.749859875608473203e+01 1.701639128934122965e-06
9.757451253658517487e+01 2.722677982782817114e-07
9.766729604608573823e+01 1.972444019005339345e-06
9.783599333608674442e+01 2.123218494278531769e-06
9.800469062608776483e+01 2.132204015057078110e-06
9.817338791608877102e+01 1.997528398260166838e-06
9.826617142558933438e+01 2.927761359795301958e-07
9.834208520608979143e+01 1.736816782832863288e-06
9.843486871559034057e+01 6.037627758121125407e-07
9.851078249609079762e+01 1.386786509091060788e-06
9.859513114109130072e+01 9.765949784695659398e-07
9.867947978609180382e+01 9.931017745039798872e-07
9.876382843109232113e+01 1.371769216780347177e-06
9.884817707609282422e+01 6.105384346924562075e-07
9.893252572109332732e+01 1.727732765396053281e-06
9.900843950159378437e+01 2.931031412608580462e-07
9.910122301109433351e+01 1.995636319397258170e-06
9.926992030109535392e+01 2.140057802205302239e-06
9.943861759109636012e+01 2.138537684470378836e-06
9.960731488109736631e+01 1.996487731828805149e-06
9.970009839059792967e+01 2.743919589995825415e-07
9.977601217109838672e+01 1.721090595461523268e-06
9.986879568059893586e+01 5.781558337082100792e-07
9.994470946109939291e+01 1.332442834758264208e-06
1.000374929705999563e+02 8.978934597678027587e-07
1.001134067511004133e+02 1.015784008044236178e-06
1.001977553961009164e+02 1.302292414467005069e-06
1.002821040411014195e+02 6.192696468447048231e-07
1.003664526861019226e+02 1.638282902381384918e-06
1.004423664666023797e+02 3.071787245994123466e-07
1.005351499761029430e+02 1.895500424763763629e-06
1.007038472661039492e+02 2.029940380154232609e-06
1.007881959111044523e+02 4.889414973432901684e-09
1.008725445561049554e+02 2.033969290717160469e-06
1.010412418461059758e+02 1.859282970316681886e-06
1.011340253556065250e+02 2.381240741553444123e-07
1.012099391361069820e+02 1.624526464458359108e-06
1.012942877811074851e+02 5.075284576372483041e-07
1.013786364261080024e+02 1.292641562732587270e-06
1.014629850711085055e+02 8.338420696029867627e-07
1.015473337161090086e+02 9.329941591452670943e-07
1.016316823611095117e+02 1.169789171812028469e-06
1.017160310061100148e+02 5.865298266264295715e-07
1.018003796511105321e+02 1.467182542676133776e-06
1.018847282961110352e+02 2.996031493737998721e-07
1.019690769411115383e+02 1.686555921006748691e-06
1.020534255861120414e+02 1.071556279097514426e-07
1.021377742311125445e+02 1.802675685790720196e-06
1.022221228761130618e+02 3.137340545237059057e-08
1.023064715211135649e+02 1.565398400349344758e-06
1.023908201661140680e+02 6.501881180820920275e-08
1.024751688111145711e+02 1.646863015653556060e-06
1.025595174561150742e+02 2.130042379336109166e-07
1.026438661011155773e+02 1.432503554903533880e-06
1.027282147461160946e+02 4.394101203181790333e-07
1.028125633911165977e+02 1.152396220569140729e-06
1.028969120361171008e+02 7.095078134163795986e-07
1.029812606811176039e+02 8.494517999956424830e-07
1.030656093261181070e+02 9.840200584667377507e-07
1.031499579711186243e+02 5.700380315195083274e-07
1.032343066161191274e+02 1.239807216591513701e-06
1.033102203966195844e+02 2.804296140793673642e-07
1.034030039061201336e+02 1.381881968278355437e-06
1.034873525511206367e+02 1.513557466879048650e-07
1.035717011961211540e+02 1.462415100011129697e-06
1.036560498411216571e+02 9.140736918221153826e-08
1.037403984861221602e+02 1.458956945078635698e-06
1.038247471311226633e+02 1.230000830522901624e-07
1.039090957761231664e+02 1.356693496600304727e-06
1.039934444211236837e+02 2.348365156110987371e-07
1.040777930661241868e+02 1.185028743032423426e-06
1.041621417111246899e+02 4.068547045107435403e-07
1.042464903561251930e+02 9.577808786093460256e-07
1.043308390011256961e+02 5.918485740422668493e-07
1.044151876461262134e+02 7.461893973608367996e-07
1.044995362911267165e+02 7.910531233076382693e-07
1.045838849361272196e+02 5.380295778070850819e-07
1.046682335811277227e+02 9.564127223629278363e-07
1.047525822261282258e+02 3.728371960075777039e-07
1.048369308711287431e+02 1.069566708796508951e-06
1.049212795161292462e+02 2.669823729291278049e-07
1.050056281611297493e+02 1.123145978155608440e-06
1.050899768061302524e+02 2.266207200783847117e-07
1.051743254511307555e+02 1.109140549271699924e-06
1.052586740961312728e+02 2.448641184493517654e-07
1.053430227411317759e+02 1.041355803301105996e-06
1.054273713861322790e+02 3.173348513248991982e-07
1.055117200311327821e+02 9.349013251452790439e-07
1.055960686761332852e+02 4.194465402195806484e-07
1.056804173211337883e+02 8.057961022038043037e-07
1.057647659661343056e+02 5.315168005840747153e-07
1.058491146111348087e+02 6.807350805841421766e-07
1.059334632561353118e+02 6.354919654280407570e-07
1.060178119011358149e+02 5.737393306075345461e-07
1.061021605461363180e+02 7.164182754532177318e-07
1.061865091911368353e+02 4.958475594892844751e-07
1.062708578361373384e+02 7.635835813653794465e-07
1.063552064811378415e+02 4.551046237987024452e-07
1.064395551261383446e+02 7.801343144465790801e-07
1.065239037711388477e+02 4.457160408991264051e-07
1.066082524161393650e+02 7.688353528259892294e-07
1.066926010611398681e+02 4.612060156533628696e-07
1.067769497061403712e+02 7.403405645056490284e-07
1.068612983511408743e+02 4.894963086359205567e-07
1.069456469961413774e+02 7.070988432521078264e-07
1.070299956411418947e+02 5.185533478948952448e-07
1.071143442861423978e+02 6.810484092410393977e-07
1.071986929311429009e+02 5.369428622423772552e-07
1.072830415761434040e+02 6.695861018954201216e-07
1.073673902211439071e+02 5.422486092344805424e-07
1.074517388661444244e+02 6.772607607355528450e-07
1.075360875111449275e+02 5.313064879423291561e-07
1.076204361561454306e+02 7.000403210677786370e-07
1.077047848011459337e+02 5.092022073646473585e-07
1.077891334461464368e+02 7.314417274730910439e-07
1.078734820911469541e+02 4.871209074167379783e-07
1.079578307361474572e+02 7.587228204088861163e-07
1.080421793811479603e+02 4.770067002178779453e-07
1.081265280261484634e+02 7.702189661491948271e-07
1.082108766711489665e+02 4.894188483106428759e-07
1.082952253161494838e+02 7.563645680211299563e-07
1.083795739611499869e+02 5.353053056925466936e-07
1.084639226061504900e+02 7.103010582848392079e-07
1.085482712511509931e+02 6.151765885791685628e-07
1.086241850316514501e+02 6.336331921538653101e-07
1.087169685411519993e+02 7.248593097363934260e-07
1.087928823216524563e+02 5.372147629255068376e-07
1.088856658311530197e+02 8.519733840431177540e-07
1.089615796116534767e+02 4.305308495619954951e-07
1.090543631211540259e+02 9.804079379535016633e-07
1.091302769016544829e+02 3.331893660713032972e-07
1.092230604111550463e+02 1.086878188172762528e-06
1.093074090561555494e+02 2.673259719662614059e-07
1.093917577011560525e+02 1.153750045926730511e-06
1.094761063461565556e+02 2.559555897329676364e-07
1.095520201266570126e+02 1.163862634310497681e-06
1.096448036361575760e+02 3.093004404640303290e-07
1.097207174166580330e+02 1.116020634468480881e-06
1.098135009261585822e+02 4.310653871472284644e-07
1.098894147066590392e+02 1.003014996875020978e-06
1.099821982161595884e+02 6.145441115476396554e-07
1.100581119966600454e+02 8.353645076834652483e-07
1.101508955061606088e+02 8.403288528943141934e-07
1.102268092866610658e+02 6.338013012579256935e-07
1.103195927961616150e+02 1.085790331482105974e-06
1.103955065766620720e+02 4.288123808571225827e-07
1.104882900861626354e+02 1.314922311157031481e-06
1.105642038666630782e+02 2.528274092134288962e-07
1.106569873761636416e+02 1.496089630730785543e-06
1.107329011566640986e+02 1.383007533320890801e-07
1.108172498016646017e+02 1.606525425490352033e-06
1.109100333111651651e+02 1.127658940635949604e-07
1.109859470916656079e+02 1.626790600694545871e-06
1.110787306011661713e+02 1.997454811378243480e-07
1.111546443816666283e+02 1.541658440323915359e-06
1.112474278911671774e+02 3.891328721438780554e-07
1.113233416716676345e+02 1.360174167833397951e-06
1.114161251811681979e+02 6.647364818355633289e-07
1.114920389616686549e+02 1.099457955888488718e-06
1.115848224711692041e+02 9.990357021363989902e-07
1.116607362516696611e+02 7.981036034031079296e-07
1.117535197611702102e+02 1.347874341743519204e-06
1.118294335416706673e+02 4.970296428787755296e-07
1.119222170511712307e+02 1.667651627463520682e-06
1.119981308316716877e+02 2.429729953460800562e-07
1.120824794766721908e+02 1.920715341538705910e-06
1.121668281216726939e+02 7.901850688001246198e-08
1.122511767666731970e+02 2.075161041193151119e-06
1.123439602761737603e+02 3.725201948032902920e-08
1.124198740566742174e+02 2.097060922995622136e-06
1.125126575661747665e+02 1.480682102914233997e-07
1.125885713466752236e+02 1.979181224088157612e-06
1.126813548561757869e+02 3.909240345715838461e-07
1.127572686366762440e+02 1.731444396533304182e-06
1.128500521461767931e+02 7.445122500686953218e-07
1.129259659266772502e+02 1.390252934817837840e-06
1.130187494361777993e+02 1.163060432917303825e-06
1.130946632166782564e+02 9.965025967447092528e-07
1.131874467261788197e+02 1.596868882530444324e-06
1.132633605066792768e+02 6.079447014853749549e-07
1.133477091516797799e+02 1.991879513431412144e-06
1.134236229321802369e+02 2.835752877812205042e-07
1.135164064416807861e+02 2.311612528571103650e-06
1.136851037316818065e+02 2.495862108904252862e-06
1.138538010216828127e+02 2.517274810728158563e-06
1.140224983116838189e+02 2.367539207152764740e-06
1.141152818211843822e+02 4.127512953037737810e-07
1.141911956016848393e+02 2.072180225873605204e-06
1.142839791111853884e+02 8.152472643332375572e-07
1.143598928916858455e+02 1.660032801896222975e-06
1.144526764011864088e+02 1.295419809406252126e-06
1.145285901816868659e+02 1.189269056898398267e-06
1.146213736911874150e+02 1.787960790175445019e-06
1.146972874716878721e+02 7.283683704592378845e-07
1.147816361166883752e+02 2.245701270755841909e-06
1.149503334066893956e+02 2.605696700020791893e-06
1.151190306966904018e+02 2.810224526542359889e-06
1.152877279866914080e+02 2.830473875200315709e-06
1.154564252766924284e+02 2.659881519970358956e-06
1.156251225666934346e+02 2.321605787063432456e-06
1.157179060761939979e+02 8.496428677297960177e-07
1.157938198566944550e+02 1.861850263382937680e-06
1.158866033661950041e+02 1.359139319377352381e-06
1.159625171466954612e+02 1.340156297469017673e-06
1.160553006561960103e+02 1.880997577558968974e-06
1.161227795721964213e+02 8.394483495444076720e-07
1.162155630816969705e+02 2.374393280533198196e-06
1.163842603716979909e+02 2.753872497436003097e-06
1.165529576616989971e+02 2.965752284762624173e-06
1.166373063066995002e+02 6.037560968635556856e-09
1.167216549517000175e+02 2.922732742354877967e-06
1.168903522417010237e+02 2.801923334983877429e-06
1.170590495317020299e+02 2.444310076240691360e-06
1.171518330412025932e+02 8.309822092435370201e-07
1.172277468217030503e+02 1.961312735164711803e-06
1.173205303312035994e+02 1.337424775927006706e-06
1.173964441117040565e+02 1.416602297007152227e-06
1.174807927567045596e+02 1.871536468322562363e-06
1.175567065372050166e+02 8.983504830447183625e-07
1.176494900467055800e+02 2.365482170329565657e-06
1.178181873367065862e+02 2.740687620593841520e-06
1.179868846267076066e+02 2.942135789388433935e-06
1.181555819167086128e+02 2.971421024581283636e-06
1.183242792067096190e+02 2.786384241308188304e-06
1.184929764967106394e+02 2.433106818239675601e-06
1.185857600062111885e+02 7.530379309137094557e-07
1.186616737867116456e+02 1.958304010322076543e-06
1.187544572962122089e+02 1.225884001647694620e-06
1.188303710767126660e+02 1.425471680475151521e-06
1.189147197217131691e+02 1.738544168058380139e-06
1.189906335022136261e+02 9.215625344512034746e-07
1.190834170117141753e+02 2.202563376196423991e-06
1.191593307922146323e+02 4.882072235345011761e-07
1.192521143017151815e+02 2.555903540292913404e-06
1.194208115917162019e+02 2.760677171776596629e-06
1.195051602367167050e+02 2.454430359146924873e-08
1.195895088817172081e+02 2.775859684805741621e-06
1.197582061717182285e+02 2.619032400988677653e-06
1.198509896812187776e+02 2.919026292147027029e-07
1.199269034617192347e+02 2.348346496350905980e-06
1.200112521067197378e+02 6.911436871826270938e-07
1.200956007517202409e+02 1.797830741532609222e-06
1.201799493967207582e+02 1.064805223923188779e-06
1.202642980417212613e+02 1.352535956527470029e-06
1.203486466867217644e+02 1.509211196298676996e-06
1.204245604672222214e+02 9.059008709040308116e-07
1.205173439767227705e+02 1.911162677810355618e-06
1.205932577572232276e+02 5.164075997369973080e-07
1.206860412667237910e+02 2.220144301523760505e-06
1.207619550472242480e+02 2.342977184708181889e-07
1.208547385567247971e+02 2.388150019728702785e-06
1.209390872017253002e+02 9.477852163576195362e-08
1.210234358467258176e+02 2.404445933194782722e-06
1.211077844917263207e+02 1.174336051065017813e-07
1.211921331367268237e+02 2.273822096559669233e-06
1.212764817817273268e+02 2.802116070876122691e-07
1.213608304267278299e+02 2.015093470992604679e-06
1.214451790717283473e+02 5.513884519449915221e-07
1.215295277167288504e+02 1.669107321617348335e-06
1.216138763617293534e+02 8.870664384921961924e-07
1.216982250067298565e+02 1.283983517087320560e-06
1.217825736517303596e+02 1.236713949728439063e-06
1.218584874322308167e+02 9.170258446345560148e-07
1.219512709417313800e+02 1.553143590530824480e-06
1.220271847222318371e+02 6.025624503362347152e-07
1.221199682317323862e+02 1.791639801327644402e-06
1.221958820122328433e+02 3.708671903779888325e-07
1.222886655217334066e+02 1.930585647040454628e-06
1.223730141667339097e+02 2.563984212106734880e-07
1.224573628117344128e+02 1.955026245965457194e-06
1.225417114567349159e+02 2.558382089432693411e-07
1.226260601017354190e+02 1.872297510422369721e-06
1.227104087467359221e+02 3.555239546456612862e-07
1.227947573917364394e+02 1.701764189745164492e-06
1.228791060367369425e+02 5.308469978655735235e-07
1.229634546817374456e+02 1.471725569323112078e-06
1.230478033267379487e+02 7.473705143327923759e-07
1.231321519717384518e+02 1.222364806448790837e-06
1.232165006167389691e+02 9.745898229642291505e-07
1.233008492617394722e+02 9.823514635817660692e-07
1.233851979067399753e+02 1.176554158007396536e-06
1.234695465517404784e+02 7.794574842863434565e-07
1.235538951967409815e+02 1.333529101193251439e-06
1.236382438417414988e+02 6.335936523976417451e-07
1.237225924867420019e+02 1.429934825657107699e-06
1.238069411317425050e+02 5.525750942365658003e-07
1.238912897767430081e+02 1.464554603537340434e-06
1.239756384217435112e+02 5.308106362875853714e-07
1.240599870667440285e+02 1.446012929604574213e-06
1.241443357117445316e+02 5.626060291569514743e-07
1.242286843567450347e+02 1.387644923352110823e-06
1.243130330017455378e+02 6.262855978819429812e-07
1.243973816467460409e+02 1.308226174701166568e-06
1.244817302917465582e+02 7.057643584103452909e-07
1.245660789367470613e+02 1.225388433978155364e-06
1.246504275817475644e+02 7.830576567760134625e-07
1.247347762267480675e+02 1.150423205623897609e-06
1.248191248717485706e+02 8.537777638178298958e-07
1.249034735167490879e+02 1.088675994868672950e-06
1.249878221617495910e+02 9.060136660973671869e-07
1.250721708067500941e+02 1.049469974985685675e-06
1.251565194517505972e+02 9.549749932990748277e-07
1.252408680967511003e+02 1.015070177251994158e-06
1.253252167417516176e+02 1.000846198024387023e-06
1.254095653867521207e+02 9.809097400741153531e-07
1.254939140317526238e+02 1.056258218758221759e-06
1.255782626767531269e+02 9.337829515069741522e-07
1.256626113217536300e+02 1.123501939844729509e-06
1.257385251022540871e+02 8.780563764473552086e-07
1.258313086117546504e+02 1.218030807881709918e-06
1.259072223922551075e+02 7.951634298946159023e-07
1.260000059017556566e+02 1.324770781339876415e-06
1.260759196822561137e+02 7.188977604876933402e-07
1.261687031917566628e+02 1.442947427457141323e-06
1.262446169722571199e+02 6.346885826084110793e-07
1.263374004817576832e+02 1.550211725241205198e-06
1.264217491267581863e+02 5.747424713740624421e-07
1.265060977717586894e+02 1.625583602004887557e-06
1.265904464167591925e+02 5.635253978983555167e-07
1.266663601972596496e+02 1.649804155133212237e-06
1.267591437067602129e+02 6.184507743190961951e-07
1.268350574872606700e+02 1.607629923437718134e-06
1.269278409967612191e+02 7.269543063160996040e-07
1.270037547772616762e+02 1.527072055118317710e-06
1.270965382867622395e+02 9.504400358870692306e-07
1.271724520672626824e+02 1.338907508357667420e-06
1.272652355767632457e+02 1.230925092303875726e-06
1.273411493572637028e+02 1.104374687260310315e-06
1.274339328667642519e+02 1.549960403327717070e-06
1.275098466472647090e+02 8.374913420942630820e-07
1.276026301567652723e+02 1.879915571900645940e-06
1.276785439372657294e+02 5.791774168316598541e-07
1.277713274467662785e+02 2.198732066538095758e-06
1.278472412272667356e+02 3.166475370437912118e-07
1.279315898722672387e+02 2.275509638359011615e-06
1.280159385172677560e+02 3.088016539542132934e-07
1.281002871622682449e+02 2.425382827509371907e-06
1.281930706717688224e+02 3.537630800206667189e-07
1.282689844522692511e+02 2.393817169210218521e-06
1.283617679617698286e+02 5.643700369989791060e-07
1.284376817422702857e+02 2.196979575125880124e-06
1.285304652517708348e+02 9.338012202566082499e-07
1.286063790322712919e+02 1.859145185893552445e-06
1.286991625417718410e+02 1.440031992229329284e-06
1.287750763222722981e+02 1.262808841467373293e-06
1.288762946962729075e+02 1.266954876772433808e-06
1.289353387477732724e+02 1.481381616362729293e-06
1.290365571217738818e+02 2.348636741610203411e-06
1.291040360377742786e+02 7.474265887279796351e-07
1.291968195472748278e+02 2.861200384404976128e-06
1.292811681922753451e+02 3.472882513184969248e-07
1.293655168372758340e+02 3.248417322797776757e-06
1.294498654822763513e+02 1.289998457101145685e-07
1.295342141272768401e+02 3.453634163771892446e-06
1.296269976367774177e+02 1.347274045076149032e-07
1.297029114172778748e+02 3.438698255520011232e-06
1.297956949267784239e+02 4.207101937848932589e-07
1.298716087072788810e+02 3.232858658505810549e-06
1.299643922167794301e+02 8.516788802574256748e-07
1.300403059972798872e+02 2.777923416362666407e-06
1.301330895067804363e+02 1.493463236014238644e-06
1.302090032872808933e+02 2.188291405755546961e-06
1.303017867967814425e+02 2.228279243326370370e-06
1.303692657127818677e+02 1.528622149070585002e-06
1.304704840867824771e+02 2.972274768828105847e-06
1.305379630027828739e+02 9.251439084407483790e-07
1.306391813767834833e+02 3.631503879877599477e-06
1.307994438022844292e+02 4.163664005345281359e-06
1.309681410922854639e+02 4.549177900301621955e-06
1.311368383822864701e+02 6.291124300863923899e-06
1.313055356722874762e+02 4.061143107374971906e-06
1.314742329622884824e+02 3.591149444280285757e-06
1.315670164717890316e+02 1.502148417757655264e-06
1.316429302522894886e+02 2.880438607134086539e-06
1.317357137617900662e+02 2.403567070455278020e-06
1.318031926777904630e+02 2.072651104762038858e-06
1.319044110517910724e+02 3.306896721523085530e-06
1.319718899677914692e+02 1.312595152422426902e-06
1.320731083417920786e+02 4.114079815610962610e-06
1.322333707672930529e+02 4.773180996536629660e-06
1.324020680572940591e+02 5.172723857918631876e-06
1.325707653472950653e+02 5.200244587431394568e-06
1.327394626372960715e+02 4.901256470639889183e-06
1.329081599272970777e+02 4.302615443017743974e-06
1.330009434367976553e+02 1.727593483339313096e-06
1.330768572172981123e+02 3.458438478302538810e-06
1.331696407267986615e+02 2.714504183659939934e-06
1.332371196427990583e+02 2.555102374168622487e-06
1.333383380167996677e+02 3.722653091962797087e-06
1.334058169328000645e+02 1.646574947056010588e-06
1.334986004423006420e+02 4.621160732976779943e-06
1.336672977323016482e+02 5.380272241974870089e-06
1.338359950223026544e+02 5.822584966085634023e-06
1.340046923123036606e+02 5.889094861758590815e-06
1.341733896023046668e+02 5.567295192031028053e-06
1.343420868923057014e+02 4.893355683847773137e-06
1.344433052663062824e+02 1.794291246185018176e-06
1.345023493178066474e+02 3.983975728945190869e-06
1.346035676918072568e+02 2.819530033662711653e-06
1.346710466078076536e+02 2.984004696444824249e-06
1.347722649818082630e+02 3.888002849850995730e-06
1.348397438978086598e+02 1.964059852911825480e-06
1.349325274073092373e+02 4.868994891607439182e-06
1.351012246973102435e+02 5.696023401517934226e-06
1.352699219873112497e+02 6.185304414999113493e-06
1.354386192773122559e+02 6.281297322771933025e-06
1.356073165673132621e+02 5.963412609055371228e-06
1.357760138573142967e+02 5.276662903518400705e-06
1.359362762828152427e+02 4.359303526139257515e-06
1.360374946568158521e+02 2.717415181791929569e-06
1.361049735728162489e+02 3.314793821674239432e-06
1.362061919468168583e+02 3.797156955268889406e-06
1.362736708628172835e+02 2.230343643908575058e-06
1.363664543723178326e+02 4.809964445519560047e-06
1.365351516623188388e+02 5.659884693801816707e-06
1.367038489523198450e+02 6.184318138744740763e-06
1.368725462423208512e+02 6.322830976288600615e-06
1.370412435323218858e+02 6.049715455608627605e-06
1.372099408223228920e+02 5.407530348038350132e-06
1.373702032478238380e+02 4.549726293360693963e-06
1.374714216218244474e+02 2.421152118437520421e-06
1.375389005378248726e+02 3.534372128818734106e-06
1.376401189118254536e+02 3.438699975691367578e-06
1.377075978278258788e+02 2.469899800387943178e-06
1.378003813373264279e+02 4.427482803133195873e-06
1.378678602533268247e+02 1.495898605381091839e-06
1.379690786273274341e+02 5.269962390858981713e-06
1.381377759173284403e+02 5.818022618046666984e-06
1.383064732073294749e+02 6.007520388484971601e-06
1.383908218523299638e+02 1.330845992419232289e-07
1.384751704973304811e+02 5.823193255981118463e-06
1.386438677873314873e+02 5.296234162849913966e-06
1.387366512968320365e+02 1.157231675445261009e-06
1.388041302128324617e+02 4.575681129937396673e-06
1.389053485868330426e+02 1.980789791456386090e-06
1.389728275028334679e+02 3.692238177527071212e-06
1.390656110123340170e+02 2.861358427918223848e-06
1.391415247928344741e+02 2.732450525779091255e-06
1.392343083023350232e+02 3.779885566971192688e-06
1.393102220828354803e+02 1.828208158412314329e-06
1.394030055923360294e+02 4.556573683976609570e-06
1.394789193728364864e+02 1.079435532969931844e-06
1.395717028823370640e+02 5.099443514337488336e-06
1.396476166628374926e+02 5.685754792049399769e-07
1.397404001723380702e+02 5.348789196172975691e-06
1.398247488173385591e+02 3.575729665819073508e-07
1.399090974623390764e+02 5.244121363678381909e-06
1.399934461073395937e+02 4.969559041742529835e-07
1.400777947523400826e+02 5.133149475727807168e-06
1.401621433973405999e+02 9.218752123763903028e-07
1.402380571778410570e+02 4.551042460286617735e-06
1.403308406873416061e+02 1.524616401281796927e-06
1.404067544678420631e+02 3.886305441291325232e-06
1.404995379773426123e+02 2.242213747955462798e-06
1.405754517578430693e+02 3.154731672024513726e-06
1.406682352673436185e+02 2.974300733121536585e-06
1.407441490478440755e+02 2.429912593907713184e-06
1.408369325573446247e+02 3.641664370121223898e-06
1.409128463378450817e+02 1.788163230636226679e-06
1.410056298473456593e+02 4.176360796832170092e-06
1.410815436278461164e+02 1.289248028950264268e-06
1.411743271373466655e+02 4.532725900672100488e-06
1.412502409178471225e+02 9.718346354018577546e-07
1.413430244273476717e+02 4.694642122979951929e-06
1.414273730723481890e+02 8.667031688366975068e-07
1.415117217173486779e+02 4.667798383370753282e-06
1.415960703623491952e+02 9.837551583655637244e-07
1.416719841428496522e+02 4.464812791585994686e-06
1.417647676523502014e+02 1.262475178578739011e-06
1.418406814328506584e+02 4.204001968625757710e-06
1.419334649423512076e+02 1.650796646039453784e-06
1.420093787228516646e+02 3.843098582800494244e-06
1.421021622323522138e+02 2.110194602466799688e-06
1.421780760128526708e+02 3.426604451521888012e-06
1.422708595223532484e+02 2.601829957352159402e-06
1.423467733028537054e+02 2.992078329177207090e-06
1.424395568123542546e+02 3.093256682881937779e-06
1.425154705928547116e+02 2.566020145755724272e-06
1.426082541023552608e+02 3.559454888324540055e-06
1.426841678828557178e+02 2.172757058531924466e-06
1.427769513923562670e+02 3.984544524675804254e-06
1.428528651728567240e+02 1.827121714219021163e-06
1.429456486823572732e+02 4.341822168883774305e-06
1.430215624628577302e+02 1.561054600277510046e-06
1.431143459723583078e+02 4.646144494132729337e-06
1.431902597528587648e+02 1.361796115892238481e-06
1.432830432623593140e+02 4.854126135488357136e-06
1.433589570428597710e+02 1.267260639992043474e-06
1.434433056878602599e+02 4.986019434901477869e-06
1.435360891973608375e+02 1.351586510850762315e-06
1.436120029778612945e+02 5.021641882947926016e-06
1.437047864873618437e+02 1.591172348825271156e-06
1.437807002678623007e+02 4.910494460536258735e-06
1.438734837773628499e+02 2.004162272791331800e-06
1.439493975578633069e+02 4.630848254988502390e-06
1.440421810673638561e+02 2.594333830527989505e-06
1.441180948478643131e+02 4.176866904926659965e-06
1.442108783573648623e+02 3.352154726820209691e-06
1.442867921378653193e+02 3.659042562552323136e-06
1.443795756473658969e+02 4.229123577356955102e-06
1.444554894278663539e+02 2.895017866373885458e-06
1.445482729373669031e+02 5.182980229756886973e-06
1.446241867178673601e+02 2.137085385443150349e-06
1.447169702273679093e+02 6.122640549498793209e-06
1.447928840078683663e+02 1.428633528175550372e-06
1.448772326528688836e+02 6.959999736731572359e-06
1.449615812978693725e+02 8.705207044311308781e-07
1.450459299428698898e+02 7.780910931045057348e-06
1.451302785878703787e+02 5.812587838876457790e-07
1.452146272328708960e+02 8.434504370042917318e-06
1.453833245228719022e+02 9.185472021960344377e-06
1.455520218128729084e+02 2.854479107486936442e-05
1.456363704578734257e+02 1.016925033079722255e-05
1.457291539673739749e+02 5.343060434761518169e-06
1.458135026123744922e+02 4.699861266150177657e-06
1.458894163928749492e+02 4.898808283057804158e-06
1.459821999023754984e+02 5.773022872039342560e-06
1.460581136828759554e+02 3.863040301448527326e-06
1.461508971923765046e+02 7.270449090583152404e-06
1.462183761083769014e+02 2.693131748320285250e-06
1.463195944823775108e+02 8.734912202443049063e-06
1.463870733983779360e+02 1.633672707041713742e-06
1.464882917723785454e+02 9.919864379886553121e-06
1.465642055528789740e+02 8.415005054238564946e-07
1.466485541978794913e+02 1.065769451620746341e-05
1.467413377073800405e+02 7.046418114114149604e-07
1.468172514878804975e+02 1.108876100179922293e-05
1.469859487778815037e+02 1.064712035829600375e-05
1.471546460678825383e+02 9.728577826182449356e-06
1.472558644418831477e+02 4.886683663246584711e-06
1.473149084933834843e+02 8.235141025944801084e-06
1.474245617318841539e+02 7.109699756732094228e-06
1.474836057833844905e+02 6.556809898024135107e-06
1.475848241573850999e+02 9.591356312438516687e-06
1.477535214473861060e+02 1.203015504607246559e-05
1.479222187373871407e+02 1.403544547475350940e-05
1.480824811628880866e+02 1.540164023242178968e-05
1.482511784528890928e+02 1.616577813900471700e-05
1.484198757428901274e+02 1.600245479725472052e-05
1.485885730328911336e+02 1.478412721499432465e-05
1.487488354583920795e+02 1.294955991586515864e-05
1.488584886968927492e+02 9.127030461034518592e-06
1.489175327483931142e+02 1.056285586344570175e-05
1.490271859868937554e+02 1.242448258085877465e-05
1.491874484123947298e+02 1.594267864355776652e-05
1.493561457023957360e+02 1.899332804105667273e-05
1.495164081278966819e+02 2.107621573215021855e-05
1.496851054178977165e+02 2.261676451486715575e-05
1.498538027078987227e+02 2.271605127000733416e-05
1.500224999978997289e+02 2.135428062162612479e-05
1.501827624234006748e+02 1.924414012843094071e-05
1.503514597134017095e+02 1.611152902320160714e-05
1.504611129519023507e+02 1.610651584610283400e-05
1.506213753774033250e+02 2.054417096755120414e-05
1.507900726674043312e+02 2.493906088276517482e-05
1.509587699574053374e+02 2.818296573424653804e-05
1.511190323829063118e+02 3.054128788811346539e-05
1.512877296729073180e+02 3.124155980709971146e-05
1.514564269629083242e+02 2.988798701872694326e-05
1.516166893884092985e+02 2.776484866297183418e-05
1.517769518139102445e+02 2.394380651976852297e-05
1.519034747814110062e+02 2.071203258158357732e-05
1.519372142394112188e+02 2.030421886885669397e-05
1.520637372069119806e+02 2.630948333886833727e-05
1.522239996324129265e+02 3.221997582562435023e-05
1.523926969224139327e+02 3.716189462966932184e-05
1.525529593479149071e+02 4.073059508333244199e-05
1.527216566379159133e+02 4.263257905311540149e-05
1.528903539279169195e+02 4.191725416772617110e-05
1.530506163534178938e+02 3.980642921379486137e-05
1.532193136434189000e+02 3.546519587850864433e-05
1.533711412044198141e+02 3.059179777461264589e-05
1.534976641719205759e+02 3.335584519601436068e-05
1.536579265974215218e+02 4.178362068358202155e-05
1.538266238874225280e+02 5.003278590003051000e-05
1.539953211774235626e+02 5.629051087887205503e-05
1.541555836029245086e+02 6.124575229556575458e-05
1.543327157574255750e+02 6.894216720564287756e-05
1.544676735894263970e+02 7.132751220277791613e-05
1.546448057439274351e+02 5.716615962273476320e-05
1.548135030339284697e+02 5.176430509785002066e-05
1.549653305949293838e+02 4.722301971361713026e-05
1.551002884269301774e+02 5.493396148227491153e-05
1.552605508524311517e+02 6.658938566745381950e-05
1.554292481424321579e+02 7.650854409693897849e-05
1.555895105679331039e+02 8.720535963389753459e-05
1.557582078579341385e+02 9.394226381063738710e-05
1.559184702834350844e+02 9.795027862658998964e-05
1.560871675734360906e+02 9.830282697208557246e-05
1.562474299989370650e+02 9.639859114834030168e-05
1.564076924244380109e+02 9.316351444702091454e-05
1.565510851209388932e+02 9.462591856091115438e-05
1.567029126819397788e+02 1.126251669265414913e-04
1.568631751074407532e+02 1.356667426083365841e-04
1.570318723974417594e+02 1.608548350205197316e-04
1.571921348229427338e+02 1.858520309020687681e-04
1.573608321129437400e+02 2.076811177547446276e-04
1.575210945384446859e+02 2.301102314787785322e-04
1.576813569639456603e+02 2.475306485659375380e-04
1.578500542539466664e+02 2.656931597378030686e-04
1.580018818149475806e+02 2.901404535466802306e-04
1.581621442404485549e+02 3.343857291843440683e-04
1.583139718014494406e+02 4.178883495077601842e-04
1.584742342269504149e+02 5.388097044966447344e-04
1.586344966524513893e+02 7.023195501515464663e-04
1.587947590779523352e+02 9.232960065125356188e-04
1.589634563679533414e+02 1.238852799787500906e-03
1.591237187934543158e+02 1.719854523404125424e-03
1.592839812189552617e+02 2.525504674822476141e-03
1.594442436444562361e+02 4.115528599232968175e-03
1.596045060699571820e+02 8.070425733110822911e-03
1.597647684954581564e+02 2.293531336296448370e-02
1.600009447014595594e+02 3.404081668772274138e-01
1.602286860429609305e+02 2.359508967976041427e-02
1.603973833329619367e+02 8.369755456116631867e-03
1.605576457584629111e+02 4.259535219797040868e-03
1.607179081839638570e+02 2.613163404185487974e-03
1.608781706094648314e+02 1.808111981215012719e-03
1.610384330349658057e+02 1.353732038152791325e-03
1.611986954604667517e+02 1.059492677797468311e-03
1.613589578859677260e+02 8.419773957882859807e-04
1.615192203114686720e+02 6.676834496105828924e-04
1.616879176014696782e+02 5.290091716010013019e-04
1.618481800269706525e+02 4.170581329981823361e-04
1.620000075879715666e+02 3.333671476839960494e-04
1.621518351489724807e+02 2.900184977339623498e-04
1.623120975744734267e+02 2.729866602621240190e-04
1.624723599999744010e+02 2.635765357089508445e-04
1.626326224254753470e+02 2.517719733292106583e-04
1.627928848509763213e+02 2.313618115372811110e-04
1.629615821409773275e+02 2.082286143372963382e-04
1.631218445664782735e+02 1.781413509152143272e-04
1.632905418564793081e+02 1.476471855339246404e-04
1.634508042819802540e+02 1.171454392340138970e-04
1.635857621139810760e+02 9.689277949047599777e-05
1.637375896749819901e+02 1.043351744406234279e-04
1.638978521004829361e+02 1.109530908516331485e-04
1.640665493904839423e+02 1.145078601458378629e-04
1.642268118159849166e+02 1.115540110185080287e-04
1.643955091059859228e+02 1.052140608820913327e-04
1.645642063959869290e+02 9.307772852672632172e-05
1.647244688214879034e+02 7.775765633346531328e-05
1.648931661114889096e+02 6.156887561135096715e-05
1.650028193499895792e+02 4.281370284344830233e-05
1.650534285369898839e+02 4.478977778395283133e-05
1.651630817754905252e+02 5.161918354149184818e-05
1.653317790654915314e+02 5.950009265260304742e-05
1.655004763554925660e+02 6.354940823629963442e-05
1.656607387809935119e+02 6.450064197140028350e-05
1.658294360709945181e+02 6.199819701802950682e-05
1.659981333609955243e+02 5.586122302308406965e-05
1.661668306509965589e+02 4.708037838578061767e-05
1.662680490249971683e+02 1.593785294486908872e-05
1.663355279409975651e+02 3.692294811343330022e-05
1.664283114504981143e+02 2.333613930732776325e-05
1.664957903664985110e+02 2.713730518835175750e-05
1.665970087404991204e+02 3.000220090973642346e-05
1.666644876564995457e+02 1.812125094796943395e-05
1.667657060305001551e+02 3.503961774702296986e-05
1.668331849465005519e+02 1.085420413578552189e-05
1.669259684560011010e+02 3.850797281470996129e-05
1.670103171010016183e+02 6.056474350428663759e-06
1.670946657460021072e+02 3.959764396739756177e-05
1.671790143910026245e+02 4.354913370527759567e-06
1.672633630360031134e+02 3.817776469035061597e-05
1.673477116810036307e+02 5.166924435382439870e-06
1.674320603260041480e+02 3.465102747688355878e-05
1.675164089710046369e+02 7.935450747670075734e-06
1.676007576160051542e+02 2.967412462299162819e-05
1.676851062610056431e+02 1.189693269058304684e-05
1.677694549060061604e+02 2.407042813805515134e-05
1.678538035510066777e+02 1.620184997074460150e-05
1.679381521960071666e+02 1.860971095329632698e-05
1.680225008410076839e+02 2.011555126103616774e-05
1.681068494860081728e+02 1.403920711172763206e-05
1.681911981310086901e+02 2.298121200456568271e-05
1.682755467760092074e+02 1.081222469369470858e-05
1.683598954210096963e+02 2.447066002024309126e-05
1.684442440660102136e+02 9.148243248696987098e-06
1.685285927110107025e+02 2.449699982778254467e-05
1.686129413560112198e+02 8.988342139250759505e-06
1.686972900010117371e+02 2.325087201812635058e-05
1.687816386460122260e+02 1.004463117764404262e-05
1.688659872910127433e+02 2.112691830113367568e-05
1.689503359360132322e+02 1.184352915117577771e-05
1.690346845810137495e+02 1.866106145828495003e-05
1.691190332260142668e+02 1.385447822813747629e-05
1.692033818710147557e+02 1.633350452795088214e-05
1.692877305160152730e+02 1.560396827074688603e-05
1.693720791610157619e+02 1.465571562883705201e-05
1.694564278060162792e+02 1.665365212178994268e-05
1.695407764510167965e+02 1.385669511866354116e-05
1.696251250960172854e+02 1.683303730570975996e-05
1.697094737410178027e+02 1.402541018312885551e-05
1.697938223860182916e+02 1.617287539522956497e-05
1.698781710310188089e+02 1.502390636277473472e-05
1.699625196760193262e+02 1.491184285317466457e-05
1.700468683210198151e+02 1.653779070510638557e-05
1.701312169660203324e+02 1.345166055884961361e-05
1.702155656110208213e+02 1.812893969154226399e-05
1.702999142560213386e+02 1.227746543444606486e-05
1.703842629010218559e+02 1.933428258067429543e-05
1.704686115460223448e+02 1.181717841858429135e-05
1.705529601910228621e+02 1.978641970708329342e-05
1.706373088360233510e+02 1.245120814160744300e-05
1.707216574810238683e+02 1.914296764124191110e-05
1.708060061260243856e+02 1.427851779789673074e-05
1.708903547710248745e+02 1.742936605059872251e-05
1.709747034160253918e+02 1.720587271991327232e-05
1.710590520610258807e+02 1.485143295216317572e-05
1.711434007060263980e+02 2.090365414610774404e-05
1.712277493510268869e+02 1.184028817113023675e-05
1.713120979960274042e+02 2.483017434644398057e-05
1.713964466410279215e+02 9.036974035717516509e-06
1.714807952860284104e+02 2.833847463062308538e-05
1.715651439310289277e+02 7.112232704253211509e-06
1.716494925760294166e+02 3.076309284464023679e-05
1.717338412210299339e+02 6.706447601389844428e-06
1.718181898660304512e+02 3.166300497495692061e-05
1.719025385110309401e+02 8.306181398267246363e-06
1.719868871560314574e+02 3.043077859030812998e-05
1.720712358010319463e+02 1.207194823464502474e-05
1.721555844460324636e+02 2.725525543831368858e-05
1.722314982265329206e+02 1.789456329561662145e-05
1.723242817360334698e+02 2.243265908731403396e-05
1.724086303810339871e+02 2.517332558529230936e-05
1.724929790260344760e+02 1.658725236854787573e-05
1.725773276710349933e+02 3.318488368579265143e-05
1.726616763160355106e+02 1.069943448286085985e-05
1.727460249610359995e+02 4.088226979353955904e-05
1.728303736060365168e+02 5.880299049828430083e-06
1.729147222510370057e+02 4.716562287515829819e-05
1.729990708960375230e+02 3.252806074350528301e-06
1.730834195410380403e+02 5.134878954873860782e-05
1.731593333215384973e+02 4.005690428950000008e-06
1.732521168310390465e+02 5.153031264325908331e-05
1.733280306115395035e+02 9.057984193065795058e-06
1.734208141210400527e+02 4.864552943305985123e-05
1.734967279015405097e+02 1.778225830551589286e-05
1.735895114110410589e+02 4.235293593788517407e-05
1.736654251915415159e+02 2.970073690121791617e-05
1.737666435655421253e+02 3.418870325295728411e-05
1.738341224815425221e+02 4.386223536223800789e-05
1.739353408555431315e+02 2.456336424532288044e-05
1.740028197715435567e+02 5.920941186017132212e-05
1.741799519260445948e+02 7.694415141463995488e-05
1.743570840805456612e+02 1.203536823568453348e-04
1.745089116415465753e+02 5.274103937993778255e-05
1.746860437960476418e+02 7.095269332459977973e-05
1.748631759505487082e+02 7.076103361173373960e-05
1.750318732405497144e+02 6.494815359147188634e-05
1.752596145820510856e+02 7.388418811652380889e-05
1.754367467365521520e+02 9.451537703371966012e-05
1.756054440265531582e+02 1.148156330956516861e-04
1.757741413165541644e+02 1.281763809710702838e-04
1.759512734710552309e+02 1.394582884390780611e-04
1.761199707610562371e+02 1.410528352920538040e-04
1.762971029155573035e+02 1.378097859452850579e-04
1.764826699345584302e+02 1.316322127203226554e-04
1.766851066825596206e+02 1.612692682398431153e-04
1.768622388370606870e+02 2.024245083879490468e-04
1.770393709915617535e+02 2.427585247827165318e-04
1.772165031460628200e+02 2.770580881736877548e-04
1.773852004360638261e+02 3.063589438343996977e-04
1.775623325905648926e+02 3.269124373729060166e-04
1.777394647450659591e+02 3.448053595705871210e-04
1.779334666285671176e+02 3.950459053110964435e-04
1.781190336475682159e+02 5.057522959050797821e-04
1.782961658020692823e+02 6.518324504054617092e-04
1.784732979565703488e+02 8.310321179668751952e-04
1.786504301110714152e+02 1.050127983576618247e-03
1.788275622655724817e+02 1.337881738140854178e-03
1.790046944200735481e+02 1.761491415891036898e-03
1.791902614390746464e+02 2.588373035876628640e-03
1.793758284580757731e+02 4.333894297853750806e-03
1.795529606125768396e+02 8.609437547569761401e-03
1.797385276315779379e+02 2.440150389854775850e-02
1.800000084310795216e+02 3.428920602772778659e-01
