Frequency Power
4.761904761125004826e-01 4.487522286082021652e-03
9.890109888490394852e-01 1.923103776954690480e-02
1.721611721329809441e+00 6.033364115418217780e-03
2.234432234066348499e+00 1.535031797908517799e-02
2.967032966547118455e+00 3.812452147040869960e-02
3.516483515907696145e+00 1.747075347254067532e-02
3.956043955396157941e+00 7.947878541046560219e-03
4.395604394884619737e+00 6.354422411368645940e-02
4.871794870997120164e+00 6.871554831929731211e-02
5.311355310485581960e+00 2.919259810029676758e-02
5.714285713350006013e+00 1.022141996127594668e-02
6.117216116214429178e+00 2.466990056903418937e-02
6.923076921943276396e+00 4.555962457251497982e-02
7.472527471303854085e+00 1.496870372726293377e-03
7.802197800920199988e+00 1.452381489433550313e-03
8.241758240408662672e+00 1.205176300351418033e-02
8.937728936265393997e+00 5.015291797953238401e-02
9.267399265881740789e+00 2.793768620218271825e-02
9.816849815242317590e+00 6.606244199745743284e-01
1.025641025473077939e+01 4.026270832823147794e-02
1.069597069421924118e+01 1.008087815871218096e-01
1.106227106045962749e+01 4.089343021209747124e-03
1.142857142670001203e+01 1.455282410064553424e-02
1.175824175631635882e+01 4.307295518328577849e-02
1.219780219580482061e+01 3.326043966797274237e-02
1.267399267191732015e+01 2.798007072890757937e-02
1.355311355089424552e+01 3.830532749568908019e-02
1.406593406363078458e+01 1.457198444621476685e-01
1.457875457636732186e+01 2.315971439268693643e-02
1.516483516235193818e+01 1.889502862412008322e-02
1.553113552859232449e+01 2.264951778238268390e-02
1.597069596808078629e+01 1.064226593655302928e-02
1.637362637094521034e+01 6.107071444288109281e-03
1.673992673718559487e+01 5.094987038632967959e-03
1.717948717667405489e+01 2.375562303074837695e-03
1.776556776265867299e+01 9.958839909221866779e-03
1.857142856838751754e+01 4.958619908870648928e-03
1.923076922762021113e+01 8.714214647373257072e-03
1.970695970373271422e+01 1.854738735849214074e-02
2.018315017984521376e+01 5.817301397097099543e-03
2.084249083907790734e+01 1.935907258851020038e-02
2.131868131519040688e+01 4.854668776474314017e-03
2.201465201104713643e+01 2.984991971469601151e-03
2.245421245053560000e+01 2.405301453061585741e-04
2.311355310976829358e+01 1.189352148739285069e-03
2.347985347600867811e+01 3.532331326636887776e-03
2.399267398874521717e+01 3.723262627110503903e-03
2.446886446485771671e+01 3.421197946671685874e-03
2.498168497759425577e+01 3.020032941636756167e-03
2.545787545370675531e+01 2.675260240213919120e-03
2.597069596644329437e+01 2.530076264162807106e-03
2.677655677217214247e+01 1.648766418720642220e-03
2.758241757790099058e+01 3.495782066065268069e-03
2.809523809063752964e+01 4.084533879287457949e-04
2.860805860337406870e+01 1.996347418571136397e-03
2.908424907948656823e+01 4.559981818147237735e-03
2.963369962884714681e+01 9.121710124760196853e-03
3.025641025145580087e+01 3.583318696673559386e-03
3.106227105718464898e+01 1.012254792404741408e-03
3.183150182628945757e+01 1.306714908272069587e-03
3.227106226577792114e+01 9.740564634107852764e-04
3.300366299825869021e+01 9.560034637020650011e-04
3.347985347437118975e+01 1.348943817591615737e-03
3.395604395048368929e+01 6.900141723095059351e-04
3.450549449984426786e+01 1.791062238368537314e-03
3.516483515907695789e+01 2.598005888462617732e-03
3.567765567181349695e+01 9.825917922122843779e-04
3.615384614792599649e+01 1.674237821236285216e-03
3.681318680715869363e+01 1.967855462939905719e-03
3.725274724664715364e+01 1.294373319673813166e-03
3.769230768613561366e+01 6.145795611359640550e-04
3.849816849186446177e+01 3.034271797924571745e-04
3.908424907784907987e+01 1.106363904727449389e-03
3.941391940746542843e+01 1.027668432181330247e-03
4.018315017657023702e+01 2.495716520752349482e-03
4.095238094567504561e+01 7.268611173243373982e-04
4.135531134853946611e+01 6.262046697111777870e-04
4.172161171477984709e+01 4.631072334415092698e-04
4.227106226414042567e+01 7.433632819380661325e-04
4.267399266700485327e+01 1.347657174909807330e-04
4.318681317974139233e+01 1.854502012650279539e-03
4.358974358260581283e+01 3.155084098603708372e-04
4.428571427846254238e+01 1.204687039082264193e-03
4.479853479119908144e+01 1.720441951210356212e-03
4.520146519406350905e+01 1.363700091582105639e-03
4.564102563355196907e+01 5.531923730201687342e-05
4.608058607304042908e+01 8.794491227487557421e-04
4.666666665902504718e+01 1.002291209939538399e-03
4.736263735488177673e+01 1.061066304928230501e-03
4.805860805073851338e+01 1.338106976608990711e-04
4.853479852685101292e+01 4.649494203235629390e-04
4.893772892971543342e+01 2.359305927773779369e-04
4.945054944245197248e+01 1.149013301950368732e-03
5.032967032142889963e+01 2.931807921666868292e-04
5.091575090741351062e+01 9.709200784927875813e-04
5.157509156664620775e+01 1.933174337601188664e-04
5.212454211600678633e+01 2.571364753032877076e-04
5.271062270199139732e+01 4.520826698541549724e-05
5.318681317810390397e+01 2.916613311833984390e-04
5.362637361759236398e+01 7.017782536490258438e-04
5.417582416695294256e+01 1.058146737428396818e-03
5.483516482618563259e+01 7.225716752996290187e-04
5.531135530229813213e+01 4.873594753149536633e-04
5.582417581503467119e+01 2.607703155528925953e-03
5.633699632777121025e+01 6.123011847586726805e-05
5.695970695037986786e+01 2.081047692841759915e-04
5.739926738986832788e+01 3.134192978811600619e-04
5.787545786598082742e+01 7.172926618771235192e-05
5.842490841534140600e+01 1.111280246135909911e-03
5.893772892807794506e+01 6.681442814952428784e-04
5.945054944081448411e+01 1.098056791038365702e-03
5.996336995355102317e+01 5.249413946488569026e-04
6.073260072265583176e+01 1.156226666486059483e-03
6.128205127201641034e+01 4.154111993109211990e-04
6.212454211436929796e+01 1.451191483924738231e-04
6.267399266372986943e+01 1.031501528561535892e-03
6.329670328633852705e+01 1.212835642029388636e-03
6.380952379907506611e+01 5.914493010347382290e-04
6.424908423856352613e+01 5.205071795832118221e-04
6.487179486117217664e+01 1.196756854128226688e-03
6.534798533728468328e+01 3.058609207578621286e-04
6.575091574014911089e+01 1.679497430066166825e-04
6.633699632613372899e+01 2.563326787369569495e-04
6.692307691211833287e+01 1.105707418736675369e-03
6.758241757135103001e+01 9.807383881559352239e-04
6.820512819395968052e+01 1.440227746315412985e-03
6.868131867007218716e+01 7.382349851570736959e-04
6.937728936592891671e+01 8.020744417667222213e-04
6.992673991528948818e+01 1.100349767866390079e-03
7.062271061114623194e+01 8.939346496307129216e-04
7.120879119713083583e+01 1.101800984487123769e-03
7.230769229585199298e+01 1.332997508398231544e-03
7.285714284521257866e+01 9.789488241893815577e-04
7.336996335794911772e+01 6.878457189561207373e-04
7.402930401718180065e+01 6.450314811352044972e-04
7.490842489615873490e+01 2.553053194948639920e-04
7.553113551876738541e+01 5.473363026827584611e-04
7.600732599487989205e+01 4.085946475798176353e-05
7.706959705697700258e+01 3.358247993140239069e-04
7.743589742321738356e+01 4.099203132375904123e-04
7.827838826557027119e+01 1.002272266582080861e-03
7.882783881493085687e+01 1.228057818582147876e-03
7.926739925441931689e+01 1.808273384937220877e-04
7.970695969390777691e+01 1.007066174831202287e-03
8.018315017002026934e+01 2.010329407280877362e-04
8.113553112224528263e+01 2.441182552540176122e-04
8.161172159835777506e+01 1.783777857484142944e-04
8.238095236746258365e+01 1.944702620064782915e-03
8.304029302669528079e+01 1.783720645782955029e-03
8.373626372255201034e+01 3.992619885580627587e-04
8.417582416204047036e+01 4.519042050536295008e-04
8.465201463815297700e+01 4.297802738563434133e-04
8.505494504101739039e+01 2.056577054019844775e-04
8.527472526076162751e+01 1.959352434650080826e-04
8.571428570025008753e+01 1.556081984225030426e-04
8.641025639610681708e+01 4.403197708704851719e-04
8.736263734833181616e+01 9.659622002115683583e-04
8.794871793431643425e+01 7.164998608362780188e-04
8.831501830055681523e+01 1.365580384845906797e-03
8.882783881329335429e+01 7.266992915670374706e-04
8.937728936265393997e+01 8.657247487029305524e-06
8.981684980214239999e+01 2.083929769654429317e-04
9.025641024163086001e+01 1.720473356107413880e-04
9.065934064449528762e+01 3.651272825372511659e-04
9.168498166996836574e+01 8.371658568893286566e-04
9.256410254894528578e+01 5.676249504397165926e-04
9.311355309830587146e+01 1.946187490356411772e-03
9.358974357441836389e+01 3.347182423302816172e-04
9.402930401390682391e+01 9.107665711883023048e-04
9.439560438014721910e+01 3.942143636658940469e-04
9.505494503937990203e+01 1.418645256892040038e-03
9.571428569861259916e+01 2.352416927220846838e-04
9.626373624797317063e+01 1.476731336725646966e-05
9.677655676070970969e+01 1.377960087795832358e-03
9.728937727344624875e+01 3.357405421068167684e-03
9.791208789605491347e+01 2.136326476302051209e-03
9.857142855528759640e+01 4.761895273915701574e-04
9.941391939764048402e+01 8.494228526022466839e-04
9.981684980050491163e+01 1.927776204432852505e-04
1.005128204963616412e+02 8.437513737581702530e-04
1.008058607893539431e+02 2.686496612754832140e-03
1.013186813020904822e+02 7.714711424861723024e-04
1.016117215950827983e+02 1.371960052981447277e-04
1.021245421078193374e+02 1.678287766204241208e-03
1.025641025473077974e+02 1.840401138013370236e-03
1.031135530966683689e+02 1.061387685948979483e-03
1.036263736094049079e+02 7.915926695878926526e-04
1.042124541953895260e+02 4.641779775951332333e-04
1.046520146348779861e+02 2.554962106557149529e-04
1.050915750743664603e+02 1.496969828818353913e-03
1.054945054772308737e+02 1.925327204352625594e-04
1.058974358800953013e+02 7.711662186443581210e-05
1.063369963195837613e+02 1.154194740069235375e-03
1.069597069421924118e+02 1.498686915023426328e-03
1.075457875281770299e+02 2.656618349176599440e-03
1.080586080409135690e+02 3.661131500885049343e-03
1.085714285536501080e+02 2.383709417892652255e-03
1.089743589565145356e+02 8.718615092026733328e-04
1.097435897256193442e+02 9.242815615170353388e-04
1.103663003482279947e+02 3.073067858188387397e-04
1.109523809342126128e+02 1.793156331132256991e-03
1.117948717765655005e+02 2.216876320145252759e-03
1.122710622526780071e+02 1.649140605663078395e-03
1.128205128020385786e+02 2.354033810112635561e-03
1.134798534612712757e+02 1.269595713157305010e-03
1.143223443036241491e+02 1.090574597952126152e-03
1.148351648163606882e+02 3.509253607192662841e-04
1.153113552924731948e+02 1.431920736470292457e-03
1.159706959517058920e+02 1.514740962997554083e-04
1.165201465010664634e+02 1.975547795617963679e-03
1.170329670138030025e+02 1.702921154820927598e-03
1.175091574899155091e+02 1.805930849515646709e-03
1.179487179294039692e+02 3.120705203026430505e-04
1.184615384421405082e+02 3.480007121274333046e-04
1.190842490647491587e+02 1.282079751779810700e-03
1.195604395408616654e+02 1.511382737590943751e-03
1.200366300169741578e+02 1.805779072680959807e-04
1.203663003465905064e+02 2.126001678199724817e-04
1.208058607860789664e+02 1.443207099321284007e-03
1.212820512621914730e+02 4.677996487346781440e-04
1.217216117016799330e+02 1.932563416484489030e-03
1.222710622510405045e+02 2.210835073736555460e-03
1.228937728736491692e+02 2.004827185278599145e-04
1.233699633497616617e+02 8.866320620856710949e-05
1.238095237892501217e+02 6.650275762157111057e-04
1.244322344118587864e+02 2.020212107551843696e-03
1.251648351443395484e+02 1.493563841230470752e-03
1.256043955838280084e+02 1.179737950364094642e-03
1.259706959500684036e+02 2.299756474270834000e-03
1.264835164628049426e+02 2.993748809620766765e-03
1.270329670121655141e+02 2.360478706246606825e-03
1.278388278178943551e+02 5.367398161381424721e-04
1.284981684771270523e+02 1.199814851042053238e-03
1.290109889898635913e+02 1.922287042445914793e-03
1.294871794659760837e+02 6.766979533609241435e-04
1.301098900885847627e+02 4.121364698392814257e-04
1.307326007111934132e+02 1.746715555178235228e-03
1.312820512605539705e+02 1.770050414582418101e-03
1.317948717732905095e+02 3.118474037198251843e-03
1.324175823958991884e+02 1.444301981316064264e-03
1.329304029086357275e+02 5.380853729831381856e-04
1.336263736044924428e+02 6.735957831043958141e-04
1.341025640806049353e+02 1.528764910855421417e-03
1.345421245200934095e+02 2.619929565253721008e-03
1.350549450328299486e+02 2.977410309563562063e-03
1.356043955821905342e+02 2.796993719736465961e-03
1.364102563879193610e+02 3.115637292222714870e-03
1.371062270837761048e+02 2.383401852848634865e-03
1.378754578528809134e+02 1.092308899015176273e-03
1.383882783656174524e+02 7.004712736853090441e-04
1.393406593178424373e+02 1.871843230799137385e-03
1.398168497939549582e+02 1.482831311209187536e-03
1.404029303799395620e+02 6.577696842892907011e-04
1.409157508926761011e+02 1.781493850959200986e-03
1.414285714054126402e+02 3.056545020923266513e-03
1.419413919181491792e+02 1.893118691229056256e-03
1.423443223210136068e+02 4.331675623947335205e-04
1.427472527238780344e+02 1.333004972996286019e-03
1.431868131633664802e+02 2.646913456700574364e-03
1.436996336761030193e+02 3.504340366615703393e-03
1.442124541888395584e+02 3.225532833709523540e-04
1.448351648114482373e+02 6.686028270780693551e-04
1.456410256171770641e+02 2.444801878817316580e-03
1.461172160932895849e+02 1.656047715091042922e-03
1.466300366060261240e+02 1.673912303262715343e-03
1.472893772652587927e+02 2.483477221443440401e-03
1.478021977779953318e+02 1.668487097363910519e-03
1.482051281808597594e+02 3.039649816562108465e-03
1.486813186569722802e+02 6.970658574249782077e-04
1.490476190232126612e+02 1.107221110830801380e-03
1.494871794627011070e+02 1.310438843679451095e-03
1.498901098655655346e+02 5.054469950746335628e-03
1.504029303783020737e+02 4.252731643702436018e-03
1.509523809276626594e+02 3.132736939251697366e-03
1.516849816601434213e+02 2.355882785758002616e-03
1.522710622461280536e+02 1.532317886170515495e-03
1.528205127954886109e+02 4.460224635759809861e-03
1.533333333082251499e+02 2.519095264554525263e-03
1.538095237843376708e+02 4.405073866633006912e-04
1.542857142604501632e+02 1.556987184849728751e-03
1.550915750661790184e+02 2.828606874479283693e-03
1.556776556521636223e+02 6.243084613237761225e-03
1.563369963113963195e+02 7.666197122188712736e-03
1.568864468607569052e+02 2.132200443487689175e-03
1.576923076664857319e+02 2.762006306855338891e-03
1.580219779961020947e+02 2.995539189038076613e-03
1.584249083989665223e+02 2.144312489419706366e-03
1.589377289117030614e+02 2.417271603317183888e-03
1.600366300104242043e+02 2.187014098738344903e-03
1.605860805597847900e+02 2.485534069916038417e-03
1.609157508894011244e+02 4.868063337179695462e-04
1.613186812922655520e+02 1.405118346463214360e-03
1.617582417317540262e+02 2.642575027707112084e-03
1.621245420979944072e+02 1.239756513237066623e-03
1.628205127938511225e+02 7.985827668108100991e-03
1.636263735995799777e+02 5.964226852880887865e-03
1.641025640756924702e+02 1.783378023863191547e-03
1.649450549180453720e+02 8.437708632170747318e-04
1.654212453941578644e+02 3.345705984515791082e-04
1.658241757970222920e+02 5.195460866649815115e-03
1.663736263463828493e+02 2.985256700723508232e-03
1.667032966759992121e+02 3.652883680367820241e-03
1.673992673718559274e+02 5.822377937563683048e-03
1.678388278113444017e+02 8.291508784754739658e-04
1.683516483240809407e+02 1.570090232709399824e-03
1.695238094960501769e+02 2.033251109099996640e-03
1.705494505215232550e+02 6.004599138806542002e-03
1.710989010708838407e+02 1.309965624816669281e-03
1.715018314737482399e+02 1.006986702702030107e-03
1.721611721329809370e+02 3.753068686989151034e-04
1.726373626090934579e+02 3.139416104815351185e-03
1.731501831218299969e+02 4.485965374635742312e-03
1.737362637078146008e+02 2.475225474924917270e-03
1.743223442937992047e+02 2.419080017949202556e-03
1.747619047332876789e+02 7.079238911581891419e-03
1.754578754291444227e+02 7.889967070273827456e-04
1.762271061982492313e+02 3.931199677129595255e-03
1.770695970406021047e+02 1.465459702793187914e-03
1.775457875167145971e+02 1.259378036767279212e-02
1.780586080294511362e+02 1.371871455425067131e-02
1.784981684689396104e+02 8.629676753613884158e-03
1.788644688351799914e+02 3.967503434852945148e-03
1.791941391647963258e+02 9.478768967209250454e-03
1.796336996042848000e+02 9.829525111374652971e-03
1.800366300071492276e+02 9.845649541044040887e-03
1.805494505198857667e+02 1.145299856476021325e-02
1.808424908128780828e+02 1.453767629212386961e-02
1.814652014354867333e+02 1.437718030805030904e-02
1.819780219482232724e+02 2.815471609207728914e-03
1.824908424609598114e+02 1.432927416235164897e-03
1.829304029004482572e+02 8.148377903330254399e-03
1.834065933765607781e+02 2.232239067952233869e-02
1.838827838526732705e+02 1.148070023082347658e-02
1.842124541822896049e+02 5.119082669466147942e-03
1.847252746950261439e+02 6.424884903499650593e-03
1.851648351345146182e+02 1.094752469549598387e-02
1.859340659036194268e+02 2.000934008719946686e-02
1.865934065628521239e+02 6.002992487607899941e-02
1.870695970389646163e+02 7.123902830139855480e-02
1.875091574784530906e+02 5.491215126821356179e-02
1.879120878813174897e+02 6.940295486573578275e-03
1.882783882475578991e+02 1.516326783472672461e-02
1.886080585771742335e+02 4.082114571072020803e-03
1.890109889800386611e+02 5.264799906330839413e-02
1.894871794561511535e+02 3.602039962752249386e-02
1.898168497857675163e+02 9.628198566642834355e-03
1.901831501520078973e+02 9.999189301668461385e-03
1.909157508844886593e+02 3.246252840630391157e-02
1.913919413606011517e+02 8.628781908411906065e-02
1.917948717634655793e+02 6.522926649163449109e-02
1.923443223128261650e+02 2.559464427124545638e-02
1.927472527156905926e+02 2.727231581791583065e-02
1.932234431918030850e+02 3.366728411952204375e-02
1.935897435580434660e+02 1.400988565532520699e-02
1.943589743271482746e+02 1.456113404078614726e-01
1.951282050962530832e+02 1.356666999136819651e-01
1.956043955723655756e+02 2.988243110924213367e-02
1.960073259752300032e+02 4.350721260007760910e-02
1.969230768908309699e+02 7.712698697001432735e-02
1.978754578430559832e+02 9.446734217716198923e-02
1.984615384290405871e+02 3.838565677634814526e-03
1.987912087586569214e+02 1.510743023614064158e-02
1.995970695643857766e+02 2.852008342688732573e-02
2.001098900771223157e+02 8.851570299072394898e-02
2.005128204799867433e+02 7.299096463531463963e-02
2.010256409927232824e+02 2.576252107654112417e-02
2.015018314688357748e+02 3.484809956847163739e-03
2.018681318350761558e+02 1.806213830027786609e-03
2.023809523478126948e+02 3.035349479041716050e-02
2.031501831169175034e+02 6.523656918604292532e-02
2.038095237761502005e+02 1.568152011996648554e-02
2.043223442888867396e+02 1.928240455242563253e-02
2.047252746917511672e+02 1.581484196690607566e-02
2.056410256073521339e+02 6.612180082672333703e-02
2.063736263398328958e+02 4.284135230204832306e-02
2.071428571089377044e+02 1.656422545976217117e-02
2.078021977681704016e+02 2.299156324293610311e-03
2.081684981344107825e+02 1.350417329656561360e-02
2.086446886105233034e+02 4.759270337368950998e-02
2.090476190133877026e+02 2.398680472691057039e-02
2.097802197458684930e+02 1.945199888118414808e-02
2.101465201121088739e+02 1.126018431011294521e-02
2.105860805515973198e+02 1.268534769172494636e-01
2.109890109544617474e+02 1.466273370921095665e-01
2.114652014305742682e+02 8.278261757063133663e-02
2.118681318334386674e+02 5.129063596265927803e-03
2.122710622363030950e+02 4.901787710879750015e-02
2.128205127856636807e+02 3.087583488202351109e-02
2.134065933716482846e+02 2.613040122770163634e-02
2.139194138843848236e+02 7.103578543106979504e-02
2.147252746901136788e+02 1.123418495752336183e-01
2.151648351296021531e+02 2.826534924276205563e-02
2.156410256057146455e+02 7.743349351909088740e-02
2.167399267044357885e+02 1.775269454499406319e-02
2.175091574735405970e+02 6.717157229162618037e-02
2.183150182792694523e+02 2.962386991644063577e-02
2.190842490483742608e+02 3.792034626414811371e-02
