Frequency Power
4.761904761125004826e-01 7.901566239368554290e-02
8.791208789769240362e-01 1.484136579737374839e-01
1.245421245217309014e+00 1.033372354887280610e-02
1.611721611457693992e+00 2.713613134789734371e-02
1.941391941074040561e+00 2.195184296021618006e-02
2.380952380562502579e+00 4.183605587271003318e-02
2.857142856675003006e+00 4.362681643984905183e-02
3.772893772275965230e+00 3.761271889245631356e-02
4.249084248388466101e+00 2.490094908287046604e-02
5.128205127365389693e+00 2.200717894828126478e-02
5.604395603477890120e+00 4.372809093189713309e-02
6.080586079590390547e+00 3.441929785359121308e-02
6.813186812071160503e+00 5.993112893211893777e-02
7.326007324807699561e+00 1.613433474658292066e-02
7.838827837544238619e+00 9.687569877804544372e-03
8.791208789769239473e+00 1.218393314106103360e-02
9.853479851866357109e+00 6.608919489450191739e-03
1.040293040122693391e+01 7.336652470881624422e-03
1.106227106045962749e+01 1.040569135819728423e-02
1.157509157319616655e+01 7.759580718912884815e-04
1.227106226905289788e+01 3.985028383924146649e-03
1.285714285503751242e+01 4.247112434431650312e-03
1.329670329452597599e+01 5.995471977061043881e-04
1.366300366076636053e+01 3.134597719559443097e-03
1.406593406363078458e+01 3.930100315665323481e-03
1.454212453974328412e+01 5.260096942099000937e-03
1.505494505247982318e+01 3.637057906801600786e-03
1.553113552859232449e+01 6.351713527421035815e-03
1.604395604132886177e+01 4.883187620985988096e-03
1.666666666393751584e+01 3.715148257970756016e-03
1.765567765278655799e+01 5.546172811903471792e-03
1.816849816552309704e+01 3.097140678315973231e-03
1.886446886137982659e+01 3.277266868503712557e-03
1.934065933749232613e+01 3.963852029452419150e-03
1.989010988685290471e+01 1.880393811412211244e-03
2.043956043621348329e+01 2.274482378058660745e-03
2.113553113207021283e+01 1.219386102147813032e-03
2.168498168143079141e+01 1.571693530483453914e-03
2.260073259703175452e+01 2.380221798773165306e-03
2.347985347600867811e+01 6.110601091968309063e-03
2.406593406199329266e+01 9.574715514351867874e-04
2.443223442823367719e+01 2.389199832802259282e-03
2.509157508746637077e+01 1.000412280186631061e-03
2.542124541708271934e+01 1.122986671673827314e-03
2.630036629605964293e+01 2.805629811302045098e-03
2.699633699191637248e+01 1.965785285271932654e-03
2.739926739478079654e+01 1.959745005948256361e-03
2.802197801738945060e+01 5.894528394523848493e-04
2.857142856675002918e+01 6.242721474662971375e-04
2.956043955559906777e+01 1.728996796288195543e-03
3.010989010495964635e+01 1.512526940739446777e-03
3.073260072756830041e+01 7.794933386293566779e-04
3.164835164316926353e+01 5.389174376309692005e-04
3.252747252214619067e+01 1.154712920380773777e-03
3.329670329125099926e+01 1.383694396794175625e-03
3.406593406035580074e+01 4.733165314902194496e-04
3.454212453646830738e+01 1.055326229985558036e-03
3.494505493933272788e+01 5.618639217593886627e-04
3.534798534219714838e+01 1.729005714515094048e-03
3.611721611130195697e+01 1.134941167895213345e-03
3.673992673391061459e+01 1.466775526927316690e-03
3.754578753963946269e+01 2.645105656472888553e-04
3.794871794250388319e+01 4.722929994395444410e-05
3.846153845524042225e+01 5.921971905280348997e-04
3.882783882148081034e+01 2.468615407825773219e-04
3.941391940746542843e+01 1.232174111414865341e-03
3.999999999345003943e+01 1.739484612271844516e-04
4.054945054281061800e+01 1.824625427876572302e-04
4.109890109217119658e+01 6.897807927085018937e-04
4.135531134853946611e+01 9.269048557902934355e-04
4.183150182465196565e+01 9.910873887255674478e-04
4.227106226414042567e+01 8.265786135692900069e-04
4.296703295999716232e+01 4.653966242369311627e-04
4.344322343610966186e+01 5.874747868527836064e-04
4.413919413196639141e+01 2.932330819489231276e-04
4.494505493769523952e+01 5.874674351311024193e-04
4.567765567017600858e+01 1.580885993758604675e-03
4.633699632940869861e+01 5.850014264726168022e-04
4.758241757462601385e+01 5.358586859322830376e-04
4.813186812398658532e+01 3.456470518624613531e-04
4.868131867334716389e+01 7.928944900046125573e-04
4.919413918608370295e+01 1.919831810668586177e-04
4.970695969882024201e+01 7.469257516379991914e-04
5.021978021155678107e+01 2.752451831245389738e-03
5.084249083416543868e+01 1.167502061288879737e-03
5.146520145677408919e+01 8.049066174020050443e-04
5.201465200613466777e+01 5.349146165841336259e-04
5.238095237237505586e+01 6.785697116915581856e-04
5.285714284848755540e+01 1.834725256891019899e-03
5.340659339784813398e+01 3.869072057367502009e-04
5.428571427682505401e+01 2.132553290536108603e-04
5.505494504592986260e+01 1.106391950959690956e-03
5.560439559529044118e+01 1.665415656278964934e-04
5.597069596153082927e+01 2.515528167073579312e-04
5.644688643764332880e+01 4.977631830205352754e-04
5.721611720674813739e+01 3.177983271191505018e-04
5.765567764623659741e+01 8.841687283236202271e-04
5.824175823222121551e+01 1.944132933037547072e-03
5.879120878158179409e+01 8.462600061089630993e-04
5.978021977043083268e+01 5.281492782312033774e-04
6.021978020991929270e+01 2.099041873713592202e-04
6.087912086915198273e+01 2.753877799321479292e-04
6.135531134526448938e+01 6.505215322522143497e-04
6.194139193124910037e+01 6.043901067511551215e-04
6.271062270035390895e+01 5.200046578904224956e-04
6.424908423856352613e+01 4.090761429779879812e-04
6.476190475130006519e+01 6.793366420083090664e-05
6.505494504429238134e+01 6.353603655475987472e-06
6.553113552040487377e+01 6.870356902406195548e-04
6.600732599651738042e+01 1.559868513012019429e-04
6.666666665575006334e+01 7.311978301690428292e-04
6.717948716848660240e+01 3.531640028024146541e-04
6.758241757135103001e+01 5.987560301451507643e-05
6.824175823058372714e+01 6.750013420432859988e-04
6.901098899968853573e+01 7.102297197936288274e-04
6.952380951242507479e+01 2.725232400651192519e-04
6.992673991528948818e+01 1.812299643606716225e-04
7.073260072101834339e+01 3.952031809537780074e-04
7.153846152674718439e+01 3.929007218209531159e-04
7.197802196623564441e+01 4.689284286170463897e-04
7.260073258884430913e+01 3.931898718469977057e-04
7.311355310158084819e+01 2.565849841688558623e-04
7.358974357769334063e+01 4.466467182663499676e-04
7.428571427355007017e+01 9.396216541470788115e-04
7.479853478628660923e+01 7.354149776612965272e-04
7.534798533564719492e+01 3.375367556574918634e-04
7.611721610475200350e+01 1.580134305803471270e-04
7.659340658086449594e+01 7.806205608053487640e-04
7.761904760633757405e+01 1.286494300688404736e-03
7.824175822894623877e+01 5.350544688282585270e-04
7.919413918117123785e+01 8.043207227132060906e-04
7.970695969390777691e+01 2.388751062415974346e-04
8.010989009677220452e+01 1.495490633035479648e-04
8.058608057288469695e+01 4.599463089568633792e-04
8.098901097574912455e+01 1.562167674304838034e-03
8.157509156173374265e+01 3.020934056381595323e-04
8.227106225759047220e+01 5.569439310884827460e-04
8.271062269707893222e+01 6.486799051060837106e-04
8.326007324643950369e+01 9.241142256315177782e-04
8.384615383242412179e+01 4.122948449402726219e-05
8.439560438178470747e+01 2.000554980834291644e-04
8.487179485789719990e+01 5.991505925153220793e-04
8.534798533400970655e+01 9.296053072882818572e-04
8.578754577349816657e+01 1.649965847440741152e-04
8.677655676234719806e+01 1.145883283365023387e-03
8.739926738495586278e+01 7.027584084645494521e-04
8.802197800756451329e+01 1.647488898497774783e-03
8.864468863017316380e+01 2.675961510335925241e-04
8.930402928940586094e+01 4.229826424164377240e-04
9.003663002188663711e+01 5.814368450275652364e-04
9.058608057124720858e+01 4.870714589539880401e-04
9.164835163334431911e+01 6.146333977750766120e-04
9.223443221932893721e+01 3.872577604209053977e-04
9.285714284193760193e+01 8.108080830430608107e-04
9.326007324480201532e+01 3.717990797588232124e-04
9.369963368429047534e+01 7.631189029926749041e-04
9.402930401390682391e+01 6.055612916063952923e-04
9.446886445339528393e+01 2.559835188196896757e-04
9.487179485625971154e+01 6.937763011111500178e-04
9.556776555211644109e+01 4.705219296823185456e-04
9.630036628459721726e+01 1.545016499898231284e-03
9.692307690720586777e+01 5.801722758394116429e-04
9.820512818904721541e+01 2.293925200890010400e-03
9.882783881165586592e+01 1.056177844233514417e-03
9.912087910464818208e+01 1.350009084298471737e-03
9.978021976388086500e+01 1.953165900643183547e-04
1.001465201301212602e+02 1.055984249367189487e-03
1.006959706794818317e+02 8.089768302347679664e-04
1.010989010823462593e+02 2.171073391213352004e-03
1.015384615218347193e+02 1.795458382990570241e-03
1.020146519979472259e+02 4.550910561951074023e-04
1.024175824008116393e+02 6.380465877261954797e-04
1.029304029135481784e+02 2.597400377352703914e-03
1.038095237925251126e+02 1.961489275352014915e-03
1.045421245250058746e+02 1.037662660605261642e-03
1.050915750743664603e+02 4.440521201138472097e-04
1.055311355138549203e+02 3.332885931265809425e-04
1.060805860632154918e+02 6.278606467807216953e-04
1.066666666492001099e+02 2.829286178043225646e-04
1.072161171985606813e+02 1.672975608862406179e-03
1.080219780042895366e+02 7.595764984469455900e-04
1.086446886268981871e+02 1.795358412417540593e-03
1.091208791030106937e+02 5.666046405652756931e-04
1.096336996157472328e+02 9.028759988981032347e-05
1.106227106045962643e+02 8.234612509589796670e-04
1.111721611539568499e+02 1.097351081269601607e-03
1.119047618864376119e+02 1.190211297076134139e-03
1.123809523625501186e+02 4.301943489823411345e-04
1.128205128020385786e+02 2.234697334280350261e-03
1.135531135345193405e+02 1.935683806813519477e-04
1.149084248896087672e+02 2.165592932494602840e-03
1.154578754389693529e+02 1.164321738774015550e-03
1.157875457685857015e+02 5.438726830476758606e-04
1.162637362446981939e+02 6.321583356769392217e-04
1.167032966841866539e+02 1.352134305204971383e-03
1.173260073067953186e+02 5.039883906547117315e-04
1.177655677462837787e+02 1.951070134474102867e-04
1.183150182956443501e+02 5.784843433186726306e-04
1.190109889915010797e+02 1.026145247762842261e-04
1.195604395408616654e+02 1.555724789739649627e-03
1.200366300169741578e+02 9.507859316936699123e-04
1.204761904564626178e+02 9.672589194435098547e-04
1.209157508959510920e+02 1.218566438213806525e-03
1.216117215918078216e+02 1.737723203406903345e-03
1.221611721411683931e+02 1.759550871432281937e-03
1.226007325806568531e+02 3.810639344972403396e-04
1.229670329468972483e+02 5.267037269664099231e-04
1.234432234230097407e+02 1.849508415540773590e-03
1.239926739723703264e+02 1.327901676745573030e-03
1.245787545583549303e+02 1.408278766109284576e-04
1.249450549245953255e+02 4.178905381902182740e-04
1.256776556570760874e+02 6.805358854889590825e-04
1.261904761698126265e+02 9.864732925805967667e-04
1.267032966825491656e+02 1.033046957894408462e-03
1.273626373417818627e+02 2.270272433579842430e-03
1.281318681108866713e+02 4.446466478644622573e-04
1.288278388067434150e+02 1.269277672798124529e-04
1.294139193927280189e+02 1.107867284853381994e-03
1.298534798322164932e+02 7.003580129634519725e-05
1.302197801984568741e+02 4.911957149953684017e-04
1.306593406379453199e+02 3.953720883693129934e-03
1.311721611506818590e+02 1.402821307457947616e-03
1.316117215901703332e+02 8.146025319126976895e-04
1.321245421029068723e+02 7.557403488897518036e-04
1.326373626156434113e+02 2.013657871483344117e-03
1.336263736044924428e+02 4.934264460383280598e-04
1.343223443003491866e+02 3.558991302249705797e-04
1.347619047398376324e+02 6.829972641483691596e-04
1.353479853258222647e+02 8.255069459020828370e-04
1.357875457653107105e+02 4.196023735143649303e-04
1.363736263512953428e+02 1.251517264090556665e-03
1.370695970471520582e+02 1.505636218380147166e-03
1.375824175598885972e+02 6.365141629416346024e-04
1.379120878895049600e+02 3.889071632659119883e-04
1.383516483289934058e+02 3.285928121328125090e-03
1.388278388051058982e+02 2.490284708135065070e-03
1.392307692079703259e+02 3.447658958335639290e-03
1.399999999770751344e+02 1.902597739750985090e-03
1.405494505264357201e+02 9.142439440897542034e-04
1.409157508926761011e+02 6.915269815350255991e-04
1.414285714054126402e+02 4.840717488174799653e-03
1.419780219547732258e+02 1.192742787260148022e-03
1.424175823942616717e+02 1.042178006418539252e-03
1.430036629802463040e+02 8.208735994149360480e-04
1.436996336761030193e+02 2.771154766630164364e-03
1.442857142620876516e+02 5.441799251981253556e-04
1.448351648114482373e+02 8.759495535781039281e-04
1.453113552875607297e+02 9.081981567581335268e-04
1.458241758002972688e+02 4.644199167987974556e-04
1.468498168257703469e+02 1.165666618070902499e-03
1.473260073018828393e+02 8.145846603491547035e-05
1.476923076681232203e+02 6.728372457205651202e-04
1.481318681076116945e+02 7.306320154987921848e-04
1.485714285471001403e+02 1.048452013815030347e-03
1.490476190232126612e+02 1.415003515043475064e-03
1.495970695725732185e+02 1.287680297923308884e-03
1.501098900853097575e+02 2.869303892081252749e-03
1.512087911840309289e+02 1.545715294704656968e-03
1.521245420996318956e+02 5.855083985428318665e-04
1.526373626123684346e+02 3.847537723939217433e-03
1.530769230518568804e+02 1.559377323920253279e-03
1.535164834913453547e+02 1.622267390030028610e-03
1.539560439308338005e+02 9.626052468244522108e-04
1.542124541872020700e+02 8.136220696322772226e-04
1.548717948464347671e+02 2.492353775282271536e-04
1.554945054690434176e+02 1.565869050854835432e-03
1.561904761649001614e+02 1.294885265209160365e-03
1.566666666410126538e+02 2.006616030543203946e-03
1.571428571171251747e+02 3.074066427299965674e-03
1.577289377031097786e+02 3.976887931333349981e-03
1.583882783623424757e+02 1.511413615590060560e-03
1.588644688384549681e+02 1.903869937311521675e-03
1.597435897174318882e+02 2.584341722178309757e-03
1.601831501569203624e+02 1.076487840803932875e-03
1.606959706696569015e+02 4.259751690371065859e-03
1.612454212190174871e+02 6.584073145031639658e-03
1.620879120613703606e+02 7.824062155038159945e-04
1.626373626107309462e+02 1.360222245735868626e-03
1.630769230502193921e+02 1.343654374706501240e-04
1.634798534530838197e+02 1.540010854779607415e-03
1.639926739658203587e+02 2.217279346888822739e-03
1.643223442954367215e+02 1.175469373900872670e-03
1.648351648081732606e+02 7.347869464306606979e-04
1.654212453941578644e+02 6.298838831782016057e-04
1.662271061998867197e+02 4.495979851872284293e-03
1.668498168224953702e+02 3.309982219666998942e-03
1.673260072986078626e+02 7.098064938391415637e-04
1.679120878845924665e+02 4.597512617938994024e-03
1.684249083973290055e+02 9.538937233631702897e-04
1.687545787269453683e+02 3.104526542913180263e-04
1.691575091298097959e+02 2.421585884626761571e-03
1.697435897157943998e+02 5.678055770726306122e-03
1.704395604116511436e+02 4.782517279771002390e-03
1.716483516202443980e+02 8.944231147227697451e-03
1.726007325724694113e+02 3.918193480595606216e-03
1.734065933781982665e+02 4.865618319642827337e-03
1.738827838543107589e+02 1.346022950725145632e-03
1.744322344036713446e+02 2.007725833595278443e-03
1.750183149896559485e+02 8.132616039220661938e-03
1.756776556488886456e+02 2.546538320829514531e-03
1.761538461250011380e+02 7.552755818480938813e-03
1.770329670039780581e+02 3.660749480789342834e-03
1.776556776265867086e+02 3.021961264583592106e-03
1.782051281759472943e+02 3.360208234408431521e-04
1.786813186520597867e+02 6.764338160821632652e-04
1.789743589450521029e+02 4.286768805621464875e-04
1.793772893479165305e+02 6.906112026055845690e-03
1.798534798240290229e+02 6.194992294616062309e-03
1.806227105931338315e+02 1.140629034902752685e-02
1.811355311058703705e+02 3.616938119493865855e-03
1.817948717651030677e+02 1.385083265631689665e-03
1.822710622412155601e+02 4.842530679775964089e-03
1.828571428272001924e+02 4.243280634450138575e-03
1.835531135230569078e+02 1.082006784541142711e-03
1.842857142555376981e+02 5.762503624136905769e-03
1.858974358669953801e+02 3.638701092484906714e-03
1.864468864163559658e+02 3.731308642760120756e-03
1.870695970389646163e+02 1.282501449274596993e-02
1.878388278080694249e+02 6.703072864009779544e-03
1.883150182841819174e+02 7.260353960970520812e-03
1.887179486870463450e+02 1.371602278660450378e-03
1.890842490532867259e+02 3.482119953865562591e-03
1.895238094927752002e+02 5.528591445027787425e-03
1.898534798223915345e+02 5.906665312266143678e-03
1.902930402618800088e+02 2.392328072175843590e-02
1.907326007013684546e+02 1.272579005339856753e-02
1.912087911774809754e+02 2.101523077743593353e-03
1.914285713972251983e+02 1.707689480392345993e-03
1.924908424593223231e+02 8.197108361952589253e-03
1.928571428255627040e+02 1.122636836934552901e-03
1.933333333016751965e+02 5.980692170946056568e-02
1.938461538144117355e+02 4.009074620229073453e-03
1.943589743271482746e+02 8.321179833425920019e-03
1.949084248765088603e+02 3.675725677229987887e-02
1.955677655357415574e+02 1.889605292849607168e-02
1.960439560118540498e+02 2.672302626188690082e-04
1.964102563780944308e+02 1.146605634263651516e-02
1.968864468542069233e+02 3.559589851609581967e-02
1.973260072936953975e+02 3.398934288708968521e-02
1.977289376965598251e+02 1.264880284916726841e-02
1.983882783557925222e+02 2.252599345200490336e-02
1.988278387952809680e+02 9.941955525056121734e-02
1.993040292713934605e+02 7.992103952665283173e-02
1.998901098573780928e+02 7.723459937348081672e-02
2.006959706631069480e+02 1.672873022928752229e-01
2.011721611392194404e+02 2.730217356518747085e-01
2.016117215787078862e+02 2.263865005207349734e-01
2.025274724943088529e+02 1.684116201288773651e-01
2.030402930070453920e+02 1.101798027069681163e-01
2.034798534465338662e+02 3.042984889706082732e-02
2.041758241423905815e+02 2.363270845220112049e-01
2.049450549114953901e+02 2.558971260003991555e-01
2.054212453876079110e+02 5.962770173565819232e-02
2.059706959369684682e+02 8.774530210878442316e-02
2.068498168159454167e+02 1.289271049056817109e-01
2.076923076582982901e+02 1.913469007161874291e-01
2.081318680977867643e+02 6.578929720544443409e-03
2.085347985006511635e+02 4.125888021530483424e-02
2.089010988668915729e+02 3.420524579390798233e-03
2.092673992331319539e+02 6.882795543472219890e-02
2.097802197458684930e+02 9.233503748525490051e-02
2.101465201121088739e+02 5.841225576280426046e-02
2.106227105882213664e+02 7.368821054488491895e-02
2.115018314671982864e+02 1.478814296999787434e-02
2.120146519799348255e+02 1.273893970600461362e-02
2.122710622363030950e+02 1.849193655779247589e-02
2.126739926391675226e+02 1.036386872768727159e-02
2.134432234082723312e+02 3.007949015955013045e-02
2.138461538111367588e+02 1.366973593404303793e-02
2.143223442872492512e+02 1.426456627186224041e-02
2.149816849464819484e+02 1.597046392239831469e-02
2.154578754225944408e+02 5.342508839110980505e-03
2.158608058254588684e+02 1.290878622418857764e-02
2.162637362283232960e+02 7.128104526009331268e-03
2.167399267044357885e+02 1.075578580991916160e-02
2.173626373270444674e+02 3.650547541131339037e-03
2.178388278031569598e+02 2.090517792416003370e-02
2.182783882426454056e+02 2.477820997933914259e-03
2.190109889751261960e+02 1.171814635414619894e-02
