2460215.571964  9.867908e-01   -1.0320478940e+00 -2.4511503578e+00 4.3915029843e-01  -3.2725264822e-02 -2.3748787014e+00 4.3914107169e-01
2460215.572572  9.949990e-01   -1.0320415577e+00 -2.4511532807e+00 4.3915094167e-01  -3.2719896239e-02 -2.3748712376e+00 4.3914171404e-01
2460215.573180  9.977460e-01   -1.0320352214e+00 -2.4511562035e+00 4.3915158491e-01  -3.2714527759e-02 -2.3748637737e+00 4.3914235639e-01
2460215.573788  9.995798e-01   -1.0320288851e+00 -2.4511591264e+00 4.3915222815e-01  -3.2709159381e-02 -2.3748563098e+00 4.3914299874e-01
2460215.574396  1.006040e+00   -1.0320225488e+00 -2.4511620493e+00 4.3915287139e-01  -3.2703791105e-02 -2.3748488459e+00 4.3914364108e-01
2460215.575004  1.004182e+00   -1.0320162125e+00 -2.4511649721e+00 4.3915351463e-01  -3.2698422931e-02 -2.3748413820e+00 4.3914428342e-01
2460215.575611  9.986425e-01   -1.0320098866e+00 -2.4511678901e+00 4.3915415680e-01  -3.2693063686e-02 -2.3748339304e+00 4.3914492470e-01
2460215.576219  1.011597e+00   -1.0320035503e+00 -2.4511708129e+00 4.3915480003e-01  -3.2687695717e-02 -2.3748264665e+00 4.3914556704e-01
2460215.576827  1.021892e+00   -1.0319972140e+00 -2.4511737357e+00 4.3915544326e-01  -3.2682327849e-02 -2.3748190026e+00 4.3914620937e-01
2460215.577435  9.912940e-01   -1.0319908777e+00 -2.4511766585e+00 4.3915608648e-01  -3.2676960084e-02 -2.3748115387e+00 4.3914685170e-01
2460215.578043  1.003229e+00   -1.0319845413e+00 -2.4511795813e+00 4.3915672971e-01  -3.2671592421e-02 -2.3748040747e+00 4.3914749403e-01
2460215.578651  1.029432e+00   -1.0319782050e+00 -2.4511825040e+00 4.3915737293e-01  -3.2666224861e-02 -2.3747966108e+00 4.3914813636e-01
2460215.579260  9.660398e-01   -1.0319718686e+00 -2.4511854268e+00 4.3915801614e-01  -3.2660857402e-02 -2.3747891469e+00 4.3914877868e-01
2460215.579868  1.029419e+00   -1.0319655323e+00 -2.4511883495e+00 4.3915865936e-01  -3.2655490045e-02 -2.3747816830e+00 4.3914942100e-01
2460215.580476  1.025628e+00   -1.0319591959e+00 -2.4511912722e+00 4.3915930257e-01  -3.2650122790e-02 -2.3747742190e+00 4.3915006332e-01
2460215.581084  9.268028e-01   -1.0319528596e+00 -2.4511941949e+00 4.3915994578e-01  -3.2644755638e-02 -2.3747667551e+00 4.3915070563e-01
2460215.581691  1.014343e+00   -1.0319465336e+00 -2.4511971128e+00 4.3916058793e-01  -3.2639397413e-02 -2.3747593034e+00 4.3915134689e-01
2460215.582299  9.976596e-01   -1.0319401973e+00 -2.4512000355e+00 4.3916123114e-01  -3.2634030465e-02 -2.3747518394e+00 4.3915198920e-01
2460215.582907  1.043710e+00   -1.0319338609e+00 -2.4512029582e+00 4.3916187434e-01  -3.2628663619e-02 -2.3747443755e+00 4.3915263151e-01
2460215.583515  9.875916e-01   -1.0319275245e+00 -2.4512058808e+00 4.3916251754e-01  -3.2623296876e-02 -2.3747369115e+00 4.3915327382e-01
2460215.584123  1.000403e+00   -1.0319211881e+00 -2.4512088034e+00 4.3916316074e-01  -3.2617930234e-02 -2.3747294475e+00 4.3915391612e-01
2460215.584731  1.020874e+00   -1.0319148517e+00 -2.4512117261e+00 4.3916380393e-01  -3.2612563695e-02 -2.3747219835e+00 4.3915455842e-01
2460215.585339  1.024636e+00   -1.0319085153e+00 -2.4512146487e+00 4.3916444713e-01  -3.2607197258e-02 -2.3747145196e+00 4.3915520072e-01
2460215.585947  1.017108e+00   -1.0319021789e+00 -2.4512175713e+00 4.3916509032e-01  -3.2601830923e-02 -2.3747070556e+00 4.3915584301e-01
2460215.586555  1.004072e+00   -1.0318958425e+00 -2.4512204938e+00 4.3916573351e-01  -3.2596464690e-02 -2.3746995916e+00 4.3915648531e-01
2460215.587588  1.004987e+00   -1.0318850768e+00 -2.4512254593e+00 4.3916682629e-01  -3.2587347622e-02 -2.3746869101e+00 4.3915757657e-01
2460215.588089  9.994440e-01   -1.0318798555e+00 -2.4512278675e+00 4.3916735628e-01  -3.2582925996e-02 -2.3746807597e+00 4.3915810582e-01
2460215.588590  1.003128e+00   -1.0318746342e+00 -2.4512302757e+00 4.3916788626e-01  -3.2578504440e-02 -2.3746746093e+00 4.3915863507e-01
2460215.589091  1.021773e+00   -1.0318694129e+00 -2.4512326839e+00 4.3916841625e-01  -3.2574082949e-02 -2.3746684588e+00 4.3915916432e-01
2460215.589592  1.021768e+00   -1.0318641916e+00 -2.4512350921e+00 4.3916894624e-01  -3.2569661531e-02 -2.3746623084e+00 4.3915969357e-01
2460215.590093  1.005889e+00   -1.0318589703e+00 -2.4512375003e+00 4.3916947622e-01  -3.2565240183e-02 -2.3746561579e+00 4.3916022281e-01
2460215.590594  1.010527e+00   -1.0318537490e+00 -2.4512399085e+00 4.3917000620e-01  -3.2560818900e-02 -2.3746500074e+00 4.3916075206e-01
2460215.591095  1.028362e+00   -1.0318485277e+00 -2.4512423166e+00 4.3917053618e-01  -3.2556397691e-02 -2.3746438570e+00 4.3916128130e-01
2460215.591596  9.994106e-01   -1.0318433063e+00 -2.4512447248e+00 4.3917106616e-01  -3.2551976551e-02 -2.3746377065e+00 4.3916181054e-01
2460215.592097  1.028352e+00   -1.0318380850e+00 -2.4512471329e+00 4.3917159614e-01  -3.2547555480e-02 -2.3746315561e+00 4.3916233978e-01
2460215.592598  1.022680e+00   -1.0318328637e+00 -2.4512495410e+00 4.3917212611e-01  -3.2543134475e-02 -2.3746254056e+00 4.3916286902e-01
2460215.593099  9.784477e-01   -1.0318276423e+00 -2.4512519492e+00 4.3917265609e-01  -3.2538713543e-02 -2.3746192551e+00 4.3916339825e-01
2460215.593601  1.004005e+00   -1.0318224210e+00 -2.4512543573e+00 4.3917318606e-01  -3.2534292680e-02 -2.3746131046e+00 4.3916392749e-01
2460215.594102  1.014223e+00   -1.0318171996e+00 -2.4512567654e+00 4.3917371603e-01  -3.2529871883e-02 -2.3746069541e+00 4.3916445672e-01
2460215.594603  1.012352e+00   -1.0318119783e+00 -2.4512591735e+00 4.3917424600e-01  -3.2525451159e-02 -2.3746008037e+00 4.3916498595e-01
2460215.595104  9.957020e-01   -1.0318067569e+00 -2.4512615815e+00 4.3917477597e-01  -3.2521030505e-02 -2.3745946532e+00 4.3916551518e-01
2460215.595605  1.001215e+00   -1.0318015356e+00 -2.4512639896e+00 4.3917530593e-01  -3.2516609916e-02 -2.3745885027e+00 4.3916604440e-01
2460215.596106  9.920308e-01   -1.0317963142e+00 -2.4512663977e+00 4.3917583589e-01  -3.2512189400e-02 -2.3745823522e+00 4.3916657363e-01
2460215.596607  9.920262e-01   -1.0317910928e+00 -2.4512688057e+00 4.3917636586e-01  -3.2507768954e-02 -2.3745762017e+00 4.3916710285e-01
2460215.597108  9.956828e-01   -1.0317858715e+00 -2.4512712138e+00 4.3917689582e-01  -3.2503348573e-02 -2.3745700512e+00 4.3916763208e-01
2460215.597609  1.017933e+00   -1.0317806501e+00 -2.4512736218e+00 4.3917742578e-01  -3.2498928265e-02 -2.3745639007e+00 4.3916816130e-01
2460215.598110  1.016054e+00   -1.0317754287e+00 -2.4512760299e+00 4.3917795573e-01  -3.2494508027e-02 -2.3745577501e+00 4.3916869052e-01
2460215.598611  9.802005e-01   -1.0317702073e+00 -2.4512784379e+00 4.3917848569e-01  -3.2490087858e-02 -2.3745515996e+00 4.3916921973e-01
2460215.599112  1.014175e+00   -1.0317649860e+00 -2.4512808459e+00 4.3917901564e-01  -3.2485667755e-02 -2.3745454491e+00 4.3916974895e-01
2460215.599613  1.036838e+00   -1.0317597646e+00 -2.4512832539e+00 4.3917954559e-01  -3.2481247725e-02 -2.3745392986e+00 4.3917027816e-01
2460215.600114  1.055137e+00   -1.0317545432e+00 -2.4512856619e+00 4.3918007554e-01  -3.2476827764e-02 -2.3745331481e+00 4.3917080737e-01
2460215.600615  1.033015e+00   -1.0317493218e+00 -2.4512880699e+00 4.3918060549e-01  -3.2472407869e-02 -2.3745269975e+00 4.3917133658e-01
2460215.601116  9.993199e-01   -1.0317441004e+00 -2.4512904778e+00 4.3918113544e-01  -3.2467988047e-02 -2.3745208470e+00 4.3917186579e-01
2460215.601617  1.027312e+00   -1.0317388790e+00 -2.4512928858e+00 4.3918166538e-01  -3.2463568294e-02 -2.3745146965e+00 4.3917239500e-01
2460215.602118  1.013212e+00   -1.0317336576e+00 -2.4512952938e+00 4.3918219533e-01  -3.2459148607e-02 -2.3745085459e+00 4.3917292421e-01
2460215.602619  1.018822e+00   -1.0317284361e+00 -2.4512977017e+00 4.3918272527e-01  -3.2454728993e-02 -2.3745023954e+00 4.3917345341e-01
2460215.603120  9.993007e-01   -1.0317232147e+00 -2.4513001096e+00 4.3918325521e-01  -3.2450309448e-02 -2.3744962448e+00 4.3917398261e-01
2460215.603621  1.002984e+00   -1.0317179933e+00 -2.4513025176e+00 4.3918378515e-01  -3.2445889969e-02 -2.3744900943e+00 4.3917451181e-01
2460215.604663  9.658059e-01   -1.0317071336e+00 -2.4513075256e+00 4.3918488733e-01  -3.2436698390e-02 -2.3744773021e+00 4.3917561246e-01
2460215.605084  9.693668e-01   -1.0317027459e+00 -2.4513095490e+00 4.3918533264e-01  -3.2432984792e-02 -2.3744721337e+00 4.3917605715e-01
2460215.605505  1.036779e+00   -1.0316983582e+00 -2.4513115724e+00 4.3918577796e-01  -3.2429271243e-02 -2.3744669652e+00 4.3917650184e-01
2460215.605926  9.965167e-01   -1.0316939706e+00 -2.4513135958e+00 4.3918622327e-01  -3.2425557747e-02 -2.3744617968e+00 4.3917694653e-01
2460215.606347  1.002958e+00   -1.0316895829e+00 -2.4513156192e+00 4.3918666858e-01  -3.2421844295e-02 -2.3744566284e+00 4.3917739122e-01
2460215.606768  9.765200e-01   -1.0316851952e+00 -2.4513176426e+00 4.3918711389e-01  -3.2418130893e-02 -2.3744514599e+00 4.3917783591e-01
2460215.607189  9.783165e-01   -1.0316808075e+00 -2.4513196660e+00 4.3918755919e-01  -3.2414417544e-02 -2.3744462915e+00 4.3917828060e-01
2460215.607611  1.001100e+00   -1.0316764094e+00 -2.4513216941e+00 4.3918800556e-01  -3.2410695421e-02 -2.3744411107e+00 4.3917872634e-01
2460215.608033  1.000175e+00   -1.0316720217e+00 -2.4513237175e+00 4.3918845086e-01  -3.2406982166e-02 -2.3744359423e+00 4.3917917102e-01
2460215.608454  1.011286e+00   -1.0316676340e+00 -2.4513257408e+00 4.3918889617e-01  -3.2403268960e-02 -2.3744307738e+00 4.3917961571e-01
2460215.608875  9.792023e-01   -1.0316632463e+00 -2.4513277642e+00 4.3918934147e-01  -3.2399555807e-02 -2.3744256054e+00 4.3918006039e-01
2460215.609296  9.919064e-01   -1.0316588586e+00 -2.4513297875e+00 4.3918978677e-01  -3.2395842698e-02 -2.3744204369e+00 4.3918050507e-01
2460215.609717  1.009413e+00   -1.0316544709e+00 -2.4513318108e+00 4.3919023207e-01  -3.2392129643e-02 -2.3744152685e+00 4.3918094975e-01
2460215.610138  1.012202e+00   -1.0316500832e+00 -2.4513338342e+00 4.3919067737e-01  -3.2388416633e-02 -2.3744101000e+00 4.3918139443e-01
2460215.610559  9.828006e-01   -1.0316456955e+00 -2.4513358575e+00 4.3919112267e-01  -3.2384703672e-02 -2.3744049315e+00 4.3918183911e-01
2460215.610980  1.005689e+00   -1.0316413078e+00 -2.4513378808e+00 4.3919156797e-01  -3.2380990763e-02 -2.3743997631e+00 4.3918228378e-01
2460215.611401  9.918865e-01   -1.0316369201e+00 -2.4513399041e+00 4.3919201326e-01  -3.2377277900e-02 -2.3743945946e+00 4.3918272846e-01
2460215.611822  1.006608e+00   -1.0316325324e+00 -2.4513419274e+00 4.3919245856e-01  -3.2373565090e-02 -2.3743894261e+00 4.3918317313e-01
2460215.612243  9.507328e-01   -1.0316281447e+00 -2.4513439507e+00 4.3919290385e-01  -3.2369852324e-02 -2.3743842576e+00 4.3918361780e-01
2460215.612664  9.791671e-01   -1.0316237569e+00 -2.4513459740e+00 4.3919334914e-01  -3.2366139608e-02 -2.3743790891e+00 4.3918406247e-01
2460215.613085  1.005669e+00   -1.0316193692e+00 -2.4513479973e+00 4.3919379443e-01  -3.2362426945e-02 -2.3743739207e+00 4.3918450714e-01
2460215.613506  1.053060e+00   -1.0316149815e+00 -2.4513500205e+00 4.3919423973e-01  -3.2358714326e-02 -2.3743687522e+00 4.3918495181e-01
2460215.613927  1.028138e+00   -1.0316105938e+00 -2.4513520438e+00 4.3919468501e-01  -3.2355001757e-02 -2.3743635837e+00 4.3918539648e-01
2460215.614348  9.368065e-01   -1.0316062060e+00 -2.4513540671e+00 4.3919513030e-01  -3.2351289240e-02 -2.3743584152e+00 4.3918584115e-01
2460215.614769  9.095951e-01   -1.0316018183e+00 -2.4513560903e+00 4.3919557559e-01  -3.2347576770e-02 -2.3743532467e+00 4.3918628581e-01
2460215.615190  9.648201e-01   -1.0315974306e+00 -2.4513581136e+00 4.3919602087e-01  -3.2343864351e-02 -2.3743480782e+00 4.3918673048e-01
2460215.615611  9.350712e-01   -1.0315930428e+00 -2.4513601368e+00 4.3919646616e-01  -3.2340151977e-02 -2.3743429097e+00 4.3918717514e-01
2460215.616032  9.316286e-01   -1.0315886551e+00 -2.4513621600e+00 4.3919691144e-01  -3.2336439653e-02 -2.3743377412e+00 4.3918761980e-01
2460215.616453  9.419787e-01   -1.0315842673e+00 -2.4513641833e+00 4.3919735672e-01  -3.2332727381e-02 -2.3743325727e+00 4.3918806446e-01
2460215.616874  8.995790e-01   -1.0315798796e+00 -2.4513662065e+00 4.3919780200e-01  -3.2329015155e-02 -2.3743274042e+00 4.3918850912e-01
2460215.617295  1.001008e+00   -1.0315754918e+00 -2.4513682297e+00 4.3919824728e-01  -3.2325302981e-02 -2.3743222357e+00 4.3918895378e-01
2460215.617716  9.037242e-01   -1.0315711041e+00 -2.4513702529e+00 4.3919869256e-01  -3.2321590853e-02 -2.3743170672e+00 4.3918939844e-01
2460215.618137  9.256229e-01   -1.0315667163e+00 -2.4513722761e+00 4.3919913784e-01  -3.2317878773e-02 -2.3743118987e+00 4.3918984309e-01
2460215.619071  9.103959e-01   -1.0315569820e+00 -2.4513767646e+00 4.3920012569e-01  -3.2309643605e-02 -2.3743004322e+00 4.3919082957e-01
2460215.619446  8.855819e-01   -1.0315530736e+00 -2.4513785667e+00 4.3920052231e-01  -3.2306337257e-02 -2.3742958284e+00 4.3919122564e-01
2460215.619821  9.791002e-01   -1.0315491653e+00 -2.4513803688e+00 4.3920091893e-01  -3.2303030953e-02 -2.3742912246e+00 4.3919162170e-01
2460215.620196  9.179641e-01   -1.0315452569e+00 -2.4513821709e+00 4.3920131555e-01  -3.2299724683e-02 -2.3742866208e+00 4.3919201777e-01
2460215.620572  9.917997e-01   -1.0315413381e+00 -2.4513839778e+00 4.3920171323e-01  -3.2296409642e-02 -2.3742820048e+00 4.3919241489e-01
2460215.620947  9.692203e-01   -1.0315374298e+00 -2.4513857799e+00 4.3920210985e-01  -3.2293103450e-02 -2.3742774010e+00 4.3919281096e-01
2460215.621322  9.799885e-01   -1.0315335214e+00 -2.4513875820e+00 4.3920250646e-01  -3.2289797302e-02 -2.3742727972e+00 4.3919320702e-01
2460215.621697  9.718951e-01   -1.0315296131e+00 -2.4513893841e+00 4.3920290308e-01  -3.2286491192e-02 -2.3742681934e+00 4.3919360308e-01
2460215.622072  9.908727e-01   -1.0315257047e+00 -2.4513911862e+00 4.3920329969e-01  -3.2283185117e-02 -2.3742635896e+00 4.3919399914e-01
2460215.622448  9.506403e-01   -1.0315217964e+00 -2.4513929883e+00 4.3920369631e-01  -3.2279879084e-02 -2.3742589858e+00 4.3919439520e-01
2460215.622823  9.854050e-01   -1.0315178880e+00 -2.4513947904e+00 4.3920409292e-01  -3.2276573087e-02 -2.3742543819e+00 4.3919479126e-01
2460215.623198  1.009283e+00   -1.0315139796e+00 -2.4513965924e+00 4.3920448953e-01  -3.2273267133e-02 -2.3742497781e+00 4.3919518732e-01
2460215.623573  9.863061e-01   -1.0315100713e+00 -2.4513983945e+00 4.3920488614e-01  -3.2269961217e-02 -2.3742451743e+00 4.3919558338e-01
2460215.623948  9.844872e-01   -1.0315061629e+00 -2.4514001965e+00 4.3920528275e-01  -3.2266655336e-02 -2.3742405705e+00 4.3919597943e-01
2460215.624323  9.718709e-01   -1.0315022545e+00 -2.4514019986e+00 4.3920567936e-01  -3.2263349498e-02 -2.3742359667e+00 4.3919637549e-01
2460215.624698  9.990955e-01   -1.0314983462e+00 -2.4514038006e+00 4.3920607597e-01  -3.2260043699e-02 -2.3742313629e+00 4.3919677154e-01
2460215.625073  9.763497e-01   -1.0314944378e+00 -2.4514056027e+00 4.3920647257e-01  -3.2256737935e-02 -2.3742267591e+00 4.3919716760e-01
2460215.625448  1.004625e+00   -1.0314905294e+00 -2.4514074047e+00 4.3920686918e-01  -3.2253432214e-02 -2.3742221552e+00 4.3919756365e-01
2460215.625823  9.853769e-01   -1.0314866210e+00 -2.4514092067e+00 4.3920726579e-01  -3.2250126527e-02 -2.3742175514e+00 4.3919795970e-01
2460215.626198  1.008326e+00   -1.0314827127e+00 -2.4514110088e+00 4.3920766239e-01  -3.2246820884e-02 -2.3742129476e+00 4.3919835575e-01
2460215.626573  1.022349e+00   -1.0314788043e+00 -2.4514128108e+00 4.3920805899e-01  -3.2243515279e-02 -2.3742083438e+00 4.3919875180e-01
2460215.627323  9.889997e-01   -1.0314709875e+00 -2.4514164148e+00 4.3920885220e-01  -3.2236904182e-02 -2.3741991361e+00 4.3919954390e-01
2460215.628073  9.763220e-01   -1.0314631707e+00 -2.4514200188e+00 4.3920964540e-01  -3.2230293241e-02 -2.3741899285e+00 4.3920033599e-01
2460215.628448  9.990596e-01   -1.0314592623e+00 -2.4514218208e+00 4.3921004200e-01  -3.2226987831e-02 -2.3741853246e+00 4.3920073204e-01
2460215.628823  1.015757e+00   -1.0314553539e+00 -2.4514236228e+00 4.3921043859e-01  -3.2223682459e-02 -2.3741807208e+00 4.3920112808e-01
2460215.629198  1.016689e+00   -1.0314514455e+00 -2.4514254248e+00 4.3921083519e-01  -3.2220377122e-02 -2.3741761169e+00 4.3920152412e-01
2460215.629573  9.826228e-01   -1.0314475371e+00 -2.4514272268e+00 4.3921123179e-01  -3.2217071829e-02 -2.3741715131e+00 4.3920192016e-01
2460215.629948  9.817146e-01   -1.0314436287e+00 -2.4514290287e+00 4.3921162838e-01  -3.2213766570e-02 -2.3741669093e+00 4.3920231621e-01
2460215.630323  1.001806e+00   -1.0314397203e+00 -2.4514308307e+00 4.3921202498e-01  -3.2210461354e-02 -2.3741623054e+00 4.3920271225e-01
2460215.630698  9.862392e-01   -1.0314358119e+00 -2.4514326327e+00 4.3921242157e-01  -3.2207156176e-02 -2.3741577016e+00 4.3920310829e-01
2460215.631073  1.003646e+00   -1.0314319035e+00 -2.4514344346e+00 4.3921281816e-01  -3.2203851034e-02 -2.3741530977e+00 4.3920350432e-01
2460215.631849  1.008271e+00   -1.0314238157e+00 -2.4514381635e+00 4.3921363884e-01  -3.2197011723e-02 -2.3741435708e+00 4.3920432386e-01
2460215.632202  9.990240e-01   -1.0314201366e+00 -2.4514398597e+00 4.3921401216e-01  -3.2193900595e-02 -2.3741392371e+00 4.3920469666e-01
2460215.632555  1.016657e+00   -1.0314164575e+00 -2.4514415559e+00 4.3921438548e-01  -3.2190789505e-02 -2.3741349033e+00 4.3920506946e-01
2460215.632908  1.002705e+00   -1.0314127783e+00 -2.4514432521e+00 4.3921475881e-01  -3.2187678446e-02 -2.3741305695e+00 4.3920544226e-01
2460215.633260  9.549299e-01   -1.0314091096e+00 -2.4514449435e+00 4.3921513107e-01  -3.2184576236e-02 -2.3741262480e+00 4.3920581400e-01
2460215.633613  9.807765e-01   -1.0314054305e+00 -2.4514466398e+00 4.3921550439e-01  -3.2181465246e-02 -2.3741219143e+00 4.3920618680e-01
2460215.633966  9.907603e-01   -1.0314017514e+00 -2.4514483360e+00 4.3921587771e-01  -3.2178354290e-02 -2.3741175805e+00 4.3920655960e-01
2460215.634319  9.990038e-01   -1.0313980722e+00 -2.4514500322e+00 4.3921625102e-01  -3.2175243368e-02 -2.3741132467e+00 4.3920693239e-01
2460215.634671  1.000843e+00   -1.0313944035e+00 -2.4514517236e+00 4.3921662328e-01  -3.2172141295e-02 -2.3741089252e+00 4.3920730413e-01
2460215.635024  9.699834e-01   -1.0313907244e+00 -2.4514534197e+00 4.3921699660e-01  -3.2169030443e-02 -2.3741045914e+00 4.3920767693e-01
2460215.635377  9.971554e-01   -1.0313870452e+00 -2.4514551159e+00 4.3921736991e-01  -3.2165919628e-02 -2.3741002577e+00 4.3920804972e-01
2460215.635730  9.807570e-01   -1.0313833661e+00 -2.4514568121e+00 4.3921774323e-01  -3.2162808844e-02 -2.3740959239e+00 4.3920842251e-01
2460215.636082  1.015687e+00   -1.0313796974e+00 -2.4514585035e+00 4.3921811548e-01  -3.2159706909e-02 -2.3740916024e+00 4.3920879425e-01
2460215.636435  9.789456e-01   -1.0313760182e+00 -2.4514601997e+00 4.3921848880e-01  -3.2156596194e-02 -2.3740872686e+00 4.3920916704e-01
2460215.636789  9.889105e-01   -1.0313723391e+00 -2.4514618958e+00 4.3921886211e-01  -3.2153485513e-02 -2.3740829348e+00 4.3920953983e-01
2460215.637141  9.816474e-01   -1.0313686703e+00 -2.4514635872e+00 4.3921923436e-01  -3.2150383681e-02 -2.3740786133e+00 4.3920991156e-01
2460215.637494  9.834538e-01   -1.0313649912e+00 -2.4514652833e+00 4.3921960767e-01  -3.2147273069e-02 -2.3740742795e+00 4.3921028435e-01
2460215.637847  1.013801e+00   -1.0313613120e+00 -2.4514669795e+00 4.3921998098e-01  -3.2144162496e-02 -2.3740699457e+00 4.3921065714e-01
2460215.638200  1.016602e+00   -1.0313576329e+00 -2.4514686756e+00 4.3922035429e-01  -3.2141051953e-02 -2.3740656119e+00 4.3921102993e-01
2460215.638552  9.989636e-01   -1.0313539642e+00 -2.4514703670e+00 4.3922072654e-01  -3.2137950258e-02 -2.3740612904e+00 4.3921140166e-01
2460215.638905  1.033590e+00   -1.0313502850e+00 -2.4514720631e+00 4.3922109985e-01  -3.2134839783e-02 -2.3740569566e+00 4.3921177444e-01
2460215.639258  9.943671e-01   -1.0313466058e+00 -2.4514737593e+00 4.3922147316e-01  -3.2131729343e-02 -2.3740526228e+00 4.3921214723e-01
2460215.639611  1.007269e+00   -1.0313429267e+00 -2.4514754554e+00 4.3922184646e-01  -3.2128618938e-02 -2.3740482890e+00 4.3921252001e-01
2460215.639963  1.010052e+00   -1.0313392579e+00 -2.4514771467e+00 4.3922221871e-01  -3.2125517380e-02 -2.3740439675e+00 4.3921289174e-01
2460215.640316  1.017519e+00   -1.0313355788e+00 -2.4514788428e+00 4.3922259201e-01  -3.2122407044e-02 -2.3740396337e+00 4.3921326452e-01
2460215.640669  1.005405e+00   -1.0313318996e+00 -2.4514805390e+00 4.3922296531e-01  -3.2119296746e-02 -2.3740352999e+00 4.3921363730e-01
2460215.647634  1.011840e+00   -1.0312593060e+00 -2.4515140039e+00 4.3923033074e-01  -3.2057934815e-02 -2.3739497898e+00 4.3922099243e-01
2460215.647967  1.010906e+00   -1.0312558352e+00 -2.4515156038e+00 4.3923068288e-01  -3.2055001408e-02 -2.3739457015e+00 4.3922134408e-01
2460215.648300  1.008113e+00   -1.0312523644e+00 -2.4515172037e+00 4.3923103501e-01  -3.2052068031e-02 -2.3739416132e+00 4.3922169572e-01
2460215.648633  1.007182e+00   -1.0312488937e+00 -2.4515188037e+00 4.3923138715e-01  -3.2049134685e-02 -2.3739375249e+00 4.3922204736e-01
2460215.648966  9.970263e-01   -1.0312454229e+00 -2.4515204036e+00 4.3923173928e-01  -3.2046201370e-02 -2.3739334366e+00 4.3922239900e-01
2460215.649299  9.797275e-01   -1.0312419522e+00 -2.4515220035e+00 4.3923209141e-01  -3.2043268085e-02 -2.3739293483e+00 4.3922275064e-01
2460215.649632  9.924391e-01   -1.0312384814e+00 -2.4515236034e+00 4.3923244355e-01  -3.2040334831e-02 -2.3739252600e+00 4.3922310228e-01
2460215.649964  9.979355e-01   -1.0312350211e+00 -2.4515251985e+00 4.3923279462e-01  -3.2037410414e-02 -2.3739211840e+00 4.3922345287e-01
2460215.650297  1.012747e+00   -1.0312315503e+00 -2.4515267984e+00 4.3923314675e-01  -3.2034477222e-02 -2.3739170957e+00 4.3922380451e-01
2460215.650630  1.018356e+00   -1.0312280795e+00 -2.4515283983e+00 4.3923349888e-01  -3.2031544059e-02 -2.3739130074e+00 4.3922415614e-01
2460215.650963  9.896882e-01   -1.0312246087e+00 -2.4515299982e+00 4.3923385101e-01  -3.2028610928e-02 -2.3739089191e+00 4.3922450778e-01
2460215.651297  1.001606e+00   -1.0312211380e+00 -2.4515315981e+00 4.3923420314e-01  -3.2025677827e-02 -2.3739048307e+00 4.3922485942e-01
2460215.651630  1.004374e+00   -1.0312176672e+00 -2.4515331980e+00 4.3923455527e-01  -3.2022744757e-02 -2.3739007424e+00 4.3922521105e-01
2460215.651963  1.016469e+00   -1.0312141964e+00 -2.4515347979e+00 4.3923490740e-01  -3.2019811717e-02 -2.3738966541e+00 4.3922556269e-01
2460215.652296  1.008075e+00   -1.0312107256e+00 -2.4515363977e+00 4.3923525952e-01  -3.2016878708e-02 -2.3738925658e+00 4.3922591432e-01
2460215.652629  1.002516e+00   -1.0312072549e+00 -2.4515379976e+00 4.3923561165e-01  -3.2013945730e-02 -2.3738884775e+00 4.3922626596e-01
2460215.652962  9.924074e-01   -1.0312037841e+00 -2.4515395975e+00 4.3923596378e-01  -3.2011012782e-02 -2.3738843892e+00 4.3922661759e-01
2460215.653295  1.022089e+00   -1.0312003133e+00 -2.4515411973e+00 4.3923631590e-01  -3.2008079865e-02 -2.3738803008e+00 4.3922696922e-01
2460215.653627  1.005281e+00   -1.0311968529e+00 -2.4515427924e+00 4.3923666697e-01  -3.2005155784e-02 -2.3738762248e+00 4.3922731980e-01
2460215.653960  1.015514e+00   -1.0311933822e+00 -2.4515443923e+00 4.3923701909e-01  -3.2002222928e-02 -2.3738721365e+00 4.3922767143e-01
2460215.654293  9.851095e-01   -1.0311899114e+00 -2.4515459921e+00 4.3923737121e-01  -3.1999290103e-02 -2.3738680482e+00 4.3922802306e-01
2460215.654626  1.001574e+00   -1.0311864406e+00 -2.4515475919e+00 4.3923772333e-01  -3.1996357309e-02 -2.3738639598e+00 4.3922837469e-01
2460215.655386  1.004338e+00   -1.0311785192e+00 -2.4515512432e+00 4.3923852697e-01  -3.1989663956e-02 -2.3738546291e+00 4.3922917720e-01
2460215.655705  9.942114e-01   -1.0311751944e+00 -2.4515527758e+00 4.3923886429e-01  -3.1986854559e-02 -2.3738507127e+00 4.3922951405e-01
2460215.656024  1.006184e+00   -1.0311718695e+00 -2.4515543084e+00 4.3923920160e-01  -3.1984045190e-02 -2.3738467962e+00 4.3922985089e-01
2460215.656343  9.805642e-01   -1.0311685446e+00 -2.4515558409e+00 4.3923953892e-01  -3.1981235849e-02 -2.3738428798e+00 4.3923018773e-01
2460215.656661  9.688907e-01   -1.0311652302e+00 -2.4515573687e+00 4.3923987517e-01  -3.1978435341e-02 -2.3738389756e+00 4.3923052352e-01
2460215.656980  1.018295e+00   -1.0311619053e+00 -2.4515589013e+00 4.3924021249e-01  -3.1975626052e-02 -2.3738350591e+00 4.3923086036e-01
2460215.657299  1.004320e+00   -1.0311585804e+00 -2.4515604338e+00 4.3924054980e-01  -3.1972816795e-02 -2.3738311427e+00 4.3923119720e-01
2460215.657618  1.008953e+00   -1.0311552555e+00 -2.4515619664e+00 4.3924088711e-01  -3.1970007567e-02 -2.3738272262e+00 4.3923153404e-01
2460215.657936  1.027708e+00   -1.0311519410e+00 -2.4515634941e+00 4.3924122336e-01  -3.1967207171e-02 -2.3738233220e+00 4.3923186982e-01
2460215.658255  1.012670e+00   -1.0311486161e+00 -2.4515650267e+00 4.3924156067e-01  -3.1964397998e-02 -2.3738194056e+00 4.3923220666e-01
2460215.658574  1.011735e+00   -1.0311452913e+00 -2.4515665592e+00 4.3924189798e-01  -3.1961588850e-02 -2.3738154891e+00 4.3923254349e-01
2460215.658893  9.905252e-01   -1.0311419664e+00 -2.4515680917e+00 4.3924223529e-01  -3.1958779734e-02 -2.3738115726e+00 4.3923288033e-01
2460215.659211  1.003377e+00   -1.0311386519e+00 -2.4515696195e+00 4.3924257154e-01  -3.1955979450e-02 -2.3738076684e+00 4.3923321611e-01
2460215.659530  9.859683e-01   -1.0311353270e+00 -2.4515711520e+00 4.3924290885e-01  -3.1953170390e-02 -2.3738037520e+00 4.3923355295e-01
2460215.659849  1.020144e+00   -1.0311320021e+00 -2.4515726845e+00 4.3924324616e-01  -3.1950361358e-02 -2.3737998355e+00 4.3923388978e-01
2460215.660168  9.996783e-01   -1.0311286772e+00 -2.4515742170e+00 4.3924358346e-01  -3.1947552354e-02 -2.3737959190e+00 4.3923422661e-01
2460215.660486  9.914228e-01   -1.0311253627e+00 -2.4515757448e+00 4.3924391971e-01  -3.1944752182e-02 -2.3737920149e+00 4.3923456239e-01
2460215.660805  9.859562e-01   -1.0311220378e+00 -2.4515772773e+00 4.3924425701e-01  -3.1941943231e-02 -2.3737880984e+00 4.3923489923e-01
2460215.661124  9.877711e-01   -1.0311187129e+00 -2.4515788098e+00 4.3924459432e-01  -3.1939134311e-02 -2.3737841819e+00 4.3923523606e-01
2460215.661443  9.823244e-01   -1.0311153880e+00 -2.4515803423e+00 4.3924493162e-01  -3.1936325420e-02 -2.3737802654e+00 4.3923557289e-01
2460215.661761  1.000584e+00   -1.0311120735e+00 -2.4515818700e+00 4.3924526787e-01  -3.1933525360e-02 -2.3737763612e+00 4.3923590866e-01
2460215.662080  9.987399e-01   -1.0311087486e+00 -2.4515834025e+00 4.3924560517e-01  -3.1930716525e-02 -2.3737724448e+00 4.3923624549e-01
2460215.662399  1.018242e+00   -1.0311054237e+00 -2.4515849350e+00 4.3924594247e-01  -3.1927907718e-02 -2.3737685283e+00 4.3923658232e-01
2460215.662718  1.013561e+00   -1.0311020988e+00 -2.4515864675e+00 4.3924627977e-01  -3.1925098935e-02 -2.3737646118e+00 4.3923691915e-01
2460215.663037  1.010761e+00   -1.0310987739e+00 -2.4515880000e+00 4.3924661707e-01  -3.1922290184e-02 -2.3737606953e+00 4.3923725598e-01
2460215.663674  1.001488e+00   -1.0310921345e+00 -2.4515910601e+00 4.3924729061e-01  -3.1916681570e-02 -2.3737528746e+00 4.3923792858e-01
2460215.663993  1.020104e+00   -1.0310888096e+00 -2.4515925926e+00 4.3924762791e-01  -3.1913872903e-02 -2.3737489581e+00 4.3923826540e-01
2460215.664312  1.023866e+00   -1.0310854846e+00 -2.4515941251e+00 4.3924796521e-01  -3.1911064261e-02 -2.3737450416e+00 4.3923860223e-01
2460215.664630  1.003325e+00   -1.0310821702e+00 -2.4515956527e+00 4.3924830145e-01  -3.1908264457e-02 -2.3737411374e+00 4.3923893799e-01
2460215.664949  1.022917e+00   -1.0310788452e+00 -2.4515971852e+00 4.3924863874e-01  -3.1905455871e-02 -2.3737372209e+00 4.3923927482e-01
2460215.665268  1.017277e+00   -1.0310755203e+00 -2.4515987177e+00 4.3924897604e-01  -3.1902647317e-02 -2.3737333045e+00 4.3923961164e-01
2460215.665587  9.941178e-01   -1.0310721954e+00 -2.4516002501e+00 4.3924931333e-01  -3.1899838791e-02 -2.3737293880e+00 4.3923994846e-01
2460215.666379  1.008868e+00   -1.0310639508e+00 -2.4516040500e+00 4.3925014969e-01  -3.1892874819e-02 -2.3737196765e+00 4.3924078365e-01
2460215.666688  9.941075e-01   -1.0310607301e+00 -2.4516055344e+00 4.3925047641e-01  -3.1890154430e-02 -2.3737158828e+00 4.3924110991e-01
2460215.666997  1.002379e+00   -1.0310575094e+00 -2.4516070188e+00 4.3925080313e-01  -3.1887434063e-02 -2.3737120891e+00 4.3924143618e-01
2460215.667305  1.009789e+00   -1.0310542991e+00 -2.4516084984e+00 4.3925112879e-01  -3.1884722528e-02 -2.3737083076e+00 4.3924176138e-01
2460215.667614  1.027613e+00   -1.0310510784e+00 -2.4516099828e+00 4.3925145551e-01  -3.1882002218e-02 -2.3737045139e+00 4.3924208764e-01
2460215.667923  1.021006e+00   -1.0310478577e+00 -2.4516114672e+00 4.3925178222e-01  -3.1879281930e-02 -2.3737007202e+00 4.3924241390e-01
2460215.668231  9.959257e-01   -1.0310446474e+00 -2.4516129468e+00 4.3925210788e-01  -3.1876570474e-02 -2.3736969387e+00 4.3924273910e-01
2460215.668540  9.940898e-01   -1.0310414267e+00 -2.4516144312e+00 4.3925243460e-01  -3.1873850243e-02 -2.3736931450e+00 4.3924306536e-01
2460215.668849  9.959197e-01   -1.0310382060e+00 -2.4516159155e+00 4.3925276131e-01  -3.1871130034e-02 -2.3736893513e+00 4.3924339161e-01
2460215.669158  1.024762e+00   -1.0310349853e+00 -2.4516173999e+00 4.3925308802e-01  -3.1868409856e-02 -2.3736855575e+00 4.3924371787e-01
2460215.669466  1.004204e+00   -1.0310317750e+00 -2.4516188795e+00 4.3925341368e-01  -3.1865698505e-02 -2.3736817761e+00 4.3924404307e-01
2460215.669775  9.959108e-01   -1.0310285543e+00 -2.4516203639e+00 4.3925374039e-01  -3.1862978379e-02 -2.3736779823e+00 4.3924436932e-01
2460215.670084  1.034235e+00   -1.0310253336e+00 -2.4516218482e+00 4.3925406710e-01  -3.1860258276e-02 -2.3736741886e+00 4.3924469558e-01
2460215.670392  1.007901e+00   -1.0310221233e+00 -2.4516233278e+00 4.3925439276e-01  -3.1857547003e-02 -2.3736704071e+00 4.3924502078e-01
2460215.670701  1.013484e+00   -1.0310189026e+00 -2.4516248121e+00 4.3925471947e-01  -3.1854826957e-02 -2.3736666134e+00 4.3924534703e-01
2460215.671010  1.006967e+00   -1.0310156818e+00 -2.4516262965e+00 4.3925504618e-01  -3.1852106933e-02 -2.3736628196e+00 4.3924567328e-01
2460215.671319  9.995720e-01   -1.0310124611e+00 -2.4516277809e+00 4.3925537289e-01  -3.1849386939e-02 -2.3736590259e+00 4.3924599953e-01
2460215.671627  9.949766e-01   -1.0310092508e+00 -2.4516292604e+00 4.3925569854e-01  -3.1846675772e-02 -2.3736552444e+00 4.3924632473e-01
2460215.671936  9.831313e-01   -1.0310060301e+00 -2.4516307447e+00 4.3925602525e-01  -3.1843955826e-02 -2.3736514507e+00 4.3924665098e-01
2460215.672245  1.018147e+00   -1.0310028094e+00 -2.4516322291e+00 4.3925635195e-01  -3.1841235912e-02 -2.3736476569e+00 4.3924697723e-01
2460215.672553  9.822206e-01   -1.0309995990e+00 -2.4516337086e+00 4.3925667760e-01  -3.1838524824e-02 -2.3736438755e+00 4.3924730242e-01
2460215.672862  1.016267e+00   -1.0309963783e+00 -2.4516351930e+00 4.3925700431e-01  -3.1835804961e-02 -2.3736400817e+00 4.3924762867e-01
2460215.673171  9.986343e-01   -1.0309931576e+00 -2.4516366773e+00 4.3925733101e-01  -3.1833085122e-02 -2.3736362880e+00 4.3924795492e-01
2460215.673480  9.931279e-01   -1.0309899369e+00 -2.4516381616e+00 4.3925765772e-01  -3.1830365312e-02 -2.3736324942e+00 4.3924828117e-01
2460215.673788  1.014388e+00   -1.0309867265e+00 -2.4516396411e+00 4.3925798337e-01  -3.1827654329e-02 -2.3736287127e+00 4.3924860636e-01
2460215.674097  1.021886e+00   -1.0309835058e+00 -2.4516411255e+00 4.3925831007e-01  -3.1824934569e-02 -2.3736249190e+00 4.3924893260e-01
2460215.674406  9.867371e-01   -1.0309802851e+00 -2.4516426098e+00 4.3925863677e-01  -3.1822214838e-02 -2.3736211252e+00 4.3924925885e-01
2460215.674714  9.840114e-01   -1.0309770747e+00 -2.4516440893e+00 4.3925896242e-01  -3.1819503934e-02 -2.3736173438e+00 4.3924958404e-01
2460215.675023  9.803900e-01   -1.0309738540e+00 -2.4516455736e+00 4.3925928912e-01  -3.1816784253e-02 -2.3736135500e+00 4.3924991028e-01
2460215.675332  9.931104e-01   -1.0309706333e+00 -2.4516470579e+00 4.3925961582e-01  -3.1814064601e-02 -2.3736097562e+00 4.3925023652e-01
2460215.675641  1.016240e+00   -1.0309674125e+00 -2.4516485422e+00 4.3925994252e-01  -3.1811344977e-02 -2.3736059625e+00 4.3925056277e-01
2460215.675949  9.876317e-01   -1.0309642022e+00 -2.4516500217e+00 4.3926026816e-01  -3.1808634178e-02 -2.3736021810e+00 4.3925088795e-01
2460215.676258  1.023749e+00   -1.0309609815e+00 -2.4516515060e+00 4.3926059486e-01  -3.1805914602e-02 -2.3735983872e+00 4.3925121419e-01
2460215.676924  9.958432e-01   -1.0309540396e+00 -2.4516547051e+00 4.3926129901e-01  -3.1800053086e-02 -2.3735902104e+00 4.3925191735e-01
2460215.677225  9.903521e-01   -1.0309509023e+00 -2.4516561510e+00 4.3926161725e-01  -3.1797404001e-02 -2.3735865148e+00 4.3925223515e-01
2460215.677527  9.949204e-01   -1.0309477545e+00 -2.4516576017e+00 4.3926193654e-01  -3.1794746142e-02 -2.3735828070e+00 4.3925255399e-01
2460215.677828  1.007830e+00   -1.0309446171e+00 -2.4516590475e+00 4.3926225478e-01  -3.1792097111e-02 -2.3735791114e+00 4.3925287179e-01
2460215.678129  9.958318e-01   -1.0309414797e+00 -2.4516604934e+00 4.3926257302e-01  -3.1789448101e-02 -2.3735754159e+00 4.3925318958e-01
2460215.678431  9.803580e-01   -1.0309383319e+00 -2.4516619440e+00 4.3926289231e-01  -3.1786790317e-02 -2.3735717081e+00 4.3925350842e-01
2460215.678732  9.967436e-01   -1.0309351946e+00 -2.4516633898e+00 4.3926321055e-01  -3.1784141362e-02 -2.3735680125e+00 4.3925382621e-01
2460215.679034  9.985785e-01   -1.0309320468e+00 -2.4516648405e+00 4.3926352984e-01  -3.1781483628e-02 -2.3735643047e+00 4.3925414506e-01
2460215.679335  1.001339e+00   -1.0309289094e+00 -2.4516662863e+00 4.3926384808e-01  -3.1778834719e-02 -2.3735606091e+00 4.3925446285e-01
2460215.679636  9.803470e-01   -1.0309257720e+00 -2.4516677321e+00 4.3926416631e-01  -3.1776185834e-02 -2.3735569136e+00 4.3925478064e-01
2460215.679938  9.686759e-01   -1.0309226242e+00 -2.4516691828e+00 4.3926448560e-01  -3.1773528176e-02 -2.3735532057e+00 4.3925509948e-01
2460215.680240  9.948948e-01   -1.0309194868e+00 -2.4516706286e+00 4.3926480383e-01  -3.1770879346e-02 -2.3735495102e+00 4.3925541727e-01
2460215.680541  1.015257e+00   -1.0309163495e+00 -2.4516720744e+00 4.3926512207e-01  -3.1768230537e-02 -2.3735458146e+00 4.3925573505e-01
2460215.680843  1.022762e+00   -1.0309132017e+00 -2.4516735250e+00 4.3926544135e-01  -3.1765572954e-02 -2.3735421068e+00 4.3925605389e-01
2460215.681144  9.921411e-01   -1.0309100643e+00 -2.4516749708e+00 4.3926575959e-01  -3.1762924199e-02 -2.3735384112e+00 4.3925637168e-01
