julian_day	noisy_flux	deviation_used
0.0	0.7542745936513665	0.01331589698236277
0.003472222222222222	0.7607426478332996	0.010010229821228005
0.006944444444444444	0.7776160378018393	0.044822372194728184
0.010416666666666666	0.7679864499119967	-0.006154747912974026
0.013888888888888888	0.7773149057706777	0.00939203104952704
0.017361111111111112	0.7707666344027512	-0.025622872179051744
0.020833333333333332	0.758749460396387	-0.07658969447502235
0.024305555555555552	0.7899989925768954	0.019608557863210817
0.027777777777777776	0.7939674064428129	0.025933085965785172
0.03125	0.7813255029212887	-0.022264950612193257
0.034722222222222224	0.809775816884583	0.06809263871962823
0.03819444444444444	0.7779117061860085	-0.04363097023796294
0.041666666666666664	0.792853546977852	0.001372755519043382
0.04513888888888889	0.7925258326046078	-0.005615515500775008
0.048611111111111105	0.8100415256604991	0.045983376430753724
0.05208333333333333	0.8121238260365645	0.04408076309700855
0.05555555555555555	0.8036650270052914	0.004648422770907489
0.059027777777777776	0.8097246806136938	0.011344875588065207
0.0625	0.8033357773453281	-0.026633572428903383
0.06597222222222222	0.799451191572651	-0.05942389404671781
0.06944444444444445	0.8209728485647388	-0.010437364479784578
0.07291666666666666	0.8334752108964318	0.004690469073119401
0.07638888888888888	0.8521751087444054	0.036908720421831624
0.0798611111111111	0.862128396367148	0.03607139546353234
0.08333333333333333	0.8592053195950738	-0.011619804522238568
0.08680555555555555	0.8723151867543667	-0.009069082517260067
0.09027777777777778	0.8789863208780873	-0.031456588952012775
0.09375	0.8899275769189477	-0.042600538115369256
0.09722222222222221	0.9024532073090041	-0.051188105718750376
0.10069444444444443	0.9509574755751954	0.05852326185695369
0.10416666666666666	0.9453331335271119	-0.015289565452549605
0.10763888888888888	0.9628031849918044	-0.01314222904833559
0.1111111111111111	0.9726501738255775	-0.03758386080149778
0.11458333333333333	1.0080962216272638	0.0233247106749573
0.11805555555555555	1.0039970185916303	-0.04841693542673854
0.12152777777777778	1.0336675196225962	-0.006382208406419061
0.125	1.0444019928645525	-0.02686399683581027
0.1284722222222222	1.0722724175908696	0.01160707493577786
0.13194444444444445	1.08007288115922	-0.01532415412706619
0.13541666666666666	1.089219180947446	-0.03541896552367236
0.1388888888888889	1.1138645349912255	-0.000845466850159646
0.1423611111111111	1.131395257705103	0.012849956115912529
0.14583333333333331	1.1406424841929752	0.0019955166714950364
0.14930555555555555	1.154215410517892	0.009074156932193442
0.15277777777777776	1.1562413761695154	-0.019029662810428907
0.15625	1.167998219815519	-0.010882234979614143
0.1597222222222222	1.17347960195768	-0.02017381343327853
0.16319444444444445	1.183471610300905	-0.010786594846216238
0.16666666666666666	1.1855857108273204	-0.02439438846133362
0.17013888888888887	1.1826187818488538	-0.0517884780699503
0.1736111111111111	1.2039401249889088	0.0053227842676125845
0.17708333333333331	1.2022279137425453	-0.012053428086247856
0.18055555555555555	1.193971284236854	-0.04890595040898134
0.18402777777777776	1.2147797255489432	0.013883467665773225
0.1875	1.2040771981703893	-0.027218950931497263
0.1909722222222222	1.2137764783838692	0.0015583618738841684
0.19444444444444442	1.2206294551121348	0.021872716865326106
0.19791666666666666	1.2158427770877462	0.00386948732272232
0.20138888888888887	1.2253484104368835	0.03418202053629902
0.2048611111111111	1.2045696744757528	-0.03704477461060958
0.20833333333333331	1.2197481361866889	0.01207024923532647
0.21180555555555555	1.2107252914301396	-0.020544302728209396
0.21527777777777776	1.2100021370138059	-0.026123914475456454
0.21875	1.2138584559293941	-0.017365489942932463
0.2222222222222222	1.217853471902914	-0.00934657596382118
0.22569444444444442	1.2231489083574882	0.0016849602668923631
0.22916666666666666	1.2146664999250834	-0.03495449522350069
0.23263888888888887	1.2360402383977864	0.027024794608625613
0.2361111111111111	1.2355098798206534	0.013969873191913795
0.23958333333333331	1.2214332775088765	-0.04608731058831671
0.24305555555555555	1.2527702895872426	0.04464756581386799
0.24652777777777776	1.2611449758611206	0.05687667528091749
0.25	1.2598799760467683	0.03536338713478952
0.2534722222222222	1.2532685397007497	-0.005397745074370527
0.2569444444444444	1.2512014508815312	-0.03212257864531627
0.26041666666666663	1.2764339201647765	0.0316335518079341
0.2638888888888889	1.2699100268192494	-0.012095308409195388
0.2673611111111111	1.2912126714091516	0.03667335211147282
0.2708333333333333	1.2891188595321297	0.006248249342305809
0.2743055555555555	1.3031452404387283	0.02929917109451138
0.2777777777777778	1.3048953663827212	0.010690991915232055
0.28125	1.315437078033176	0.021197195045758444
0.2847222222222222	1.3167037695705033	0.0003150006216246143
0.2881944444444444	1.3401310640242208	0.05357611481717505
0.29166666666666663	1.3328751189027466	0.0038073627811085974
0.2951388888888889	1.342928504828262	0.01205968090334105
0.2986111111111111	1.3637614290939328	0.05649452091168763
0.3020833333333333	1.3424253335154261	-0.04043277183427339
0.3055555555555555	1.3506353473315176	-0.03811454995457201
0.30902777777777773	1.3781291829414446	0.029081901244740332
0.3125	1.3663524279410513	-0.035193702153424794
0.3159722222222222	1.4015203076205125	0.058308635569478774
0.3194444444444444	1.3876163039863265	-0.01240856942279242
0.32291666666666663	1.3916730382339737	-0.02242364434322273
0.3263888888888889	1.4224369651226474	0.05768826079441154
0.3298611111111111	1.4251686705290796	0.04441544374303273
0.3333333333333333	1.4350939947568615	0.05602676881279709
0.3368055555555555	1.432695605648713	0.027181339748261556
0.34027777777777773	1.4227868474142047	-0.025836770551641075
0.34375	1.4531212232440867	0.05730194859297101
0.3472222222222222	1.4387918454415913	-0.008040101128541411
0.3506944444444444	1.4530678677923852	0.024073691873891852
0.35416666666666663	1.4585625785870309	0.028417559033212438
0.3576388888888889	1.45234683017188	-0.004650302792725026
0.3611111111111111	1.4622562658732345	0.01842238111038241
0.3645833333333333	1.4673770609228225	0.027666200146995803
0.3680555555555555	1.4641427935932372	0.011292765934668882
0.37152777777777773	1.4518237546788362	-0.03298202371752584
0.375	1.4643935539846538	0.00894714522618168
0.3784722222222222	1.4728089644890414	0.03979157690061091
0.3819444444444444	1.4530718864193397	-0.020837035791940964
0.38541666666666663	1.455377340184229	-0.004489036209830123
0.38888888888888884	1.449333043867708	-0.013054606551649122
0.3923611111111111	1.4653446730479363	0.05547791185438025
0.3958333333333333	1.4494719621718977	0.020168842710373062
0.3993055555555555	1.4408438032383333	0.012223855087233313
0.40277777777777773	1.423163497185897	-0.02309748223335949
0.829861111111111	0.6442098558678615	0.016177475738754516
0.8333333333333333	0.6278331094607169	-0.020229979819721283
0.8368055555555555	0.6279497452682654	0.0009549167482305355
0.8402777777777777	0.6151317438065915	-0.019075382351366427
0.84375	0.6194177638927529	0.020292998848394993
0.8472222222222222	0.610525635804469	0.017297724498448228
0.8506944444444444	0.5950266264606183	-0.006248962667339846
0.8541666666666666	0.5915524167102046	0.011880201379849359
0.8576388888888888	0.569046070425357	-0.03279184526191517
0.861111111111111	0.5560868888376052	-0.04473772778116816
0.8645833333333333	0.56385509776199	0.013181751037936108
0.8680555555555555	0.5519299568060856	0.005000204861175871
0.8715277777777777	0.5467656947860613	0.019050943106763193
0.875	0.5533031329848151	0.07149434324591826
0.8784722222222222	0.531718888983709	0.028334384609712413
0.8819444444444444	0.5068950397228631	-0.027384666763324756
0.8854166666666666	0.5174638731901419	0.03351048864287559
0.8888888888888888	0.48886341013725754	-0.03947722231534563
0.892361111111111	0.49052064226403036	-0.01384753814444127
0.8958333333333333	0.4890165530771272	-0.002047248159738937
0.8993055555555555	0.5009852249900499	0.051400281649480996
0.9027777777777777	0.47617523124476235	-0.022342644661453196
0.90625	0.47383082335163773	-0.02479315615977043
0.9097222222222222	0.4799961822379688	-0.0029535757327629687
0.9131944444444444	0.4759068120690676	-0.01990434859086322
0.9166666666666666	0.4942163622838869	0.03379907766319521
0.9201388888888888	0.47812333916877847	-0.0323979452509027
0.923611111111111	0.4824950674298003	-0.03442405957233307
0.9270833333333333	0.4951242347500592	-0.01313460134233302
0.9305555555555555	0.5021294411679731	-0.014940973520769146
0.9340277777777777	0.5325843004464696	0.05788596161450957
0.9375	0.5336821756183996	0.028482624207772825
0.9409722222222222	0.5368640195607314	0.0026265372415557268
0.9444444444444444	0.5369290990781329	-0.03676306556490504
0.9479166666666666	0.5680460738988401	0.025330889292046414
0.9513888888888888	0.5648184872236708	-0.03000646042168694
0.954861111111111	0.573742502298451	-0.046343132903328345
0.9583333333333333	0.6123561630955527	0.03564089377056905
0.9618055555555555	0.6189640041602313	0.009508278357745488
0.9652777777777777	0.6388386988747228	0.027625764713424567
0.96875	0.6478506949452884	0.009561829588290636
0.9722222222222222	0.6668381228153349	0.025704918357080733
0.9756944444444444	0.6671643403030008	-0.019530767799004405
0.9791666666666666	0.6770560976438049	-0.03102728525353394
0.9826388888888888	0.7051096407078148	0.020447835548448808
0.986111111111111	0.7038188765901673	-0.02410228992521523
0.9895833333333333	0.716022902292193	-0.020686493332506016
0.9930555555555555	0.7284255667914175	-0.013665975105520294
0.9965277777777777	0.7420380997225471	0.0005243747707517018
1.0	0.7471386947537002	-0.010619817337604517
1.003472222222222	0.7454609902387759	-0.04124853880254056
1.0069444444444444	0.7584968343489399	-0.019308552084986715
1.0104166666666665	0.7499356101305934	-0.0667020945667328
1.0138888888888888	0.7801068453701665	0.018756943530815622
1.0173611111111112	0.7640769899542401	-0.04806172966820243
1.0208333333333333	0.7717055508893853	-0.03313150018285352
1.0243055555555556	0.7846196943962831	0.0015649523778292322
1.0277777777777777	0.7796215098429784	-0.0221868898917394
1.03125	0.8017637616046912	0.04629043786220207
1.034722222222222	0.7779124239107447	-0.038785707291703456
1.0381944444444444	0.7933077636265863	0.008011526080475487
1.0416666666666665	0.7920929517045985	-0.001178484546824868
1.0451388888888888	0.7837527431781482	-0.035042804932235924
1.0486111111111112	0.801012706134064	0.01569829981595261
1.0520833333333333	0.7974478492776331	-0.005146389936667443
1.0555555555555556	0.8091819672401641	0.02315371653641002
1.0590277777777777	0.8137077406158859	0.02470512461891194
1.0625	0.8306235976368403	0.06489707847842069
1.065972222222222	0.8291207782063394	0.040095838483091756
1.0694444444444444	0.8207826160792715	-0.011075455138273307
1.0729166666666665	0.8299358855085364	-0.007181375327277791
1.0763888888888888	0.8510067664899973	0.03298978787661339
1.0798611111111112	0.857235082654113	0.019657911921677932
1.0833333333333333	0.8683947326572558	0.01920394578292776
1.0868055555555556	0.8605571507949954	-0.04850868132932503
1.0902777777777777	0.8881468319272852	-0.0007297837319680691
1.09375	0.8960271531623154	-0.02214092727617066
1.097222222222222	0.9202173964458037	0.008397737971297147
1.1006944444444444	0.9326322310628674	-0.002944511689288738
1.1041666666666665	0.9580318618459561	0.027305367242777757
1.1076388888888888	0.9695583930871442	0.009516546455739062
1.1111111111111112	0.9908877467748759	0.023589838863269284
1.1145833333333333	0.9969709065778971	-0.01399257290207829
1.1180555555555556	1.009984480019724	-0.02833338767754751
1.1215277777777777	1.0319028177167038	-0.012301490796076453
1.125	1.0522586661318856	-0.0005106124158432178
1.128472222222222	1.0722030960881432	0.011374552066652454
1.1319444444444444	1.1048483114696475	0.06777926852072556
1.1354166666666665	1.0994006140528259	-0.0012677145498192807
1.1388888888888888	1.1055667822006339	-0.02867835001478331
1.142361111111111	1.124469927856095	-0.010379453270981592
1.1458333333333333	1.135901241720219	-0.013907879239382826
1.1493055555555556	1.1558164417875854	0.014444444213203865
1.1527777777777777	1.1481340183091608	-0.04622391043333874
1.15625	1.1718083197864833	0.0018978598260099512
1.159722222222222	1.1808937420004755	0.004695196138961267
1.1631944444444444	1.1887639805467942	0.006965431086008273
1.1666666666666665	1.1875160596261976	-0.01791948206896088
1.1701388888888888	1.1959304289149597	-0.00713765189208021
1.173611111111111	1.1896166965788233	-0.042721827269475945
1.1770833333333333	1.201409204933578	-0.014799596500865821
1.1805555555555556	1.2036962406869645	-0.016285844280501532
1.1840277777777777	1.2143617605998505	0.012481501387842764
1.1875	1.2018512213074377	-0.03468547295465738
1.190972222222222	1.2202987908296394	0.023435943051299802
1.1944444444444444	1.2274750090007656	0.04483453633474106
1.1979166666666665	1.1961755810403139	-0.06209955075040598
1.2013888888888888	1.2189701898242977	0.012787761923343029
1.204861111111111	1.221667897652512	0.020307241050907365
1.2083333333333333	1.2104485322443772	-0.01912311076656687
1.2118055555555556	1.213296984980222	-0.01191815442986393
1.2152777777777777	1.216601937603949	-0.003986417327608668
1.21875	1.2163721980093318	-0.00893372638205185
1.222222222222222	1.2178761853241338	-0.009270389071413667
1.2256944444444444	1.2076566814460055	-0.0502801141898993
1.2291666666666665	1.2353936603343485	0.0345699469434936
1.2326388888888888	1.2376393246441988	0.03238855776110463
1.236111111111111	1.2240704820792625	-0.024400927776126086
1.2395833333333333	1.2220577300025626	-0.043992729834075414
1.2430555555555556	1.2441199303549224	0.015631946293582756
1.2465277777777777	1.2390387149182014	-0.017273639094391984
1.25	1.2506067766069713	0.00425859489962339
1.253472222222222	1.2520217377264298	-0.009579852514352855
1.2569444444444444	1.2669630858528445	0.020746162532105598
1.2604166666666665	1.2732168013023497	0.020842474309680177
1.2638888888888888	1.267026353195515	-0.021767921353907527
1.267361111111111	1.2679067576946037	-0.04150091866185166
1.2708333333333333	1.2730985510756265	-0.04748815192005246
1.2743055555555556	1.29986947621829	0.018311381373216154
1.2777777777777777	1.291075130353251	-0.035665777733520865
1.28125	1.3045847280591156	-0.015204490628960626
1.284722222222222	1.3112765276030678	-0.01788942115351524
1.2881944444444444	1.3236883884161694	-0.0015770188880863886
1.2916666666666665	1.3144222806906993	-0.05808839417539521
1.2951388888888888	1.3410215839137116	0.005663357903814856
1.298611111111111	1.3516044412462425	0.01571673071502617
1.3020833333333333	1.3552702939814458	0.002652662611339842
1.3055555555555556	1.3592178363920935	-0.00932658515095415
1.3090277777777777	1.37033019385068	0.0029220049880635023
1.3125	1.3804136473908417	0.011971390369203905
1.315972222222222	1.3593392904753383	-0.0831777826927995
1.3194444444444444	1.408808989720125	0.05867736924752082
1.3229166666666665	1.401847075700989	0.011702799680637792
1.3263888888888888	1.3994034663200776	-0.0195722574716106
1.329861111111111	1.4084305768394225	-0.011728601255628033
1.3333333333333333	1.4228068070114697	0.014812253320475652
1.3368055555555556	1.4235536820554293	-0.0034831181710309957
1.3402777777777777	1.4123274065214408	-0.06092053403344483
1.34375	1.4545024002487823	0.06193478584077958
1.347222222222222	1.440200165231295	-0.0033162197169741784
1.3506944444444444	1.4550150855749904	0.03060518135147399
1.3541666666666665	1.4439009413421062	-0.020761495433531733
1.3576388888888888	1.4674743097852259	0.04609131162737393
1.361111111111111	1.4593250535558384	0.008590310666768387
1.3645833333333333	1.4645743968863005	0.018265315034263523
1.3680555555555556	1.4514275387980624	-0.031357600984408644
1.3715277777777777	1.472488886715563	0.036334358690481024
1.375	1.4678957789660958	0.02069454493604365
1.378472222222222	1.472589485870742	0.03905538688694995
1.3819444444444444	1.4536664749414774	-0.018842626789247367
1.3854166666666665	1.4524134212035171	-0.014430813553823632
1.3888888888888888	1.4738308233516377	0.06911750093051826
1.392361111111111	1.4393245704536741	-0.031800474681646415
1.3958333333333333	1.4422431609033235	-0.004078491020349625
1.3993055555555556	1.447367697136181	0.034106740878080855
1.4027777777777777	1.430923531426224	0.002931749031445668
1.40625	1.427255703415765	0.017488610392598806
1.409722222222222	1.4096465726707592	-0.011983470877886255
1.4131944444444444	1.4069427714205904	0.011101676635425562
1.4166666666666665	1.3816581038768745	-0.039195805552059496
1.4201388888888888	1.3972478069885805	0.04974392038854564
1.423611111111111	1.3698728597677268	-0.003544921353857093
1.4270833333333333	1.3528747017464486	-0.02040534611990551
1.4305555555555556	1.352545663410686	0.019991492460957428
1.4340277777777777	1.32977687281885	-0.013821593621656598
1.4375	1.3090463994411918	-0.0400277541420826
1.440972222222222	1.2958736424101895	-0.04040152517392666
1.4444444444444444	1.301002711075331	0.020813194580703975
1.4479166666666665	1.280271689663802	-0.004787203144388007
1.4513888888888888	1.2675033865050185	-0.004011046790053175
1.454861111111111	1.2655099470995461	0.032332314179287884
1.4583333333333333	1.2332017747925237	-0.03380477426270231
1.4618055555555556	1.2244511396744058	-0.021920332585944745
1.4652777777777777	1.2155999082663014	-0.011546394275438264
1.46875	1.2083370391155877	0.00283054767951222
1.472222222222222	1.1959997483212996	-0.001265143538717368
1.4756944444444444	1.1831581349766915	-0.008606615771697228
1.4791666666666665	1.1750068459827299	-0.001848792062869422
1.4826388888888888	1.16493638779086	-0.0032191582887352403
1.486111111111111	1.1503135526692487	-0.021588131656553787
1.4895833333333333	1.1408533873503037	-0.024389789656622318
1.4930555555555556	1.142478627392953	0.008235490731718184
1.4965277777777777	1.12447633641883	-0.026727452489865838
