2459939.642083    3.440645    0.000437    0.042135
2459939.644167    3.468339    0.000448    0.041173
2459939.646250    3.484440    0.000455    0.041029
2459939.648333    3.467315    0.000448    0.041051
2459939.650417    3.445214    0.000439    0.041238
2459939.652500    3.439794    0.000437    0.041581
2459939.654583    3.441332    0.000437    0.042065
2459939.656667    3.427326    0.000432    0.042672
2459939.658750    3.414526    0.000426    0.043385
2459939.660833    3.392204    0.000418    0.044190
2459939.662917    3.362849    0.000407    0.045049
2459939.665000    3.338464    0.000398    0.045944
2459939.667083    3.318441    0.000390    0.046856
2459939.669167    3.298450    0.000383    0.047766
2459939.671250    3.286910    0.000379    0.048643
2459939.673333    3.275003    0.000375    0.049472
2459939.675417    3.248346    0.000366    0.050227
2459939.677500    3.238024    0.000362    0.050896
2459939.679583    3.226074    0.000359    0.051468
2459939.681667    3.219802    0.000356    0.051912
2459939.683750    3.199987    0.000350    0.052249
2459939.685833    3.202286    0.000351    0.052446
2459939.687917    3.192668    0.000348    0.052501
2459939.690000    3.199643    0.000350    0.052440
2459939.692083    3.191505    0.000347    0.052228
2459939.694167    3.219835    0.000356    0.051893
2459939.696250    3.237526    0.000362    0.051436
2459939.698333    3.231480    0.000360    0.050852
2459939.700417    3.248176    0.000366    0.050176
2459939.702500    3.270500    0.000374    0.049410
2459939.704583    3.284432    0.000378    0.048561
2459939.706667    3.319893    0.000391    0.047670
2459939.708750    3.317559    0.000390    0.046740
2459939.710833    3.329872    0.000394    0.045806
2459939.712917    3.381484    0.000414    0.044884
2459939.715000    3.396088    0.000419    0.044009
2459939.717083    3.407362    0.000424    0.043205
2459939.719167    3.423246    0.000430    0.042503
2459939.721250    3.443819    0.000438    0.041930
2459939.723333    3.450058    0.000441    0.041493
2459939.725417    3.456118    0.000443    0.041204
2459939.727500    3.453948    0.000442    0.041076
2459939.729583    3.459102    0.000444    0.041116
2459939.731667    3.459179    0.000444    0.041318
2459939.733750    3.446663    0.000439    0.041672
2459939.735833    3.446653    0.000439    0.042167
2459939.737917    3.409929    0.000425    0.042787
2459939.740000    3.398091    0.000420    0.043509
2459939.742083    3.386176    0.000415    0.044320
2459939.744167    3.365348    0.000408    0.045184

2459939.819514    3.395668    0.000419    0.043016
2459939.821944    3.395642    0.000419    0.043895
2459939.824375    3.369036    0.000409    0.044872
2459939.826806    3.344818    0.000400    0.045910
2459939.829236    3.305899    0.000386    0.046971
2459939.831667    3.293461    0.000381    0.048026
2459939.834097    3.284752    0.000378    0.049041
2459939.836528    3.259847    0.000370    0.049970
2459939.838958    3.246440    0.000365    0.050793
2459939.841389    3.220275    0.000357    0.051485
2459939.843819    3.209241    0.000353    0.052015
2459939.846250    3.202692    0.000351    0.052388
2459939.848681    3.192604    0.000348    0.052579
2459939.851111    3.193009    0.000348    0.052583
2459939.853542    3.201033    0.000350    0.052402
2459939.855972    3.208098    0.000353    0.052049
2459939.858403    3.221090    0.000357    0.051524
2459939.860833    3.231470    0.000360    0.050834
2459939.863264    3.248482    0.000366    0.050011
2459939.865694    3.263981    0.000371    0.049078
2459939.868125    3.315611    0.000389    0.048060
2459939.870556    3.319991    0.000391    0.046983
2459939.872986    3.353204    0.000403    0.045893
2459939.875417    3.386252    0.000416    0.044824
2459939.877847    3.413329    0.000426    0.043827
2459939.880278    3.421314    0.000429    0.042934
2459939.882708    3.442972    0.000438    0.042200
2459939.885139    3.446280    0.000439    0.041657
2459939.887569    3.456851    0.000443    0.041308
2459939.890000    3.470594    0.000449    0.041179
2459939.892431    3.442424    0.000438    0.041277
2459939.894861    3.442610    0.000438    0.041587
2459939.897292    3.428519    0.000432    0.042103
2459939.899722    3.421017    0.000429    0.042794
2459939.902153    3.405924    0.000423    0.043628
2459939.904583    3.373499    0.000411    0.044575
2459939.907014    3.363998    0.000407    0.045593
2459939.909444    3.324345    0.000392    0.046654
2459939.911875    3.311642    0.000388    0.047712
2459939.914306    3.285874    0.000379    0.048740

2459939.985833    3.378909    0.000413    0.044704
2459939.989306    3.341665    0.000399    0.046179
2459939.992778    3.308031    0.000387    0.047692
2459939.996250    3.279556    0.000377    0.049155
2459939.999722    3.242647    0.000364    0.050447
2459940.003194    3.236718    0.000362    0.051499
2459940.006667    3.199790    0.000350    0.052241
2459940.010139    3.182024    0.000344    0.052640
2459940.013611    3.196345    0.000349    0.052664
2459940.017083    3.195620    0.000349    0.052314
2459940.020556    3.225337    0.000358    0.051612
2459940.024028    3.237830    0.000362    0.050590
2459940.027500    3.269481    0.000373    0.049307
2459940.030972    3.294332    0.000382    0.047844
2459940.034444    3.338104    0.000397    0.046290
2459940.037917    3.369389    0.000409    0.044770
2459940.041389    3.394255    0.000419    0.043391
2459940.044861    3.447005    0.000439    0.042297
2459940.048333    3.459710    0.000445    0.041579
2459940.051806    3.464222    0.000446    0.041291
2459940.055278    3.447849    0.000440    0.041454
2459940.058750    3.436210    0.000435    0.042050
2459940.062222    3.416826    0.000427    0.043021
2459940.065694    3.369661    0.000409    0.044272
2459940.069167    3.352476    0.000403    0.045710
2459940.072639    3.314288    0.000389    0.047217
2459940.076111    3.279450    0.000377    0.048708
2459940.079583    3.233190    0.000361    0.050071
2459940.083056    3.220267    0.000357    0.051210
2459940.086528    3.216504    0.000355    0.052069
2459940.090000    3.191502    0.000347    0.052589
2459940.093472    3.186137    0.000346    0.052742
2459940.096944    3.196292    0.000349    0.052518
2459940.100417    3.203633    0.000351    0.051933
2459940.103889    3.234234    0.000361    0.051017

2459940.190000    3.271234    0.000374    0.049250
2459940.191042    3.272346    0.000374    0.048819
2459940.192083    3.285835    0.000379    0.048385
2459940.193125    3.291777    0.000381    0.047928
2459940.194167    3.329536    0.000394    0.047468
2459940.195208    3.335008    0.000396    0.046998
2459940.196250    3.347209    0.000401    0.046534
2459940.197292    3.341186    0.000399    0.046066
2459940.198333    3.350513    0.000402    0.045606
2459940.199375    3.359546    0.000405    0.045148
2459940.200417    3.379547    0.000413    0.044711
2459940.201458    3.374463    0.000411    0.044279
2459940.202500    3.399551    0.000421    0.043870
2459940.203542    3.397191    0.000420    0.043484
2459940.204583    3.410033    0.000425    0.043122
2459940.205625    3.406991    0.000424    0.042789
2459940.206667    3.419511    0.000428    0.042490
2459940.207708    3.431871    0.000433    0.042221
2459940.208750    3.439367    0.000436    0.041989
2459940.209792    3.437907    0.000436    0.041793
2459940.210833    3.453719    0.000442    0.041631
2459940.211875    3.461464    0.000445    0.041514
2459940.212917    3.461603    0.000445    0.041435
2459940.213958    3.448623    0.000440    0.041398
2459940.215000    3.445938    0.000439    0.041404
2459940.216042    3.429589    0.000432    0.041444
2459940.217083    3.454679    0.000443    0.041531
2459940.218125    3.454587    0.000443    0.041654
2459940.219167    3.452759    0.000442    0.041815
2459940.220208    3.431919    0.000433    0.042015
2459940.221250    3.442987    0.000438    0.042247
2459940.222292    3.450720    0.000441    0.042515
2459940.223333    3.421228    0.000429    0.042812
2459940.224375    3.425759    0.000431    0.043138
2459940.225417    3.401950    0.000422    0.043489
2459940.226458    3.389080    0.000417    0.043866
2459940.227500    3.383890    0.000415    0.044258
2459940.228542    3.377694    0.000412    0.044671
2459940.229583    3.367470    0.000408    0.045093
2459940.230625    3.364797    0.000407    0.045534
2459940.231667    3.347585    0.000401    0.045978
2459940.232708    3.327935    0.000394    0.046429
2459940.233750    3.317113    0.000390    0.046881
2459940.234792    3.314159    0.000389    0.047332
2459940.235833    3.307131    0.000386    0.047787
2459940.236875    3.302410    0.000385    0.048235
2459940.237917    3.267460    0.000372    0.048674
2459940.238958    3.265762    0.000372    0.049105
2459940.240000    3.263966    0.000371    0.049525
2459940.241042    3.258179    0.000369    0.049919
2459940.242083    3.244882    0.000365    0.050307
2459940.243125    3.247519    0.000366    0.050667
2459940.244167    3.236729    0.000362    0.051006
2459940.245208    3.220316    0.000357    0.051316
2459940.246250    3.215666    0.000355    0.051610
2459940.247292    3.203651    0.000351    0.051870
2459940.248333    3.203556    0.000351    0.052103
2459940.249375    3.219709    0.000356    0.052304
2459940.250417    3.194382    0.000348    0.052475
2459940.251458    3.197761    0.000349    0.052615
2459940.252500    3.208288    0.000353    0.052719
2459940.253542    3.179083    0.000343    0.052794
2459940.254583    3.188888    0.000346    0.052834
2459940.255625    3.192542    0.000348    0.052837
2459940.256667    3.193154    0.000348    0.052810
2459940.257708    3.206534    0.000352    0.052751
2459940.258750    3.188047    0.000346    0.052653
2459940.259792    3.194878    0.000348    0.052524
2459940.260833    3.205831    0.000352    0.052367
2459940.261875    3.206460    0.000352    0.052171

2459940.314306    3.336173    0.000397    0.046712
2459940.315694    3.307758    0.000387    0.047316
2459940.317083    3.294175    0.000382    0.047921
2459940.318472    3.304318    0.000385    0.048513
2459940.319861    3.258837    0.000370    0.049090
2459940.321250    3.252781    0.000367    0.049647
2459940.322639    3.245963    0.000365    0.050170
2459940.324028    3.234071    0.000361    0.050663
2459940.325417    3.232973    0.000361    0.051113
2459940.326806    3.224522    0.000358    0.051525
2459940.328194    3.213935    0.000355    0.051880
2459940.329583    3.206545    0.000352    0.052189
2459940.330972    3.185887    0.000345    0.052443
2459940.332361    3.202673    0.000351    0.052645
2459940.333750    3.196598    0.000349    0.052780
2459940.335139    3.182420    0.000344    0.052867
2459940.336528    3.195788    0.000349    0.052887
2459940.337917    3.183003    0.000345    0.052849
2459940.339306    3.204141    0.000351    0.052751
2459940.340694    3.195747    0.000349    0.052591
2459940.342083    3.191055    0.000347    0.052381
2459940.343472    3.211892    0.000354    0.052101
2459940.344861    3.214854    0.000355    0.051787
2459940.346250    3.235450    0.000362    0.051404
2459940.347639    3.220522    0.000357    0.050988
2459940.349028    3.249441    0.000366    0.050521
2459940.350417    3.258098    0.000369    0.050015
2459940.351806    3.261266    0.000370    0.049481
2459940.353194    3.284607    0.000378    0.048905
2459940.354583    3.278492    0.000376    0.048317
2459940.355972    3.305042    0.000386    0.047707
2459940.357361    3.334700    0.000396    0.047083
2459940.358750    3.315705    0.000389    0.046462
2459940.360139    3.340779    0.000398    0.045851
2459940.361528    3.353319    0.000403    0.045235
2459940.362917    3.368692    0.000409    0.044654
2459940.364306    3.383830    0.000415    0.044096
2459940.365694    3.393776    0.000418    0.043576
2459940.367083    3.416279    0.000427    0.043101
2459940.368472    3.424919    0.000431    0.042679
2459940.369861    3.430839    0.000433    0.042317
2459940.371250    3.443301    0.000438    0.042017
2459940.372639    3.440220    0.000437    0.041783
2459940.374028    3.460039    0.000445    0.041619
2459940.375417    3.456226    0.000443    0.041524
2459940.376806    3.449167    0.000440    0.041502
2459940.378194    3.454175    0.000442    0.041555
2459940.379583    3.434597    0.000434    0.041674
2459940.380972    3.438484    0.000436    0.041871
2459940.382361    3.435735    0.000435    0.042128
2459940.383750    3.421768    0.000429    0.042449
2459940.385139    3.407275    0.000424    0.042824
2459940.386528    3.406586    0.000423    0.043254
2459940.387917    3.395677    0.000419    0.043727
2459940.389306    3.372706    0.000410    0.044243
2459940.390694    3.367768    0.000409    0.044790
2459940.392083    3.362877    0.000407    0.045358
2459940.393472    3.350340    0.000402    0.045943
2459940.394861    3.331593    0.000395    0.046544
2459940.396250    3.312350    0.000388    0.047146
2459940.397639    3.294567    0.000382    0.047751
2459940.399028    3.294151    0.000382    0.048348
2459940.400417    3.279442    0.000377    0.048934
2459940.401806    3.269451    0.000373    0.049502
2459940.403194    3.255316    0.000368    0.050029
2459940.404583    3.244621    0.000365    0.050544
2459940.405972    3.234828    0.000361    0.051001
2459940.407361    3.229973    0.000360    0.051423
2459940.408750    3.217417    0.000356    0.051804
2459940.410139    3.207096    0.000352    0.052132
2459940.411528    3.196974    0.000349    0.052405
2459940.412917    3.198473    0.000350    0.052625
2459940.414306    3.200802    0.000350    0.052788
2459940.415694    3.197470    0.000349    0.052890
2459940.417083    3.199282    0.000350    0.052933
2459940.418472    3.194985    0.000348    0.052914
2459940.419861    3.197646    0.000349    0.052843
2459940.421250    3.204533    0.000351    0.052697
2459940.422639    3.200945    0.000350    0.052515
2459940.424028    3.198542    0.000350    0.052257
2459940.425417    3.217016    0.000356    0.051957
2459940.426806    3.220448    0.000357    0.051598
2459940.428194    3.227417    0.000359    0.051191
2459940.429583    3.233617    0.000361    0.050744
2459940.430972    3.244775    0.000365    0.050250
2459940.432361    3.244967    0.000365    0.049728
2459940.433750    3.279711    0.000377    0.049167
2459940.435139    3.272663    0.000374    0.048585
2459940.436528    3.299979    0.000384    0.047979
2459940.437917    3.307411    0.000386    0.047361
