2459939.642778    0.042135    0.877357    0.000832   -0.000056
2459939.645556    0.041660    0.877077    0.000832    0.000405
2459939.648333    0.041545    0.874942    0.000832    0.000418
2459939.651111    0.041446    0.852827    0.000832   -0.000544
2459939.653889    0.041348    0.859275    0.000832   -0.000136
2459939.656667    0.041266    0.850871    0.000832   -0.000458
2459939.659444    0.041204    0.844931    0.000832   -0.000680
2459939.662222    0.041140    0.855767    0.000832   -0.000097
2459939.665000    0.041090    0.837982    0.000832   -0.000900
2459939.667778    0.041059    0.839274    0.000832   -0.000807
2459939.670556    0.041038    0.894681    0.000832    0.001872
2459939.673333    0.041025    0.856884    0.000832    0.000072
2459939.676111    0.041026    0.853059    0.000832   -0.000113
2459939.678889    0.041040    0.882337    0.000832    0.001278
2459939.681667    0.041064    0.851484    0.000832   -0.000226
2459939.684444    0.041103    0.829061    0.000832   -0.001340
2459939.687222    0.041149    0.859299    0.000832    0.000063
2459939.690000    0.041210    0.852332    0.000832   -0.000331
2459939.692778    0.041283    0.870648    0.000832    0.000474
2459939.695556    0.041365    0.861452    0.000832   -0.000049
2459939.698333    0.041455    0.878308    0.000832    0.000670
2459939.701111    0.041565    0.875358    0.000832    0.000418
2459939.703889    0.041679    0.874091    0.000832    0.000243
2459939.706667    0.041801    0.870252    0.000832   -0.000063
2459939.709444    0.041936    0.857794    0.000832   -0.000796
2459939.712222    0.042085    0.844189    0.000832   -0.001597
2459939.715000    0.042234    0.898826    0.000832    0.000874
2459939.717778    0.042397    0.889347    0.000832    0.000257
2459939.720556    0.042568    0.892700    0.000832    0.000247
2459939.723333    0.042748    0.917092    0.000832    0.001236
2459939.726111    0.042932    0.893528    0.000832   -0.000078
2459939.728889    0.043126    0.886085    0.000832   -0.000629
2459939.731667    0.043327    0.899011    0.000832   -0.000209
2459939.734444    0.043536    0.910820    0.000832    0.000148
2459939.737222    0.043747    0.900117    0.000832   -0.000577
2459939.740000    0.043963    0.888463    0.000832   -0.001351
2459939.742778    0.044190    0.920371    0.000832   -0.000049
2459939.745556    0.044417    0.904251    0.000832   -0.001048
2459939.748333    0.044646    0.916411    0.000832   -0.000694
2459939.751111    0.044882    0.950917    0.000832    0.000725
2459939.753889    0.045121    0.930406    0.000832   -0.000498
2459939.756667    0.045363    0.923469    0.000832   -0.001073
2459939.759444    0.045602    0.961074    0.000832    0.000491
2459939.762222    0.045844    0.959241    0.000832    0.000162
2459939.765000    0.046091    0.936802    0.000832   -0.001162
2459939.767778    0.046338    0.945520    0.000832   -0.000990
2459939.770556    0.046586    0.938294    0.000832   -0.001585
2459939.773333    0.046829    0.985716    0.000832    0.000446
2459939.776111    0.047072    0.997295    0.000832    0.000759
2459939.778889    0.047321    0.986049    0.000832   -0.000029
2459939.781667    0.047567    0.998548    0.000832    0.000325
2459939.784444    0.047812    1.025112    0.000832    0.001353
2459939.787222    0.048049    0.985955    0.000832   -0.000762
2459939.790000    0.048290    0.988982    0.000832   -0.000857
2459939.792778    0.048525    1.007630    0.000832   -0.000198
2459939.795556    0.048755    1.012997    0.000832   -0.000171
2459939.798333    0.048988    1.026144    0.000832    0.000227
2459939.801111    0.049211    1.027381    0.000832    0.000063
2459939.803889    0.049430    1.035922    0.000832    0.000254
2459939.806667    0.049640    1.034519    0.000832   -0.000024
2459939.926458    0.051024    1.056435    0.000832   -0.000357
2459939.929583    0.050837    1.059199    0.000832   -0.000037
2459939.932708    0.050645    1.066563    0.000832    0.000508
2459939.935833    0.050441    1.041703    0.000832   -0.000481
2459939.938958    0.050218    1.023372    0.000832   -0.001137
2459939.942083    0.049991    1.029920    0.000832   -0.000595
2459939.945208    0.049761    1.012535    0.000832   -0.001199
2459939.948333    0.049524    0.985733    0.000832   -0.002248
2459939.951458    0.049278    1.001338    0.000832   -0.001253
2459939.954583    0.049023    1.028581    0.000832    0.000308
2459939.957708    0.048765    1.020391    0.000832    0.000174
2459939.960833    0.048499    1.028739    0.000832    0.000840
2459939.963958    0.048235    1.007630    0.000832    0.000092
2459939.967083    0.047963    0.969671    0.000832   -0.001457
2459939.970208    0.047688    1.014198    0.000832    0.000954
2459939.973333    0.047405    1.014909    0.000832    0.001271
2459939.976458    0.047130    0.983781    0.000832    0.000053
2459939.979583    0.046842    0.959036    0.000832   -0.000846
2459939.982708    0.046560    0.971010    0.000832    0.000010
2459939.985833    0.046277    0.930940    0.000832   -0.001628
2459939.988958    0.045994    0.954388    0.000832   -0.000221
2459939.992083    0.045714    0.939770    0.000832   -0.000642
2459939.995208    0.045433    0.905884    0.000832   -0.001986
2459939.998333    0.045153    0.942222    0.000832    0.000037
2459940.001458    0.044879    0.939574    0.000832    0.000184
2459940.004583    0.044615    0.916849    0.000832   -0.000642
2459940.007708    0.044348    0.907269    0.000832   -0.000835
2459940.010833    0.044088    0.944400    0.000832    0.001207
2459940.013958    0.043839    0.900998    0.000832   -0.000627
2459940.017083    0.043590    0.895883    0.000832   -0.000623
2459940.020208    0.043355    0.870954    0.000832   -0.001583
2459940.023333    0.043133    0.922068    0.000832    0.001090
2459940.026458    0.042910    0.909709    0.000832    0.000720
2459940.029583    0.042700    0.893458    0.000832    0.000151
2459940.032708    0.042513    0.895300    0.000832    0.000427
2459940.035833    0.042324    0.878194    0.000832   -0.000205
2459940.038958    0.042152    0.902771    0.000832    0.001146
2459940.042083    0.041998    0.887514    0.000832    0.000568
2459940.045208    0.041849    0.865726    0.000832   -0.000328
2459940.048333    0.041714    0.870053    0.000832    0.000014
2459940.051458    0.041603    0.854136    0.000832   -0.000638
2459940.054583    0.041489    0.890749    0.000832    0.001232
2459940.057708    0.041398    0.876163    0.000832    0.000624
2459940.060833    0.041330    0.879976    0.000832    0.000874
2459940.063958    0.041260    0.827527    0.000832   -0.001571
2459940.067083    0.041212    0.855685    0.000832   -0.000172
2459940.070208    0.041186    0.888397    0.000832    0.001422
2459940.073333    0.041164    0.851949    0.000832   -0.000304
2459940.076458    0.041163    0.852370    0.000832   -0.000282
2459940.079583    0.041178    0.859318    0.000832    0.000036
2459940.192778    0.048578    1.021235    0.000832    0.000401
2459940.196597    0.048896    1.017465    0.000832   -0.000098
2459940.200417    0.049215    1.045382    0.000832    0.000922
2459940.204236    0.049515    1.055543    0.000832    0.001110
2459940.208056    0.049806    1.053031    0.000832    0.000698
2459940.211875    0.050092    1.042123    0.000832   -0.000111
2459940.215694    0.050366    1.011252    0.000832   -0.001865
2459940.219514    0.050627    1.063938    0.000832    0.000400
2459940.223333    0.050873    1.076034    0.000832    0.000734
2459940.227153    0.051102    1.083344    0.000832    0.000856
2459940.230972    0.051327    1.085873    0.000832    0.000752
2459940.234792    0.051534    1.076740    0.000832    0.000108
2459940.238611    0.051721    1.097427    0.000832    0.000913
2459940.242431    0.051897    1.085729    0.000832    0.000175
2459940.246250    0.052049    1.106840    0.000832    0.001036
2459940.250069    0.052190    1.086337    0.000832   -0.000088
2459940.253889    0.052316    1.107404    0.000832    0.000796
2459940.257708    0.052423    1.103635    0.000832    0.000508
2459940.261528    0.052504    1.097233    0.000832    0.000121
2459940.265347    0.052572    1.101443    0.000832    0.000254
2459940.269167    0.052629    1.107243    0.000832    0.000475
2459940.272986    0.052662    1.096405    0.000832   -0.000077
2459940.276806    0.052669    1.098808    0.000832    0.000031
2459940.280625    0.052662    1.112730    0.000832    0.000705
2459940.284444    0.052645    1.112017    0.000832    0.000688
2459940.288264    0.052604    1.092813    0.000832   -0.000192
2459940.292083    0.052539    1.093712    0.000832   -0.000083
2459940.295903    0.052457    1.101194    0.000832    0.000357
2459940.299722    0.052363    1.104769    0.000832    0.000622
2459940.303542    0.052252    1.079943    0.000832   -0.000457
2459940.307361    0.052117    1.089844    0.000832    0.000152
2459940.311181    0.051963    1.049104    0.000832   -0.001647
2459940.315000    0.051797    1.071502    0.000832   -0.000407
2459940.318819    0.051621    1.075142    0.000832   -0.000056
2459940.322639    0.051423    1.099661    0.000832    0.001318
2459940.326458    0.051198    1.079951    0.000832    0.000597
2459940.330278    0.050971    1.046871    0.000832   -0.000762
2459940.334097    0.050734    1.031588    0.000832   -0.001258
2459940.337917    0.050478    1.070422    0.000832    0.000860
2459940.341736    0.050204    1.071898    0.000832    0.001205
2459940.345556    0.049924    1.066900    0.000832    0.001246
2459940.349375    0.049635    1.040611    0.000832    0.000274
2459940.353194    0.049334    1.007684    0.000832   -0.001005
2459940.357014    0.049020    1.031164    0.000832    0.000436
2459940.360833    0.048699    1.012786    0.000832   -0.000125
2459940.364653    0.048378    1.024791    0.000832    0.000772
2459940.368472    0.048044    0.979470    0.000832   -0.001068
2459940.372292    0.047705    0.976527    0.000832   -0.000870
2459940.376111    0.047365    0.989876    0.000832    0.000110
2459940.379931    0.047017    0.987390    0.000832    0.000339
2459940.383750    0.046674    1.011778    0.000832    0.001852
2459940.387569    0.046326    0.953475    0.000832   -0.000596
2459940.391389    0.045981    0.934551    0.000832   -0.001159
2459940.395208    0.045643    0.957194    0.000832    0.000265
2459940.399028    0.045298    0.913339    0.000832   -0.001493
2459940.548507    0.044784    0.952342    0.000832    0.000891
2459940.550938    0.044984    0.945339    0.000832    0.000355
2459940.553368    0.045191    0.952016    0.000832    0.000468
2459940.555799    0.045401    0.979949    0.000832    0.001598
2459940.558229    0.045608    0.930865    0.000832   -0.000964
2459940.560660    0.045820    0.953841    0.000832   -0.000073
2459940.563090    0.046034    0.968336    0.000832    0.000408
2459940.565521    0.046246    0.951583    0.000832   -0.000607
2459940.567951    0.046459    0.985777    0.000832    0.000820
2459940.570382    0.046678    0.982856    0.000832    0.000460
2459940.572812    0.046888    0.990912    0.000832    0.000637
2459940.575243    0.047104    0.976025    0.000832   -0.000293
2459940.577674    0.047314    0.991815    0.000832    0.000254
2459940.580104    0.047533    0.988037    0.000832   -0.000146
2459940.582535    0.047747    0.997765    0.000832    0.000107
2459940.584965    0.047965    0.995500    0.000832   -0.000221
2459940.587396    0.048171    0.996584    0.000832   -0.000374
2459940.589826    0.048379    1.007185    0.000832   -0.000074
2459940.592257    0.048586    1.020053    0.000832    0.000336
2459940.594688    0.048793    1.013001    0.000832   -0.000209
2459940.597118    0.048995    1.046115    0.000832    0.001178
2459940.599549    0.049202    1.041596    0.000832    0.000754
2459940.601979    0.049396    1.047949    0.000832    0.000864
2459940.604410    0.049586    1.016848    0.000832   -0.000817
2459940.606840    0.049772    1.018452    0.000832   -0.000926
2459940.609271    0.049957    1.019365    0.000832   -0.001068
2459940.611701    0.050141    1.038270    0.000832   -0.000345
2459940.614132    0.050322    1.073252    0.000832    0.001152
2459940.616563    0.050492    1.062269    0.000832    0.000455
2459940.618993    0.050656    1.078013    0.000832    0.001046
2459940.621424    0.050818    1.077096    0.000832    0.000840
2459940.623854    0.050975    1.070198    0.000832    0.000352
2459940.626285    0.051125    1.084997    0.000832    0.000912
2459940.628715    0.051267    1.048350    0.000832   -0.000988
2459940.631146    0.051414    1.059387    0.000832   -0.000605
2459940.633576    0.051546    1.046112    0.000832   -0.001373
2459940.636007    0.051674    1.102084    0.000832    0.001183
2459940.638438    0.051794    1.077475    0.000832   -0.000117
2459940.640868    0.051909    1.133251    0.000832    0.002442
2459940.643299    0.052019    1.053543    0.000832   -0.001490
2459940.645729    0.052117    1.081019    0.000832   -0.000271
2459940.648160    0.052213    1.076072    0.000832   -0.000604
2459940.650590    0.052299    1.092983    0.000832    0.000121
2459940.653021    0.052383    1.081113    0.000832   -0.000532
2459940.655451    0.052458    1.089990    0.000832   -0.000181
2459940.657882    0.052527    1.098939    0.000832    0.000179
2459940.660313    0.052582    1.079560    0.000832   -0.000806
2459940.662743    0.052634    1.092003    0.000832   -0.000261
2459940.665174    0.052677    1.079698    0.000832   -0.000894
2459940.667604    0.052716    1.085681    0.000832   -0.000646
2459940.670035    0.052748    1.097524    0.000832   -0.000110
2459940.672465    0.052772    1.113964    0.000832    0.000654
2459940.674896    0.052787    1.124460    0.000832    0.001143
2459940.677326    0.052791    1.098914    0.000832   -0.000087
2459940.679757    0.052791    1.108580    0.000832    0.000377
2459940.682187    0.052781    1.114548    0.000832    0.000674
2459940.684618    0.052770    1.100330    0.000832    0.000003
2459940.687049    0.052748    1.106350    0.000832    0.000313
2459940.689479    0.052719    1.074861    0.000832   -0.001168
2459940.691910    0.052680    1.107715    0.000832    0.000447
2459940.694340    0.052635    1.108274    0.000832    0.000519
2459940.696771    0.052578    1.119256    0.000832    0.001103
2459940.699201    0.052519    1.064966    0.000832   -0.001442
2459940.701632    0.052455    1.066125    0.000832   -0.001323
2459940.704063    0.052384    1.106742    0.000832    0.000697
2459940.706493    0.052302    1.083097    0.000832   -0.000356
2459940.708924    0.052214    1.099759    0.000832    0.000531
2459940.711354    0.052114    1.104680    0.000832    0.000867
2459940.713785    0.052007    1.107219    0.000832    0.001096
2459940.716215    0.051904    1.079240    0.000832   -0.000142
2459940.718646    0.051793    1.099069    0.000832    0.000920
2459940.721076    0.051671    1.111619    0.000832    0.001643
2459940.723507    0.051544    1.060551    0.000832   -0.000679
2459940.725938    0.051403    1.056547    0.000832   -0.000730
2459940.728368    0.051259    1.083571    0.000832    0.000710
2459940.730799    0.051115    1.050735    0.000832   -0.000721
2459940.733229    0.050968    1.069954    0.000832    0.000348
2459940.735660    0.050811    1.065467    0.000832    0.000290
2459940.738090    0.050649    1.056117    0.000832    0.000003
2459940.740521    0.050477    1.056822    0.000832    0.000209
2459940.880104    0.041446    0.888342    0.000832    0.001160
2459940.883576    0.041468    0.857063    0.000832   -0.000363
2459940.887049    0.041514    0.881436    0.000832    0.000761
2459940.890521    0.041578    0.878960    0.000832    0.000578
2459940.893993    0.041658    0.876929    0.000832    0.000401
2459940.897465    0.041756    0.867392    0.000832   -0.000155
2459940.900937    0.041871    0.866355    0.000832   -0.000320
2459940.904410    0.042004    0.904630    0.000832    0.001382
2459940.907882    0.042152    0.851381    0.000832   -0.001319
2459940.911354    0.042315    0.881260    0.000832   -0.000049
2459940.914826    0.042495    0.898051    0.000832    0.000576
2459940.918299    0.042685    0.883815    0.000832   -0.000297
2459940.921771    0.042894    0.886134    0.000832   -0.000394
2459940.925243    0.043113    0.900862    0.000832    0.000093
2459940.928715    0.043344    0.889389    0.000832   -0.000688
2459940.932187    0.043584    0.927583    0.000832    0.000903
2459940.935660    0.043838    0.916164    0.000832    0.000102
2459940.939132    0.044099    0.928923    0.000832    0.000453
2459940.942604    0.044367    0.953382    0.000832    0.001357
2459940.946076    0.044647    0.919733    0.000832   -0.000536
2459940.949549    0.044933    0.934193    0.000832   -0.000128
2459940.953021    0.045221    0.969702    0.000832    0.001287
2459940.956493    0.045518    0.952158    0.000832    0.000148
2459940.959965    0.045813    0.960339    0.000832    0.000245
2459940.963437    0.046120    0.960203    0.000832   -0.000068
2459940.966910    0.046422    0.939759    0.000832   -0.001351
2459940.970382    0.046728    0.979828    0.000832    0.000266
2459940.973854    0.047031    0.961592    0.000832   -0.000913
2459940.977326    0.047339    0.971607    0.000832   -0.000740
2459940.980799    0.047646    1.037531    0.000832    0.002114
2459940.984271    0.047953    0.995709    0.000832   -0.000198
2459940.987743    0.048253    1.001060    0.000832   -0.000242
2459940.991215    0.048552    1.027089    0.000832    0.000708
2459940.994687    0.048847    1.016258    0.000832   -0.000107
2459940.998160    0.049135    1.036395    0.000832    0.000571
2459941.001632    0.049427    1.054028    0.000832    0.001125
2459941.005104    0.049697    1.051489    0.000832    0.000733
2459941.008576    0.049961    1.020866    0.000832   -0.001000
2459941.012049    0.050226    1.069038    0.000832    0.001046
2459941.015521    0.050486    1.048126    0.000832   -0.000217
2459941.018993    0.050721    1.032400    0.000832   -0.001206
2459941.022465    0.050952    1.059316    0.000832   -0.000147
2459941.025937    0.051174    1.058748    0.000832   -0.000395
2459941.029410    0.051380    1.046848    0.000832   -0.001173
2459941.032882    0.051587    1.072690    0.000832   -0.000140
2459941.036354    0.051769    1.098223    0.000832    0.000902
2459941.039826    0.051940    1.095983    0.000832    0.000625
2459941.043299    0.052103    1.087031    0.000832    0.000032
2459941.046771    0.052248    1.083552    0.000832   -0.000280
2459941.050243    0.052379    1.116988    0.000832    0.001192
2459941.053715    0.052497    1.104832    0.000832    0.000492
2459941.057187    0.052604    1.113658    0.000832    0.000808
2459941.060660    0.052692    1.095838    0.000832   -0.000135
2459941.064132    0.052768    1.059390    0.000832   -0.001959
2459941.067604    0.052822    1.089570    0.000832   -0.000565
2459941.071076    0.052870    1.121824    0.000832    0.000934
2459941.074549    0.052901    1.118435    0.000832    0.000740
2459941.078021    0.052912    1.104632    0.000832    0.000066
2459941.081493    0.052909    1.082108    0.000832   -0.001010
2459941.084965    0.052892    1.106693    0.000832    0.000185
2459941.088437    0.052862    1.137556    0.000832    0.001696
2459941.091910    0.052816    1.093204    0.000832   -0.000385
2459941.095382    0.052752    1.087925    0.000832   -0.000574
2459941.098854    0.052667    1.085381    0.000832   -0.000611
2459941.102326    0.052581    1.102095    0.000832    0.000277
2459941.105799    0.052478    1.061555    0.000832   -0.001565
2459941.109271    0.052353    1.060933    0.000832   -0.001470
2459941.112743    0.052209    1.116915    0.000832    0.001359
2459941.116215    0.052063    1.084355    0.000832   -0.000057
2459941.119687    0.051906    1.076470    0.000832   -0.000278
2459941.123160    0.051729    1.045737    0.000832   -0.001574
2459941.126632    0.051535    1.076875    0.000832    0.000113
2459941.130104    0.051330    1.070750    0.000832    0.000024
2459941.133576    0.051122    1.070785    0.000832    0.000233
2459941.137049    0.050900    1.086166    0.000832    0.001194
2459941.140521    0.050661    1.073130    0.000832    0.000807
2459941.143993    0.050413    1.062808    0.000832    0.000560
2459941.147465    0.050161    1.034217    0.000832   -0.000559
2459941.150937    0.049895    1.032704    0.000832   -0.000366
2459941.154410    0.049629    1.008999    0.000832   -0.001236
2459941.157882    0.049342    1.023885    0.000832   -0.000236
2459941.161354    0.049054    1.038470    0.000832    0.000752
2459941.164826    0.048760    1.030091    0.000832    0.000643
2459941.168299    0.048464    0.994835    0.000832   -0.000751
2459941.171771    0.048158    0.977318    0.000832   -0.001285
2459941.175243    0.047851    0.993737    0.000832   -0.000190
2459941.178715    0.047539    1.032883    0.000832    0.001999
2459941.182187    0.047222    1.001465    0.000832    0.000809
2459941.185660    0.046914    0.983687    0.000832    0.000264
2459941.189132    0.046595    0.953107    0.000832   -0.000884
