2459939.642778    3.428967    0.000437    0.042135
2459939.645556    3.434074    0.000439    0.041660
2459939.648333    3.456691    0.000448    0.041545
2459939.651111    3.466787    0.000453    0.041446
2459939.653889    3.445922    0.000444    0.041348
2459939.656667    3.458893    0.000449    0.041266
2459939.659444    3.456985    0.000448    0.041204
2459939.662222    3.472361    0.000455    0.041140
2459939.665000    3.460905    0.000450    0.041090
2459939.667778    3.469382    0.000454    0.041059
2459939.670556    3.469713    0.000454    0.041038
2459939.673333    3.473209    0.000455    0.041025
2459939.676111    3.475283    0.000456    0.041026
2459939.678889    3.467106    0.000453    0.041040
2459939.681667    3.455596    0.000448    0.041064
2459939.684444    3.475586    0.000456    0.041103
2459939.687222    3.456420    0.000448    0.041149
2459939.690000    3.470030    0.000454    0.041210
2459939.692778    3.457635    0.000449    0.041283
2459939.695556    3.467485    0.000453    0.041365
2459939.698333    3.458868    0.000449    0.041455
2459939.701111    3.464240    0.000451    0.041565
2459939.703889    3.450649    0.000446    0.041679
2459939.706667    3.445162    0.000444    0.041801
2459939.709444    3.463155    0.000451    0.041936
2459939.712222    3.442596    0.000443    0.042085
2459939.715000    3.422663    0.000434    0.042234
2459939.717778    3.440108    0.000442    0.042397
2459939.720556    3.420988    0.000434    0.042568
2459939.723333    3.437791    0.000441    0.042748
2459939.726111    3.428813    0.000437    0.042932
2459939.728889    3.401802    0.000426    0.043126
2459939.731667    3.388871    0.000421    0.043327
2459939.734444    3.382907    0.000419    0.043536
2459939.737222    3.397938    0.000425    0.043747
2459939.740000    3.399092    0.000425    0.043963
2459939.742778    3.376977    0.000417    0.044190
2459939.745556    3.373131    0.000415    0.044417
2459939.748333    3.386534    0.000420    0.044646
2459939.751111    3.373759    0.000415    0.044882
2459939.753889    3.366062    0.000412    0.045121
2459939.756667    3.361922    0.000411    0.045363
2459939.759444    3.345457    0.000405    0.045602
2459939.762222    3.347808    0.000406    0.045844
2459939.765000    3.347660    0.000405    0.046091
2459939.767778    3.326894    0.000398    0.046338
2459939.770556    3.352562    0.000407    0.046586
2459939.773333    3.321081    0.000396    0.046829
2459939.776111    3.317914    0.000395    0.047072
2459939.778889    3.306240    0.000390    0.047321
2459939.781667    3.328502    0.000398    0.047567
2459939.784444    3.307083    0.000391    0.047812
2459939.787222    3.308986    0.000391    0.048049
2459939.790000    3.276542    0.000380    0.048290
2459939.792778    3.289717    0.000384    0.048525
2459939.795556    3.281701    0.000382    0.048755
2459939.798333    3.272949    0.000379    0.048988
2459939.801111    3.281709    0.000382    0.049211
2459939.803889    3.256058    0.000373    0.049430
2459939.806667    3.253050    0.000372    0.049640

2459939.926458    3.228626    0.000363    0.051024
2459939.929583    3.229845    0.000364    0.050837
2459939.932708    3.242789    0.000368    0.050645
2459939.935833    3.235415    0.000366    0.050441
2459939.938958    3.253192    0.000372    0.050218
2459939.942083    3.253231    0.000372    0.049991
2459939.945208    3.250059    0.000371    0.049761
2459939.948333    3.264431    0.000376    0.049524
2459939.951458    3.272245    0.000378    0.049278
2459939.954583    3.265608    0.000376    0.049023
2459939.957708    3.281006    0.000381    0.048765
2459939.960833    3.283383    0.000382    0.048499
2459939.963958    3.289709    0.000384    0.048235
2459939.967083    3.297520    0.000387    0.047963
2459939.970208    3.300317    0.000388    0.047688
2459939.973333    3.306229    0.000390    0.047405
2459939.976458    3.323207    0.000396    0.047130
2459939.979583    3.319801    0.000395    0.046842
2459939.982708    3.328019    0.000398    0.046560
2459939.985833    3.347047    0.000405    0.046277
2459939.988958    3.347046    0.000405    0.045994
2459939.992083    3.349328    0.000406    0.045714
2459939.995208    3.342977    0.000404    0.045433
2459939.998333    3.364197    0.000412    0.045153
2459940.001458    3.367721    0.000413    0.044879
2459940.004583    3.376046    0.000416    0.044615
2459940.007708    3.390774    0.000422    0.044348
2459940.010833    3.388337    0.000421    0.044088
2459940.013958    3.379702    0.000418    0.043839
2459940.017083    3.404415    0.000427    0.043590
2459940.020208    3.403256    0.000427    0.043355
2459940.023333    3.420251    0.000434    0.043133
2459940.026458    3.425817    0.000436    0.042910
2459940.029583    3.418300    0.000433    0.042700
2459940.032708    3.430350    0.000438    0.042513
2459940.035833    3.439926    0.000441    0.042324
2459940.038958    3.430231    0.000438    0.042152
2459940.042083    3.437976    0.000441    0.041998
2459940.045208    3.431721    0.000438    0.041849
2459940.048333    3.452508    0.000447    0.041714
2459940.051458    3.463865    0.000451    0.041603
2459940.054583    3.428039    0.000437    0.041489
2459940.057708    3.436132    0.000440    0.041398
2459940.060833    3.453281    0.000447    0.041330
2459940.063958    3.471510    0.000454    0.041260
2459940.067083    3.473706    0.000455    0.041212
2459940.070208    3.457860    0.000449    0.041186
2459940.073333    3.477195    0.000457    0.041164
2459940.076458    3.458264    0.000449    0.041163
2459940.079583    3.459376    0.000449    0.041178

2459940.192778    3.271832    0.000378    0.048578
2459940.196597    3.290919    0.000385    0.048896
2459940.200417    3.272244    0.000378    0.049215
2459940.204236    3.268418    0.000377    0.049515
2459940.208056    3.262694    0.000375    0.049806
2459940.211875    3.236648    0.000366    0.050092
2459940.215694    3.245046    0.000369    0.050366
2459940.219514    3.230388    0.000364    0.050627
2459940.223333    3.236496    0.000366    0.050873
2459940.227153    3.224641    0.000362    0.051102
2459940.230972    3.230331    0.000364    0.051327
2459940.234792    3.211215    0.000358    0.051534
2459940.238611    3.219976    0.000361    0.051721
2459940.242431    3.213591    0.000358    0.051897
2459940.246250    3.204034    0.000355    0.052049
2459940.250069    3.190547    0.000351    0.052190
2459940.253889    3.214464    0.000359    0.052316
2459940.257708    3.208610    0.000357    0.052423
2459940.261528    3.202081    0.000355    0.052504
2459940.265347    3.210811    0.000357    0.052572
2459940.269167    3.196321    0.000353    0.052629
2459940.272986    3.202946    0.000355    0.052662
2459940.276806    3.190677    0.000351    0.052669
2459940.280625    3.198060    0.000353    0.052662
2459940.284444    3.197593    0.000353    0.052645
2459940.288264    3.198744    0.000354    0.052604
2459940.292083    3.191238    0.000351    0.052539
2459940.295903    3.197666    0.000353    0.052457
2459940.299722    3.215562    0.000359    0.052363
2459940.303542    3.202777    0.000355    0.052252
2459940.307361    3.202755    0.000355    0.052117
2459940.311181    3.220763    0.000361    0.051963
2459940.315000    3.230860    0.000364    0.051797
2459940.318819    3.207514    0.000356    0.051621
2459940.322639    3.219409    0.000360    0.051423
2459940.326458    3.222867    0.000361    0.051198
2459940.330278    3.222751    0.000361    0.050971
2459940.334097    3.238512    0.000367    0.050734
2459940.337917    3.244187    0.000369    0.050478
2459940.341736    3.248052    0.000370    0.050204
2459940.345556    3.258688    0.000374    0.049924
2459940.349375    3.258708    0.000374    0.049635
2459940.353194    3.259450    0.000374    0.049334
2459940.357014    3.271215    0.000378    0.049020
2459940.360833    3.279382    0.000381    0.048699
2459940.364653    3.267679    0.000377    0.048378
2459940.368472    3.297862    0.000387    0.048044
2459940.372292    3.313175    0.000393    0.047705
2459940.376111    3.320432    0.000395    0.047365
2459940.379931    3.318497    0.000395    0.047017
2459940.383750    3.320190    0.000395    0.046674
2459940.387569    3.341903    0.000403    0.046326
2459940.391389    3.353494    0.000408    0.045981
2459940.395208    3.340670    0.000403    0.045643
2459940.399028    3.358940    0.000410    0.045298

2459940.548507    3.385793    0.000420    0.044784
2459940.550938    3.366692    0.000413    0.044984
2459940.553368    3.362604    0.000411    0.045191
2459940.555799    3.358965    0.000410    0.045401
2459940.558229    3.349261    0.000406    0.045608
2459940.560660    3.341349    0.000403    0.045820
2459940.563090    3.329784    0.000399    0.046034
2459940.565521    3.336122    0.000401    0.046246
2459940.567951    3.332755    0.000400    0.046459
2459940.570382    3.324717    0.000397    0.046678
2459940.572812    3.328659    0.000398    0.046888
2459940.575243    3.308089    0.000391    0.047104
2459940.577674    3.315161    0.000394    0.047314
2459940.580104    3.296827    0.000387    0.047533
2459940.582535    3.313452    0.000393    0.047747
2459940.584965    3.299605    0.000388    0.047965
2459940.587396    3.300211    0.000388    0.048171
2459940.589826    3.292393    0.000385    0.048379
2459940.592257    3.273772    0.000379    0.048586
2459940.594688    3.278588    0.000381    0.048793
2459940.597118    3.268572    0.000377    0.048995
2459940.599549    3.292233    0.000385    0.049202
2459940.601979    3.265696    0.000376    0.049396
2459940.604410    3.264952    0.000376    0.049586
2459940.606840    3.256886    0.000373    0.049772
2459940.609271    3.259190    0.000374    0.049957
2459940.611701    3.254110    0.000372    0.050141
2459940.614132    3.239490    0.000367    0.050322
2459940.616563    3.224945    0.000362    0.050492
2459940.618993    3.249653    0.000370    0.050656
2459940.621424    3.242455    0.000368    0.050818
2459940.623854    3.232104    0.000365    0.050975
2459940.626285    3.218636    0.000360    0.051125
2459940.628715    3.221445    0.000361    0.051267
2459940.631146    3.226702    0.000363    0.051414
2459940.633576    3.227081    0.000363    0.051546
2459940.636007    3.217701    0.000360    0.051674
2459940.638438    3.219908    0.000360    0.051794
2459940.640868    3.195089    0.000352    0.051909
2459940.643299    3.217711    0.000360    0.052019
2459940.645729    3.200875    0.000354    0.052117
2459940.648160    3.217634    0.000360    0.052213
2459940.650590    3.199048    0.000354    0.052299
2459940.653021    3.201645    0.000354    0.052383
2459940.655451    3.203389    0.000355    0.052458
2459940.657882    3.195423    0.000352    0.052527
2459940.660313    3.196041    0.000353    0.052582
2459940.662743    3.190678    0.000351    0.052634
2459940.665174    3.211290    0.000358    0.052677
2459940.667604    3.194682    0.000352    0.052716
2459940.670035    3.193924    0.000352    0.052748
2459940.672465    3.199160    0.000354    0.052772
2459940.674896    3.204055    0.000355    0.052787
2459940.677326    3.199880    0.000354    0.052791
2459940.679757    3.190760    0.000351    0.052791
2459940.682187    3.195763    0.000353    0.052781
2459940.684618    3.190919    0.000351    0.052770
2459940.687049    3.201291    0.000354    0.052748
2459940.689479    3.206183    0.000356    0.052719
2459940.691910    3.204071    0.000355    0.052680
2459940.694340    3.185824    0.000349    0.052635
2459940.696771    3.189512    0.000351    0.052578
2459940.699201    3.209865    0.000357    0.052519
2459940.701632    3.207853    0.000357    0.052455
2459940.704063    3.205878    0.000356    0.052384
2459940.706493    3.200393    0.000354    0.052302
2459940.708924    3.210190    0.000357    0.052214
2459940.711354    3.199437    0.000354    0.052114
2459940.713785    3.207175    0.000356    0.052007
2459940.716215    3.217447    0.000360    0.051904
2459940.718646    3.213402    0.000358    0.051793
2459940.721076    3.219219    0.000360    0.051671
2459940.723507    3.216188    0.000359    0.051544
2459940.725938    3.219247    0.000360    0.051403
2459940.728368    3.225734    0.000362    0.051259
2459940.730799    3.230801    0.000364    0.051115
2459940.733229    3.228586    0.000363    0.050968
2459940.735660    3.242379    0.000368    0.050811
2459940.738090    3.235707    0.000366    0.050649
2459940.740521    3.246091    0.000369    0.050477

2459940.880104    3.465591    0.000452    0.041446
2459940.883576    3.455486    0.000448    0.041468
2459940.887049    3.456188    0.000448    0.041514
2459940.890521    3.451626    0.000446    0.041578
2459940.893993    3.438978    0.000441    0.041658
2459940.897465    3.465274    0.000452    0.041756
2459940.900937    3.430578    0.000438    0.041871
2459940.904410    3.432013    0.000438    0.042004
2459940.907882    3.435169    0.000440    0.042152
2459940.911354    3.427094    0.000436    0.042315
2459940.914826    3.409863    0.000429    0.042495
2459940.918299    3.430018    0.000437    0.042685
2459940.921771    3.424554    0.000435    0.042894
2459940.925243    3.407835    0.000429    0.043113
2459940.928715    3.410009    0.000429    0.043344
2459940.932187    3.394879    0.000424    0.043584
2459940.935660    3.411897    0.000430    0.043838
2459940.939132    3.392431    0.000423    0.044099
2459940.942604    3.383830    0.000419    0.044367
2459940.946076    3.363567    0.000411    0.044647
2459940.949549    3.357010    0.000409    0.044933
2459940.953021    3.371918    0.000415    0.045221
2459940.956493    3.341902    0.000403    0.045518
2459940.959965    3.351894    0.000407    0.045813
2459940.963437    3.337558    0.000402    0.046120
2459940.966910    3.340624    0.000403    0.046422
2459940.970382    3.330643    0.000399    0.046728
2459940.973854    3.317875    0.000395    0.047031
2459940.977326    3.310732    0.000392    0.047339
2459940.980799    3.315486    0.000394    0.047646
2459940.984271    3.319161    0.000395    0.047953
2459940.987743    3.293885    0.000386    0.048253
2459940.991215    3.288364    0.000384    0.048552
2459940.994687    3.260856    0.000374    0.048847
2459940.998160    3.267109    0.000377    0.049135
2459941.001632    3.278421    0.000380    0.049427
2459941.005104    3.274156    0.000379    0.049697
2459941.008576    3.250672    0.000371    0.049961
2459941.012049    3.234711    0.000365    0.050226
2459941.015521    3.249324    0.000370    0.050486
2459941.018993    3.231966    0.000365    0.050721
2459941.022465    3.221826    0.000361    0.050952
2459941.025937    3.219646    0.000360    0.051174
2459941.029410    3.228793    0.000363    0.051380
2459941.032882    3.218252    0.000360    0.051587
2459941.036354    3.211634    0.000358    0.051769
2459941.039826    3.216602    0.000359    0.051940
2459941.043299    3.202698    0.000355    0.052103
2459941.046771    3.220809    0.000361    0.052248
2459941.050243    3.200336    0.000354    0.052379
2459941.053715    3.197414    0.000353    0.052497
2459941.057187    3.199330    0.000354    0.052604
2459941.060660    3.201751    0.000355    0.052692
2459941.064132    3.186458    0.000350    0.052768
2459941.067604    3.202557    0.000355    0.052822
2459941.071076    3.195355    0.000352    0.052870
2459941.074549    3.188854    0.000350    0.052901
2459941.078021    3.184630    0.000349    0.052912
2459941.081493    3.190893    0.000351    0.052909
2459941.084965    3.186691    0.000350    0.052892
2459941.088437    3.191675    0.000351    0.052862
2459941.091910    3.213495    0.000358    0.052816
2459941.095382    3.192243    0.000351    0.052752
2459941.098854    3.197953    0.000353    0.052667
2459941.102326    3.183344    0.000349    0.052581
2459941.105799    3.201681    0.000354    0.052478
2459941.109271    3.199840    0.000354    0.052353
2459941.112743    3.200663    0.000354    0.052209
2459941.116215    3.219715    0.000360    0.052063
2459941.119687    3.210686    0.000357    0.051906
2459941.123160    3.220780    0.000361    0.051729
2459941.126632    3.231215    0.000364    0.051535
2459941.130104    3.215672    0.000359    0.051330
2459941.133576    3.215940    0.000359    0.051122
2459941.137049    3.239026    0.000367    0.050900
2459941.140521    3.238126    0.000367    0.050661
2459941.143993    3.237956    0.000367    0.050413
2459941.147465    3.252580    0.000371    0.050161
2459941.150937    3.267410    0.000377    0.049895
2459941.154410    3.265302    0.000376    0.049629
2459941.157882    3.276121    0.000380    0.049342
2459941.161354    3.274535    0.000379    0.049054
2459941.164826    3.270993    0.000378    0.048760
2459941.168299    3.282298    0.000382    0.048464
2459941.171771    3.288596    0.000384    0.048158
2459941.175243    3.305003    0.000390    0.047851
2459941.178715    3.310319    0.000392    0.047539
2459941.182187    3.332240    0.000400    0.047222
2459941.185660    3.325105    0.000397    0.046914
2459941.189132    3.327171    0.000398    0.046595
