2459945.698542	1.006104	0.004094
2459945.704097	0.962683	0.042641
2459945.709653	0.963877	0.036393
2459945.715208	1.037995	0.042465
2459945.720764	0.992182	0.001387
2459945.726319	0.986034	0.000151
2459945.731875	0.996578	0.015082
2459945.737431	0.976532	0.000204
2459945.742986	0.928585	0.043477
2459945.748542	0.963748	0.003652
2459945.754097	0.970343	0.007373
2459945.759653	0.950831	0.007458
2459945.765208	0.979726	0.025765
2459945.770764	0.946731	0.002544
2459945.776319	0.960287	0.015494
2459945.781875	0.964110	0.023451
2459945.787431	0.952057	0.015405
2459945.792986	0.914233	0.018481
2459945.798542	0.926813	0.002098
2459945.804097	0.926871	0.001900
2459945.809653	0.941162	0.019832
2459945.815208	0.930561	0.012865
2459945.820764	0.929822	0.015722
2459945.826319	0.939693	0.028961
2459945.831875	0.878170	0.029299
2459945.837431	0.887462	0.017101
2459945.842986	0.898744	0.002897
2459945.848542	0.906984	0.008039
2459945.854097	0.907477	0.011323
2459945.859653	0.884727	0.008709
2459945.865208	0.912724	0.021579
2459945.870764	0.902100	0.012956
2459945.876319	0.852503	0.034616
2459945.881875	0.883266	0.001995
2459945.887431	0.898587	0.015106
2459945.892986	0.884182	0.002301
2459945.898542	0.922421	0.042278
2459945.904097	0.858136	0.020608
2459945.909653	0.881999	0.004093
2459945.915208	0.855381	0.021800
2459945.920764	0.871330	0.005164
2459945.926319	0.821903	0.053857
2459945.931875	0.871607	0.003504
2459945.937431	0.866104	0.008807
2459945.942986	0.897048	0.022177
2459945.948542	0.868531	0.006361
2459945.954097	0.870567	0.004279
2459945.959653	0.884093	0.009075
2459945.965208	0.889016	0.013722
2459945.970764	0.878256	0.002499
2459945.976319	0.871264	0.005156
2459945.981875	0.904147	0.027107
2459945.987431	0.899113	0.021540
2459945.992986	0.882402	0.003965
2459945.998542	0.868763	0.010459
2459946.004097	0.894341	0.014140
2459946.009653	0.898039	0.016681
2459946.015208	0.881640	0.000678
2459946.020764	0.876609	0.006807
2459946.026319	0.853606	0.030945
2459946.031875	0.855696	0.030036
2459946.037431	0.883260	0.003644
2459946.042986	0.872911	0.014982
2459946.048542	0.890244	0.001222
2459946.054097	0.884064	0.006088
2459946.059653	0.871467	0.019614
2459946.065208	0.904166	0.011908
2459946.070764	0.891953	0.001205
2459946.076319	0.911263	0.017323
2459946.081875	0.923172	0.028467
2459946.087431	0.889577	0.005644
2459946.092986	0.884261	0.011499
2459946.098542	0.905551	0.009194
2459946.104097	0.882905	0.013866
2459946.109653	0.893022	0.003957
2459946.115208	0.892486	0.004646
2459946.120764	0.884449	0.012548
2459946.126319	0.891684	0.004788
2459946.131875	0.913743	0.017771
2459946.137431	0.913690	0.018372
2459946.142986	0.904827	0.010370
2459946.148542	0.904317	0.010950
2459946.154097	0.896911	0.004776
2459946.159653	0.869455	0.021152
2459946.165208	0.868614	0.020187
2459946.170764	0.900647	0.013800
2459946.176319	0.898126	0.013376
2459946.181875	0.875390	0.006929
2459946.187431	0.893426	0.013764
2459946.192986	0.880897	0.003925
2459946.198542	0.884487	0.010537
2459946.204097	0.888542	0.018192
2459946.209653	0.923960	0.057702
2459946.215208	0.895803	0.033273
2459946.220764	0.844152	0.014873
2459946.226319	0.845196	0.009680
2459946.231875	0.825749	0.024414
2459946.237431	0.854897	0.009591
2459946.242986	0.839184	0.000815
2459946.248542	0.829886	0.004902
2459946.254097	0.827170	0.002676
2459946.259653	0.865720	0.041110
2459946.265208	0.828703	0.009790
2459946.270764	0.829943	0.017027
2459946.276319	0.804550	0.002041
2459946.281875	0.828494	0.028029
2459946.287431	0.797441	0.002719
2459946.670764	1.259811	0.017448
2459946.676319	1.251903	0.004033
2459946.681875	1.259396	0.009697
2459946.687431	1.276432	0.005354
2459946.692986	1.289326	0.004741
2459946.698542	1.310595	0.004564
2459946.704097	1.311527	0.006160
2459946.709653	1.319088	0.009626
2459946.715208	1.362552	0.023381
2459946.720764	1.329906	0.019125
2459946.726319	1.363532	0.005105
2459946.731875	1.365463	0.001618
2459946.737431	1.395512	0.020325
2459946.742986	1.384480	0.001812
2459946.748542	1.372090	0.017371
2459946.754097	1.396300	0.000434
2459946.759653	1.422550	0.020952
2459946.765208	1.416200	0.009627
2459946.770764	1.429891	0.018843
2459946.776319	1.448493	0.033627
2459946.781875	1.429101	0.011294
2459946.787431	1.399751	0.020358
2459946.792986	1.410142	0.011686
2459946.798542	1.393888	0.028885
2459946.804097	1.423909	0.001012
2459946.809653	1.403655	0.018780
2459946.815208	1.428456	0.007245
2459946.820764	1.427599	0.008353
2459946.826319	1.396272	0.020328
2459946.831875	1.443438	0.030288
2459946.837431	1.399067	0.010016
2459946.842986	1.381046	0.023442
2459946.848542	1.397503	0.001610
2459946.854097	1.393592	0.000503
2459946.859653	1.383379	0.003085
2459946.865208	1.397282	0.018204
2459946.870764	1.340000	0.031111
2459946.876319	1.350513	0.011941
2459946.881875	1.345971	0.007104
2459946.887431	1.327400	0.015716
2459946.892986	1.340879	0.008571
2459946.898542	1.328356	0.007526
2459946.904097	1.331469	0.022487
2459946.909653	1.298149	0.001693
2459946.915208	1.317220	0.033764
2459946.920764	1.267777	0.001998
2459946.926319	1.230460	0.025060
2459946.931875	1.239673	0.000937
2459946.937431	1.214353	0.010750
2459946.942986	1.218860	0.009596
2459946.948542	1.200497	0.007229
2459946.954097	1.133526	0.043517
2459946.959653	1.170841	0.010613
2459946.965208	1.111698	0.031060
2459946.970764	1.126014	0.001056
2459946.976319	1.104441	0.002733
2459946.981875	1.060331	0.028474
2459946.987431	1.049260	0.021016
2459946.992986	1.028492	0.022733
2459946.998542	1.041617	0.009485
2459947.004097	1.036444	0.023118
2459947.009653	0.975920	0.018407
2459947.015208	0.979321	0.004080
2459947.020764	0.951296	0.004853
2459947.026319	0.908917	0.028302
2459947.031875	0.906470	0.011608
2459947.037431	0.925195	0.026213
2459947.042986	0.883015	0.002689
2459947.048542	0.859299	0.002732
2459947.054097	0.827769	0.016065
2459947.059653	0.822657	0.003644
2459947.065208	0.815804	0.006783
2459947.070764	0.781490	0.010417
2459947.076319	0.772287	0.003157
2459947.081875	0.756546	0.002926
2459947.087431	0.744892	0.000708
2459947.092986	0.726524	0.003219
2459947.098542	0.697542	0.018172
2459947.104097	0.691473	0.010978
2459947.109653	0.677924	0.011941
2459947.115208	0.681987	0.004255
2459947.120764	0.684097	0.017269
2459947.126319	0.622635	0.034083
2459947.131875	0.610828	0.036442
2459947.137431	0.611107	0.027494
2459947.142986	0.633425	0.002764
2459947.148542	0.588196	0.035429
2459947.154097	0.610619	0.007180
2459947.159653	0.618770	0.006215
2459947.165208	0.585104	0.022655
2459947.170764	0.621358	0.017206
2459947.176319	0.599612	0.001820
2459947.181875	0.588879	0.010349
2459947.187431	0.585827	0.011904
2459947.192986	0.567371	0.029840
2459947.198542	0.611140	0.013780
2459947.204097	0.594541	0.003740
2459947.209653	0.590226	0.009298
2459947.215208	0.625409	0.023756
2459947.220764	0.599949	0.004556
2459947.226319	0.605818	0.002321
2459947.231875	0.620032	0.008068
2459947.237431	0.583803	0.032610
2459947.242986	0.610988	0.010443
2459947.248542	0.633241	0.006200
2459947.254097	0.626722	0.006378
2459947.259653	0.600404	0.039083
2459947.265208	0.626947	0.019425
2459947.270764	0.634449	0.019244
2459947.276319	0.677046	0.015832
2459947.281875	0.663644	0.005426
2459947.287431	0.696192	0.018962
2459947.670764	1.061920	0.020483
2459947.676319	1.029617	0.015843
2459947.681875	1.046906	0.002510
2459947.687431	1.055375	0.001688
2459947.692986	1.067491	0.009614
2459947.698542	1.074243	0.012149
2459947.704097	1.072710	0.005999
2459947.709653	1.085423	0.014123
2459947.715208	1.051970	0.023966
2459947.720764	1.062081	0.018651
2459947.726319	1.064808	0.020731
2459947.731875	1.072993	0.017592
2459947.737431	1.095758	0.000008
2459947.742986	1.109075	0.008112
2459947.748542	1.083686	0.022357
2459947.754097	1.094023	0.017356
2459947.759653	1.106684	0.010094
2459947.765208	1.113839	0.008151
2459947.770764	1.084301	0.043151
2459947.776319	1.154029	0.021177
2459947.781875	1.160062	0.021589
2459947.787431	1.134806	0.009356
2459947.792986	1.137561	0.011925
2459947.798542	1.162128	0.007335
2459947.804097	1.169459	0.009172
2459947.809653	1.180930	0.015031
2459947.815208	1.161556	0.009521
2459947.820764	1.178800	0.002618
2459947.826319	1.169135	0.012187
2459947.831875	1.206059	0.019506
2459947.837431	1.195197	0.003532
2459947.842986	1.182628	0.014142
2459947.848542	1.184876	0.016764
2459947.854097	1.231724	0.025485
2459947.859653	1.205143	0.005575
2459947.865208	1.222347	0.007012
2459947.870764	1.195039	0.024687
2459947.876319	1.227102	0.003186
2459947.881875	1.267056	0.039217
2459947.887431	1.221254	0.010541
2459947.892986	1.279787	0.044253
2459947.898542	1.226442	0.012603
2459947.904097	1.246699	0.004022
2459947.909653	1.225882	0.020326
2459947.915208	1.235696	0.013457
2459947.920764	1.251983	0.000024
2459947.926319	1.245601	0.008919
2459947.931875	1.246849	0.010062
2459947.937431	1.227539	0.031582
2459947.942986	1.266004	0.004865
2459947.948542	1.258745	0.004534
2459947.954097	1.239212	0.025890
2459947.959653	1.253871	0.012820
2459947.965208	1.256385	0.011601
2459947.970764	1.270226	0.001237
2459947.976319	1.291237	0.021314
2459947.981875	1.253768	0.016670
2459947.987431	1.240377	0.030640
2459947.992986	1.270006	0.001083
2459947.998542	1.256605	0.014623
2459948.004097	1.265514	0.005566
2459948.009653	1.304078	0.033280
2459948.015208	1.276077	0.005693
2459948.020764	1.272399	0.002522
2459948.026319	1.253459	0.015724
2459948.031875	1.275071	0.006759
2459948.037431	1.287512	0.020243
2459948.042986	1.240907	0.025043
2459948.048542	1.243430	0.021146
2459948.054097	1.282612	0.019687
2459948.059653	1.231781	0.029347
2459948.065208	1.249043	0.010021
2459948.070764	1.301512	0.044585
2459948.076319	1.234265	0.020513
2459948.081875	1.256929	0.004450
2459948.087431	1.250073	0.000114
2459948.092986	1.235579	0.011810
2459948.098542	1.242109	0.002442
2459948.104097	1.224044	0.017679
2459948.109653	1.243028	0.004395
2459948.115208	1.240769	0.005328
2459948.120764	1.245123	0.012521
2459948.126319	1.260567	0.030973
2459948.131875	1.187154	0.039265
2459948.137431	1.241371	0.018486
2459948.142986	1.180354	0.039190
2459948.148542	1.228480	0.012288
2459948.154097	1.196272	0.016073
2459948.159653	1.226290	0.017834
2459948.165208	1.207789	0.003113
2459948.170764	1.212257	0.011538
2459948.176319	1.176438	0.020170
2459948.181875	1.192263	0.000400
2459948.187431	1.171230	0.017553
2459948.192986	1.179254	0.005378
2459948.198542	1.175522	0.004955
2459948.204097	1.151057	0.025384
2459948.209653	1.173483	0.001168
2459948.215208	1.154380	0.013561
2459948.220764	1.129760	0.033951
2459948.226319	1.163384	0.004065
2459948.231875	1.148654	0.005928
2459948.237431	1.138959	0.010853
2459948.242986	1.127674	0.017495
2459948.248542	1.161969	0.021312
2459948.254097	1.119595	0.016465
2459948.259653	1.169148	0.037713
2459948.265208	1.129655	0.002898
2459948.270764	1.121409	0.000496
2459948.276319	1.092767	0.024401
2459948.281875	1.078436	0.033715
2459948.287431	1.095929	0.011107
2459948.670764	0.790798	0.001786
2459948.676319	0.782423	0.007620
2459948.681875	0.805779	0.014627
2459948.687431	0.787108	0.005559
2459948.692986	0.765976	0.028388
2459948.698542	0.807317	0.011143
2459948.704097	0.774481	0.023794
2459948.709653	0.790109	0.010385
2459948.715208	0.803787	0.000827
2459948.720764	0.825692	0.020115
2459948.726319	0.802867	0.005363
2459948.731875	0.796526	0.014645
2459948.737431	0.814152	0.000056
2459948.742986	0.844857	0.027603
2459948.748542	0.818944	0.001633
2459948.754097	0.829829	0.005939
2459948.759653	0.843301	0.015926
2459948.765208	0.797916	0.032836
2459948.770764	0.841066	0.006859
2459948.776319	0.831425	0.006421
2459948.781875	0.856172	0.014808
2459948.787431	0.847571	0.002670
2459948.792986	0.856621	0.008244
2459948.798542	0.846514	0.005480
2459948.804097	0.875186	0.019533
2459948.809653	0.847661	0.011512
2459948.815208	0.866205	0.003473
2459948.820764	0.857278	0.008880
2459948.826319	0.862538	0.007122
2459948.831875	0.871984	0.001125
2459948.837431	0.868178	0.008221
2459948.842986	0.885769	0.006231
2459948.848542	0.875140	0.007500
2459948.854097	0.884923	0.000733
2459948.859653	0.888519	0.000119
2459948.865208	0.899918	0.008788
2459948.870764	0.906220	0.012328
2459948.876319	0.873710	0.022793
2459948.881875	0.910546	0.011627
2459948.887431	0.901452	0.000312
2459948.892986	0.893608	0.009849
2459948.898542	0.897171	0.008136
2459948.904097	0.905312	0.002058
2459948.909653	0.924072	0.014792
2459948.915208	0.940083	0.029310
2459948.920764	0.928967	0.017123
2459948.926319	0.907747	0.005124
2459948.931875	0.916101	0.001764
2459948.937431	0.915586	0.000044
2459948.942986	0.924241	0.007895
2459948.948542	0.952250	0.035382
2459948.954097	0.899896	0.017512
2459948.959653	0.906169	0.011509
2459948.965208	0.925117	0.007517
2459948.970764	0.900949	0.016645
2459948.976319	0.911923	0.005598
2459948.981875	0.937017	0.019773
2459948.987431	0.932488	0.015720
2459948.992986	0.916265	0.000017
2459948.998542	0.927337	0.011799
2459949.004097	0.927293	0.012844
2459949.009653	0.920744	0.007469
2459949.015208	0.937901	0.025942
2459949.020764	0.887910	0.022494
2459949.026319	0.902875	0.005944
2459949.031875	0.898590	0.008500
2459949.037431	0.916688	0.011415
2459949.042986	0.915552	0.012397
2459949.048542	0.902589	0.001458
2459949.054097	0.874672	0.024228
2459949.059653	0.911670	0.015458
2459949.065208	0.875639	0.018004
2459949.070764	0.885209	0.005684
2459949.076319	0.905768	0.017839
2459949.081875	0.877573	0.007350
2459949.087431	0.884217	0.002354
2459949.092986	0.903036	0.024416
2459949.098542	0.859493	0.015781
2459949.104097	0.888124	0.016231
2459949.109653	0.835888	0.032309
2459949.115208	0.857064	0.007367
2459949.120764	0.871031	0.010515
2459949.126319	0.859375	0.002842
2459949.131875	0.839224	0.013240
2459949.137431	0.861201	0.012937
2459949.142986	0.837600	0.006424
2459949.148542	0.780090	0.059500
2459949.154097	0.862521	0.027354
2459949.159653	0.826838	0.003709
2459949.165208	0.802300	0.023593
2459949.170764	0.831128	0.010034
2459949.176319	0.831235	0.014833
2459949.181875	0.804773	0.006677
2459949.187431	0.801825	0.004656
2459949.192986	0.816565	0.015173
2459949.198542	0.794788	0.001623
2459949.204097	0.813336	0.022052
2459949.209653	0.777735	0.008286
2459949.215208	0.752785	0.028149
2459949.220764	0.789079	0.013465
2459949.226319	0.781785	0.011386
2459949.231875	0.750417	0.014685
2459949.237431	0.739882	0.019946
2459949.242986	0.743449	0.011121
2459949.248542	0.732524	0.016640
2459949.254097	0.719237	0.024880
2459949.259653	0.736741	0.002111
2459949.265208	0.748315	0.014692
2459949.270764	0.766227	0.037632
2459949.276319	0.704587	0.018966
2459949.281875	0.710544	0.008184
2459949.287431	0.692282	0.021684
2459949.670764	1.229719	0.002505
2459949.676319	1.226335	0.019185
2459949.681875	1.242412	0.016247
2459949.687431	1.261784	0.009623
2459949.692986	1.294885	0.010949
2459949.698542	1.305340	0.009188
2459949.704097	1.319326	0.011367
2459949.709653	1.304267	0.014883
2459949.715208	1.302085	0.027745
2459949.720764	1.323421	0.016817
2459949.726319	1.323558	0.026388
2459949.731875	1.365059	0.005657
2459949.737431	1.363862	0.004421
2459949.742986	1.378612	0.001788
2459949.748542	1.419040	0.034061
2459949.754097	1.372858	0.019811
2459949.759653	1.398708	0.000968
2459949.765208	1.416776	0.010648
2459949.770764	1.424729	0.012690
2459949.776319	1.409996	0.007178
2459949.781875	1.440470	0.018678
2459949.787431	1.470042	0.044211
2459949.792986	1.437740	0.008464
2459949.798542	1.423093	0.008920
2459949.804097	1.442148	0.007873
2459949.809653	1.411489	0.024524
2459949.815208	1.466767	0.029611
2459949.820764	1.430270	0.007374
2459949.826319	1.425304	0.012170
2459949.831875	1.452408	0.015760
2459949.837431	1.438511	0.003307
2459949.842986	1.418220	0.014811
2459949.848542	1.435613	0.005316
2459949.854097	1.469455	0.042629
2459949.859653	1.394730	0.028023
2459949.865208	1.398428	0.019545
2459949.870764	1.419750	0.007150
2459949.876319	1.399803	0.006715
2459949.881875	1.414996	0.015200
2459949.887431	1.384094	0.008477
2459949.892986	1.372298	0.012357
2459949.898542	1.389020	0.013000
2459949.904097	1.363882	0.003021
2459949.909653	1.368223	0.011070
2459949.915208	1.365645	0.018871
2459949.920764	1.337073	0.001175
2459949.926319	1.331280	0.006701
2459949.931875	1.324413	0.011724
2459949.937431	1.315976	0.015626
2459949.942986	1.294245	0.006832
2459949.948542	1.269901	0.004019
2459949.954097	1.255987	0.003857
2459949.959653	1.232389	0.012886
2459949.965208	1.245909	0.015733
2459949.970764	1.221957	0.007041
2459949.976319	1.192133	0.006970
2459949.981875	1.197535	0.014554
2459949.987431	1.181581	0.015271
2459949.992986	1.147516	0.001622
2459949.998542	1.114888	0.016747
2459950.004097	1.097602	0.016866
2459950.009653	1.106486	0.009386
2459950.015208	1.080499	0.001333
2459950.020764	1.045884	0.015293
2459950.026319	1.018988	0.024313
2459950.031875	1.014065	0.011156
2459950.037431	1.025475	0.018402
2459950.042986	0.998493	0.009926
2459950.048542	0.968657	0.001737
2459950.054097	0.945529	0.006969
2459950.059653	0.926126	0.008658
2459950.065208	0.923279	0.005908
2459950.070764	0.900530	0.000225
2459950.076319	0.881743	0.001455
2459950.081875	0.846404	0.020122
2459950.087431	0.833397	0.016812
2459950.092986	0.836634	0.002060
2459950.098542	0.803431	0.016036
2459950.104097	0.795161	0.009840
2459950.109653	0.817973	0.027032
2459950.115208	0.742949	0.034478
2459950.120764	0.771270	0.006676
2459950.126319	0.738852	0.013714
2459950.131875	0.776550	0.034999
2459950.137431	0.705132	0.025993
2459950.142986	0.727161	0.005826
2459950.148542	0.737540	0.025054
2459950.154097	0.692670	0.011624
2459950.159653	0.683298	0.013725
2459950.165208	0.678230	0.012518
2459950.170764	0.661192	0.023875
2459950.176319	0.657798	0.022379
2459950.181875	0.651439	0.024912
2459950.187431	0.708694	0.035541
2459950.192986	0.675732	0.005003
2459950.198542	0.653437	0.015680
2459950.204097	0.663138	0.005175
2459950.209653	0.689256	0.021029
2459950.215208	0.684718	0.015805
2459950.220764	0.675568	0.005345
2459950.226319	0.685087	0.012787
2459950.231875	0.653628	0.021336
2459950.237431	0.682588	0.004375
2459950.242986	0.708845	0.026777
2459950.248542	0.688780	0.002176
2459950.254097	0.663654	0.028000
2459950.259653	0.701816	0.004672
2459950.265208	0.682930	0.019999
2459950.270764	0.728807	0.019491
2459950.276319	0.723262	0.007075
2459950.281875	0.677991	0.045474
2459950.287431	0.733789	0.002776
2459950.670764	0.976898	0.007916
2459950.676319	1.024673	0.037891
2459950.681875	0.985513	0.003354
2459950.687431	1.007167	0.015903
2459950.692986	1.027615	0.033675
2459950.698542	0.980642	0.016456
2459950.704097	1.023483	0.022978
2459950.709653	1.006450	0.002342
2459950.715208	1.004957	0.003255
2459950.720764	1.020667	0.007965
2459950.726319	1.043603	0.026231
2459950.731875	1.044498	0.021863
2459950.737431	1.009413	0.018500
2459950.742986	1.033845	0.000363
2459950.748542	1.033080	0.006202
2459950.754097	1.033897	0.012094
2459950.759653	1.043215	0.009204
2459950.765208	1.071808	0.012620
2459950.770764	1.078289	0.012075
2459950.776319	1.037200	0.036549
2459950.781875	1.101433	0.019847
2459950.787431	1.052555	0.036537
2459950.792986	1.080149	0.016741
2459950.798542	1.117989	0.012690
2459950.804097	1.095578	0.018150
2459950.809653	1.128925	0.006635
2459950.815208	1.140752	0.010078
2459950.820764	1.138844	0.000352
2459950.826319	1.141022	0.007002
2459950.831875	1.170492	0.013672
2459950.837431	1.151891	0.013896
2459950.842986	1.163173	0.011308
2459950.848542	1.172201	0.010868
2459950.854097	1.190589	0.001230
2459950.859653	1.178569	0.022091
2459950.865208	1.198917	0.010756
2459950.870764	1.194911	0.023383
2459950.876319	1.199644	0.027009
2459950.881875	1.248352	0.013547
2459950.887431	1.227254	0.015620
2459950.892986	1.249290	0.001395
2459950.898542	1.247585	0.011303
2459950.904097	1.234743	0.031791
2459950.909653	1.278716	0.004685
2459950.915208	1.282751	0.001535
2459950.920764	1.279328	0.008756
2459950.926319	1.305759	0.010820
2459950.931875	1.341681	0.040078
2459950.937431	1.314451	0.006343
2459950.942986	1.321462	0.007597
2459950.948542	1.342844	0.023205
2459950.954097	1.350947	0.026255
2459950.959653	1.340909	0.011293
2459950.965208	1.323881	0.010257
2459950.970764	1.369170	0.030582
2459950.976319	1.338188	0.004628
2459950.981875	1.309001	0.037414
2459950.987431	1.329969	0.019749
2459950.992986	1.368368	0.015914
2459950.998542	1.338869	0.016151
2459951.004097	1.327489	0.029705
2459951.009653	1.358069	0.000778
2459951.015208	1.349240	0.011118
2459951.020764	1.386521	0.025129
2459951.026319	1.359288	0.002899
2459951.031875	1.350404	0.012054
2459951.037431	1.370191	0.007824
2459951.042986	1.396408	0.034500
2459951.048542	1.388213	0.027325
2459951.054097	1.363141	0.003628
2459951.059653	1.348295	0.009479
2459951.065208	1.340562	0.015291
2459951.070764	1.322549	0.030960
2459951.076319	1.332868	0.018095
2459951.081875	1.354623	0.006656
2459951.087431	1.339941	0.004638
2459951.092986	1.344352	0.003464
2459951.098542	1.337962	0.001313
2459951.104097	1.315538	0.016702
2459951.109653	1.327062	0.000500
2459951.115208	1.325625	0.003007
2459951.120764	1.311145	0.006103
2459951.126319	1.304021	0.007492
2459951.131875	1.259993	0.045223
2459951.137431	1.311119	0.012609
2459951.142986	1.297299	0.005658
2459951.148542	1.298120	0.013476
2459951.154097	1.288481	0.010912
2459951.159653	1.277999	0.008036
2459951.165208	1.247617	0.014763
2459951.170764	1.230062	0.024487
2459951.176319	1.247063	0.000790
2459951.181875	1.231237	0.006473
2459951.187431	1.267515	0.038390
2459951.192986	1.219818	0.000355
2459951.198542	1.244099	0.033298
2459951.204097	1.210391	0.008913
2459951.209653	1.202530	0.010352
2459951.215208	1.180736	0.001924
2459951.220764	1.165113	0.008003
2459951.226319	1.162047	0.001327
2459951.231875	1.121490	0.031690
2459951.237431	1.117298	0.025629
2459951.242986	1.131123	0.001447
2459951.248542	1.096061	0.026092
2459951.672847	0.624977	0.020996
2459951.679097	0.698014	0.047220
2459951.685347	0.692108	0.036095
2459951.691597	0.688529	0.026823
2459951.697847	0.671398	0.003704
2459951.704097	0.672340	0.001766
2459951.710347	0.673213	0.007655
2459951.716597	0.664690	0.023263
2459951.722847	0.674751	0.020490
2459951.729097	0.697009	0.005954
2459951.735347	0.716784	0.005904
2459951.741597	0.703448	0.015519
2459951.747847	0.709808	0.017652
2459951.754097	0.752459	0.016370
2459951.760347	0.728817	0.015922
2459951.766597	0.770472	0.016726
2459951.772847	0.798875	0.036055
2459951.779097	0.793363	0.021561
2459951.785347	0.776087	0.004931
2459951.791597	0.807934	0.017628
2459951.797847	0.791549	0.007871
2459951.804097	0.820707	0.012059
2459951.810347	0.800729	0.017192
2459951.816597	0.829186	0.002367
2459951.822847	0.838581	0.002832
2459951.829097	0.848951	0.003888
2459951.835347	0.836131	0.017738
2459951.841597	0.859510	0.002363
2459951.847847	0.882868	0.012496
2459951.854097	0.882089	0.002800
2459951.860347	0.877942	0.009393
2459951.866597	0.878040	0.016469
2459951.872847	0.936288	0.034544
2459951.879097	0.916914	0.007337
2459951.885347	0.901500	0.015141
2459951.891597	0.929632	0.006664
2459951.897847	0.925648	0.003447
2459951.904097	0.924951	0.010273
2459951.910347	0.942484	0.001524
2459951.916597	0.941244	0.004861
2459951.922847	0.935902	0.015047
2459951.929097	0.962894	0.007483
2459951.935347	1.019112	0.059581
2459951.941597	0.955988	0.007190
2459951.947847	0.967932	0.001413
2459951.954097	0.950718	0.018638
2459951.960347	0.989494	0.017762
2459951.966597	0.963907	0.009788
2459951.972847	0.984626	0.009276
2459951.979097	0.993801	0.017260
2459951.985347	0.996662	0.019494
2459951.991597	0.942669	0.034725
2459951.997847	0.980302	0.003017
2459952.004097	0.987280	0.010481
2459952.010347	0.986734	0.011049
2459952.016597	0.971989	0.002180
2459952.022847	0.951824	0.020566
2459952.029097	0.994446	0.024240
2459952.035347	0.951089	0.016371
2459952.041597	0.987894	0.023560
2459952.047847	0.951699	0.009180
2459952.054097	0.925451	0.031754
2459952.060347	0.966591	0.013655
2459952.066597	0.926753	0.021443
2459952.072847	0.983976	0.040560
2459952.079097	0.965013	0.026642
2459952.085347	0.914034	0.018644
2459952.091597	0.910234	0.016407
2459952.097847	0.905641	0.015084
2459952.104097	0.907780	0.006735
2459952.110347	0.888057	0.019623
2459952.116597	0.925608	0.024998
2459952.122847	0.892800	0.001097
2459952.129097	0.895369	0.008742
2459952.135347	0.874836	0.003873
2459952.141597	0.888607	0.017086
2459952.147847	0.846362	0.017765
2459952.154097	0.847662	0.008181
2459952.160347	0.839147	0.008570
2459952.166597	0.830857	0.009642
2459952.172847	0.867952	0.035616
2459952.179097	0.808557	0.015076
2459952.185347	0.821807	0.005400
2459952.191597	0.791374	0.017152
2459952.197847	0.799202	0.000904
2459952.204097	0.799537	0.006605
2459952.210347	0.783955	0.001342
2459952.216597	0.807921	0.030578
2459952.222847	0.793994	0.023303
2459952.229097	0.729756	0.033724
2459952.235347	0.746547	0.009661
2459952.241597	0.754651	0.004407
2459952.247847	0.735875	0.007837
2459952.254097	0.730664	0.006872
2459952.260347	0.714730	0.017633
2459952.266597	0.744034	0.017461
2459952.272847	0.731310	0.009365
2459952.279097	0.681633	0.035973
2459952.285347	0.702158	0.010721
2459952.291597	0.692534	0.017298
2459952.672847	1.255429	0.004176
2459952.679097	1.290272	0.027225
2459952.685347	1.245942	0.028512
2459952.691597	1.285812	0.000537
2459952.697847	1.290801	0.004954
2459952.704097	1.305482	0.000406
2459952.710347	1.313741	0.001708
2459952.716597	1.310649	0.014035
2459952.722847	1.312904	0.021153
2459952.729097	1.355560	0.012672
2459952.735347	1.360275	0.009211
2459952.741597	1.330561	0.028137
2459952.747847	1.362248	0.003611
2459952.754097	1.375739	0.003309
2459952.760347	1.351157	0.027204
2459952.766597	1.376726	0.007178
2459952.772847	1.408547	0.019672
2459952.779097	1.382546	0.010952
2459952.785347	1.398067	0.000375
2459952.791597	1.413218	0.011939
2459952.797847	1.417262	0.012881
2459952.804097	1.450244	0.043488
2459952.810347	1.423196	0.014746
2459952.816597	1.440684	0.031188
2459952.822847	1.402767	0.007248
2459952.829097	1.390596	0.019135
2459952.835347	1.406985	0.001908
2459952.841597	1.435938	0.028409
2459952.847847	1.399141	0.006548
2459952.854097	1.404790	0.001519
2459952.860347	1.373704	0.026403
2459952.866597	1.419683	0.023324
2459952.872847	1.381102	0.010768
2459952.879097	1.395931	0.009053
2459952.885347	1.368063	0.013098
2459952.891597	1.368077	0.006721
2459952.897847	1.368816	0.000957
2459952.904097	1.340546	0.019646
2459952.910347	1.337397	0.014559
2459952.916597	1.351068	0.007924
2459952.922847	1.323335	0.010288
2459952.929097	1.331406	0.007710
2459952.935347	1.303275	0.009840
2459952.941597	1.281410	0.020504
2459952.947847	1.316877	0.026389
2459952.954097	1.255287	0.023273
2459952.960347	1.279431	0.013271
2459952.966597	1.257793	0.004545
2459952.972847	1.227187	0.012642
2459952.979097	1.227401	0.001440
2459952.985347	1.181863	0.029758
2459952.991597	1.200274	0.003180
2459952.997847	1.183883	0.001720
2459953.004097	1.200856	0.033914
2459953.010347	1.174821	0.023664
2459953.016597	1.153122	0.018017
2459953.022847	1.095569	0.023439
2459953.029097	1.118545	0.015697
2459953.035347	1.079694	0.007255
2459953.041597	1.079313	0.008670
2459953.047847	1.038707	0.015872
2459953.054097	1.020592	0.017747
2459953.060347	1.011058	0.010958
2459953.066597	0.973751	0.031932
2459953.072847	1.003265	0.013331
2459953.079097	0.970962	0.003416
2459953.085347	0.970918	0.011731
2459953.091597	0.940419	0.003927
2459953.097847	0.932033	0.002472
2459953.104097	0.923719	0.008569
2459953.110347	0.927307	0.025750
2459953.116597	0.899370	0.010803
2459953.122847	0.903895	0.027911
2459953.129097	0.862544	0.001575
2459953.135347	0.870587	0.018078
2459953.141597	0.860380	0.018411
2459953.147847	0.826539	0.005730
2459953.154097	0.823615	0.000509
2459953.160347	0.829204	0.014626
2459953.166597	0.807106	0.000341
2459953.172847	0.791506	0.008413
2459953.179097	0.784008	0.009515
2459953.185347	0.795961	0.007393
2459953.191597	0.789013	0.004908
2459953.197847	0.797045	0.016676
2459953.204097	0.775833	0.001446
2459953.210347	0.803160	0.027907
2459953.216597	0.756315	0.017481
2459953.222847	0.757285	0.015718
2459953.229097	0.766516	0.006570
2459953.235347	0.777281	0.003371
2459953.241597	0.749362	0.025777
2459953.247847	0.796910	0.019672
2459953.254097	0.780296	0.000410
2459953.260347	0.818683	0.035684
2459953.266597	0.764177	0.022587
2459953.272847	0.784538	0.006411
2459953.279097	0.799643	0.003885
2459953.285347	0.831092	0.030478
2459953.291597	0.814641	0.008473
2459953.672847	0.853454	0.017757
2459953.679097	0.876118	0.006211
2459953.685347	0.916260	0.047279
2459953.691597	0.877587	0.008812
2459953.697847	0.881371	0.012184
2459953.704097	0.876152	0.005893
2459953.710347	0.901477	0.029372
2459953.716597	0.860331	0.014235
2459953.722847	0.876399	0.001375
2459953.729097	0.846727	0.035044
2459953.735347	0.896419	0.010069
2459953.741597	0.916568	0.024661
2459953.747847	0.928556	0.030677
2459953.754097	0.904983	0.000062
2459953.760347	0.911942	0.000725
2459953.766597	0.896824	0.023845
2459953.772847	0.930664	0.000905
2459953.779097	0.933824	0.005569
2459953.785347	0.953253	0.003773
2459953.791597	0.957960	0.002067
2459953.797847	0.950135	0.021223
2459953.804097	0.976675	0.006288
2459953.810347	0.988980	0.006357
2459953.816597	1.035208	0.027422
2459953.822847	1.069067	0.048188
2459953.829097	1.032437	0.001756
2459953.835347	1.040612	0.006904
2459953.841597	1.022653	0.038438
2459953.847847	1.069313	0.005892
2459953.854097	1.094420	0.004785
2459953.860347	1.081913	0.021720
2459953.866597	1.128715	0.011155
2459953.872847	1.135119	0.003582
2459953.879097	1.147987	0.002024
2459953.885347	1.143296	0.016980
2459953.891597	1.171911	0.002375
2459953.897847	1.199143	0.011317
2459953.904097	1.204175	0.002767
2459953.910347	1.217318	0.002244
2459953.916597	1.240992	0.012835
2459953.922847	1.221002	0.019775
2459953.929097	1.266800	0.013745
2459953.935347	1.281430	0.016580
2459953.941597	1.278389	0.001564
2459953.947847	1.300778	0.012628
2459953.954097	1.317327	0.018327
2459953.960347	1.333684	0.024465
2459953.966597	1.297770	0.020948
2459953.972847	1.335888	0.007845
2459953.979097	1.330478	0.006069
2459953.985347	1.379044	0.033889
2459953.991597	1.347670	0.005038
2459953.997847	1.351431	0.008337
2459954.004097	1.397859	0.031768
2459954.010347	1.367233	0.004375
2459954.016597	1.376958	0.000253
2459954.022847	1.409930	0.028939
2459954.029097	1.387924	0.003166
2459954.035347	1.400845	0.013070
2459954.041597	1.397362	0.007206
2459954.047847	1.399832	0.008000
2459954.054097	1.401879	0.009131
2459954.060347	1.429838	0.036748
2459954.066597	1.394977	0.002466
2459954.072847	1.397344	0.006053
2459954.079097	1.396958	0.007541
2459954.085347	1.385738	0.001122
2459954.091597	1.366473	0.017279
2459954.097847	1.395577	0.015653
2459954.104097	1.386995	0.011512
2459954.110347	1.357116	0.013143
2459954.116597	1.348537	0.015887
2459954.122847	1.358728	0.000850
2459954.129097	1.364001	0.013118
2459954.135347	1.332427	0.010744
2459954.141597	1.316067	0.018775
2459954.147847	1.336204	0.010425
2459954.154097	1.311930	0.004056
2459954.160347	1.303902	0.001389
2459954.166597	1.278986	0.015345
2459954.172847	1.264437	0.018874
2459954.179097	1.249135	0.022652
2459954.185347	1.241680	0.017805
2459954.191597	1.220225	0.026327
2459954.197847	1.237492	0.004116
2459954.204097	1.226159	0.006429
2459954.210347	1.213427	0.007849
2459954.216597	1.208357	0.017389
2459954.222847	1.158823	0.017137
2459954.229097	1.147472	0.013576
2459954.235347	1.175083	0.029188
2459954.241597	1.133150	0.002811
2459954.247847	1.133639	0.019176
2459954.254097	1.099731	0.001534
2459954.260347	1.084230	0.002377
2459954.266597	1.043463	0.021956
2459954.272847	1.054432	0.005545
2459954.279097	1.034789	0.002421
2459954.285347	1.022575	0.006647
2459954.291597	1.009048	0.009717
2459954.672847	0.691703	0.011592
2459954.679097	0.701764	0.015465
2459954.685347	0.665286	0.027399
2459954.691597	0.675569	0.023827
2459954.697847	0.686656	0.019625
2459954.704097	0.715492	0.002086
2459954.710347	0.725207	0.004692
2459954.716597	0.711310	0.016538
2459954.722847	0.720686	0.014571
2459954.729097	0.751075	0.008336
2459954.735347	0.786020	0.035498
2459954.741597	0.773940	0.015465
2459954.747847	0.759694	0.006692
2459954.754097	0.759213	0.015245
2459954.760347	0.761146	0.021445
2459954.766597	0.789162	0.001613
2459954.772847	0.802250	0.003142
2459954.779097	0.790646	0.016901
2459954.785347	0.820590	0.004594
2459954.791597	0.855291	0.030836
2459954.797847	0.853110	0.020263
2459954.804097	0.821382	0.019946
2459954.810347	0.848776	0.000987
2459954.816597	0.857818	0.000528
2459954.822847	0.854581	0.012147
2459954.829097	0.875657	0.000547
2459954.835347	0.881765	0.001659
2459954.841597	0.879673	0.012111
2459954.847847	0.901296	0.001134
2459954.854097	0.942656	0.034282
2459954.860347	0.924208	0.007798
2459954.866597	0.931373	0.007005
2459954.872847	0.943553	0.011536
2459954.879097	0.958049	0.018058
2459954.885347	0.919600	0.028177
2459954.891597	0.965521	0.010560
2459954.897847	0.973075	0.011269
2459954.904097	0.955614	0.013450
2459954.910347	0.988213	0.012206
2459954.916597	0.980983	0.001779
2459954.922847	0.998531	0.009490
2459954.929097	0.989641	0.005568
2459954.935347	1.000601	0.000542
2459954.941597	0.995951	0.010730
2459954.947847	1.017048	0.004893
2459954.954097	1.018743	0.001403
2459954.960347	1.011421	0.010851
2459954.966597	1.045193	0.018405
2459954.972847	0.988937	0.042128
2459954.979097	1.058985	0.024114
2459954.985347	1.041140	0.002754
2459954.991597	1.045519	0.003845
2459954.997847	1.053491	0.008915
2459955.004097	1.053911	0.006808
2459955.010347	1.012159	0.037195
2459955.016597	1.027728	0.023578
2459955.022847	1.069206	0.016372
2459955.029097	1.019547	0.034439
2459955.035347	1.010210	0.044729
2459955.041597	1.045634	0.009801
2459955.047847	1.052919	0.002541
2459955.054097	1.053114	0.002220
2459955.060347	1.051672	0.003158
2459955.066597	1.061478	0.007786
2459955.072847	1.044381	0.007945
2459955.079097	1.064687	0.014014
2459955.085347	1.068053	0.019427
2459955.091597	1.051634	0.005249
2459955.097847	1.062730	0.018627
2459955.104097	1.046515	0.005099
2459955.110347	1.034611	0.003640
2459955.116597	1.057556	0.023062
2459955.122847	1.028232	0.002617
2459955.129097	1.041553	0.014481
2459955.135347	1.038744	0.015988
2459955.141597	0.996975	0.021159
2459955.147847	1.007456	0.006008
2459955.154097	0.987711	0.020984
2459955.160347	1.001013	0.002759
2459955.166597	0.992281	0.006351
2459955.172847	1.012565	0.019141
2459955.179097	0.980563	0.007799
2459955.185347	0.971992	0.010973
2459955.191597	0.983762	0.006224
2459955.197847	0.977013	0.004976
2459955.204097	0.960642	0.005931
2459955.210347	0.982389	0.021332
2459955.216597	0.940889	0.014639
2459955.222847	0.934781	0.015514
2459955.229097	0.969389	0.024528
2459955.235347	0.968147	0.028445
2459955.241597	0.940490	0.005730
2459955.247847	0.928701	0.001049
2459955.254097	0.927919	0.002622
2459955.260347	0.956305	0.035426
2459955.266597	0.901923	0.014797
2459955.272847	0.922306	0.009294
2459955.279097	0.875454	0.033841
2459955.285347	0.946684	0.040470
2459955.291597	0.890272	0.012866
2459955.672847	1.217605	0.015217
2459955.679097	1.238635	0.000064
2459955.685347	1.228287	0.016146
2459955.691597	1.254170	0.004384
2459955.697847	1.248147	0.006652
2459955.704097	1.312956	0.053264
2459955.710347	1.277241	0.012849
2459955.716597	1.274139	0.005540
2459955.722847	1.285604	0.013413
2459955.729097	1.266887	0.008974
2459955.735347	1.274359	0.004907
2459955.741597	1.295812	0.013380
2459955.747847	1.283554	0.001653
2459955.754097	1.284906	0.003143
2459955.760347	1.294106	0.003697
2459955.766597	1.313160	0.020704
2459955.772847	1.321424	0.027332
2459955.779097	1.283956	0.011322
2459955.785347	1.274593	0.021485
2459955.791597	1.281094	0.015432
2459955.797847	1.315790	0.019108
2459955.804097	1.262683	0.033740
2459955.810347	1.293280	0.002582
2459955.816597	1.305653	0.010778
2459955.822847	1.287166	0.006604
2459955.829097	1.322390	0.030009
2459955.835347	1.294515	0.003845
2459955.841597	1.266961	0.021643
2459955.847847	1.287017	0.000896
2459955.854097	1.285683	0.002467
2459955.860347	1.281310	0.001513
2459955.866597	1.260986	0.015247
2459955.872847	1.292146	0.020150
2459955.879097	1.241269	0.026316
2459955.885347	1.261842	0.000813
2459955.891597	1.233635	0.023782
2459955.897847	1.227449	0.024442
2459955.904097	1.261264	0.015316
2459955.910347	1.235874	0.003911
2459955.916597	1.260252	0.027017
2459955.922847	1.169665	0.056783
2459955.929097	1.189304	0.030039
2459955.935347	1.195490	0.016384
2459955.941597	1.210727	0.006613
2459955.947847	1.214098	0.017995
2459955.954097	1.178984	0.008860
2459955.960347	1.168971	0.010263
2459955.966597	1.205476	0.034977
2459955.972847	1.151410	0.009935
2459955.979097	1.145778	0.006166
2459955.985347	1.142240	0.000054
2459955.991597	1.137944	0.005650
2459955.997847	1.141052	0.018406
2459956.004097	1.107941	0.004817
2459956.010347	1.104228	0.001559
2459956.016597	1.092413	0.000268
2459956.022847	1.057616	0.024502
2459956.029097	1.072869	0.000935
2459956.035347	1.073595	0.012141
2459956.041597	1.043575	0.007648
2459956.047847	1.045878	0.005277
2459956.054097	1.050926	0.020947
2459956.060347	1.025331	0.005794
2459956.066597	0.982919	0.026636
2459956.072847	1.010791	0.011350
2459956.079097	0.977121	0.012446
2459956.085347	1.004895	0.024996
2459956.091597	0.981431	0.011215
2459956.097847	0.953147	0.007430
2459956.104097	0.934090	0.017315
2459956.110347	0.914989	0.027730
2459956.116597	0.926058	0.008265
2459956.122847	0.906802	0.019243
2459956.129097	0.960420	0.042272
2459956.135347	0.912803	0.002343
2459956.141597	0.917531	0.014357
2459956.147847	0.892303	0.004303
2459956.154097	0.910022	0.019675
2459956.160347	0.886101	0.001673
2459956.166597	0.901726	0.023022
2459956.172847	0.840202	0.033434
2459956.179097	0.870085	0.000983
2459956.185347	0.869823	0.004895
2459956.191597	0.878477	0.017136
2459956.197847	0.858666	0.001129
2459956.204097	0.862925	0.008276
2459956.210347	0.861778	0.009025
2459956.216597	0.859609	0.008631
2459956.222847	0.855527	0.006225
2459956.229097	0.858199	0.010142
2459956.235347	0.823762	0.023932
2459956.241597	0.866166	0.018588
2459956.247847	0.824867	0.022688
2459956.254097	0.867713	0.019726
2459956.260347	0.858123	0.009192
2459956.266597	0.820675	0.029620
2459956.272847	0.851756	0.000168
2459956.279097	0.869676	0.016198
2459956.285347	0.846485	0.009203
2459956.291597	0.835241	0.022987
2459956.672847	0.770645	0.012684
2459956.679097	0.737448	0.016103
2459956.685347	0.715188	0.034631
2459956.691597	0.739832	0.006853
2459956.697847	0.762071	0.017739
2459956.704097	0.741371	0.000876
2459956.710347	0.746135	0.004349
2459956.716597	0.708211	0.033652
2459956.722847	0.746074	0.003304
2459956.729097	0.757195	0.012660
2459956.735347	0.724587	0.022733
2459956.741597	0.750943	0.000092
2459956.747847	0.744766	0.010944
2459956.754097	0.796411	0.035195
2459956.760347	0.783942	0.015969
2459956.766597	0.789648	0.014242
2459956.772847	0.808234	0.024546
2459956.779097	0.794573	0.001360
2459956.785347	0.813148	0.009833
2459956.791597	0.827354	0.012905
2459956.797847	0.821913	0.004421
2459956.804097	0.852624	0.013676
2459956.810347	0.825737	0.026544
2459956.816597	0.850994	0.015158
2459956.822847	0.874648	0.006302
2459956.829097	0.881580	0.014467
2459956.835347	0.888490	0.023176
2459956.841597	0.908570	0.019025
2459956.847847	0.941057	0.003113
2459956.854097	0.958148	0.003053
2459956.860347	0.976063	0.002234
2459956.866597	1.002180	0.006553
2459956.872847	1.019973	0.006596
2459956.879097	1.020648	0.010517
2459956.885347	1.032409	0.016292
2459956.891597	1.074139	0.007749
2459956.897847	1.089831	0.005740
2459956.904097	1.089997	0.012148
2459956.910347	1.107359	0.012406
2459956.916597	1.153648	0.016571
2459956.922847	1.168595	0.014511
2459956.929097	1.181005	0.010246
2459956.935347	1.209149	0.021575
2459956.941597	1.195379	0.008532
2459956.947847	1.225962	0.006328
2459956.954097	1.237935	0.002766
2459956.960347	1.241339	0.008745
2459956.966597	1.261896	0.002662
2459956.972847	1.267689	0.010994
2459956.979097	1.300717	0.008382
2459956.985347	1.259045	0.046145
2459956.991597	1.306620	0.010608
2459956.997847	1.328620	0.000182
2459957.004097	1.306379	0.033163
2459957.010347	1.353134	0.003487
2459957.016597	1.361260	0.002082
2459957.022847	1.361475	0.006618
2459957.029097	1.388806	0.012569
2459957.035347	1.399394	0.015813
2459957.041597	1.332459	0.057596
2459957.047847	1.398429	0.002727
2459957.054097	1.422227	0.021627
2459957.060347	1.422560	0.017995
2459957.066597	1.411000	0.003296
2459957.072847	1.406429	0.003722
2459957.079097	1.419704	0.008163
2459957.085347	1.409194	0.002933
2459957.091597	1.418179	0.006422
2459957.097847	1.370870	0.039713
2459957.104097	1.392179	0.016459
2459957.110347	1.384778	0.021140
2459957.116597	1.403509	0.001122
2459957.122847	1.385474	0.012618
2459957.129097	1.381493	0.011397
2459957.135347	1.356836	0.030124
2459957.141597	1.394565	0.014497
2459957.147847	1.341354	0.031096
2459957.154097	1.337905	0.025874
2459957.160347	1.355682	0.001346
2459957.166597	1.313878	0.030366
2459957.172847	1.328167	0.005268
2459957.179097	1.380433	0.058596
2459957.185347	1.334649	0.025220
2459957.191597	1.328082	0.031959
2459957.197847	1.302803	0.020777
2459957.204097	1.250974	0.016440
2459957.210347	1.244502	0.007934
2459957.216597	1.240988	0.004153
2459957.222847	1.262234	0.041269
2459957.229097	1.188076	0.016263
2459957.235347	1.159741	0.026994
2459957.241597	1.190720	0.021658
2459957.247847	1.163039	0.012254
2459957.254097	1.107012	0.024860
2459957.260347	1.096630	0.016103
2459957.266597	1.077806	0.015517
2459957.272847	1.069104	0.004894
2459957.279097	1.073750	0.019484
2459957.285347	1.021059	0.013206
2459957.291597	0.992903	0.021142
