2459939.649028    0.068097    1.361238    0.000428   -0.000322
2459939.658056    0.065524    1.331485    0.000428    0.000770
2459939.667083    0.064205    1.304019    0.000428    0.000721
2459939.676111    0.062832    1.264620    0.000428    0.000132
2459939.685139    0.061389    1.230802    0.000428   -0.000109
2459939.694167    0.059897    1.194592    0.000428   -0.000420
2459939.703194    0.058345    1.162693    0.000428   -0.000456
2459939.712222    0.056714    1.145705    0.000428    0.000329
2459939.721250    0.055105    1.104742    0.000428   -0.000101
2459939.730278    0.053467    1.073308    0.000428   -0.000028
2459939.739306    0.051827    1.045038    0.000428    0.000204
2459939.748333    0.050167    1.017803    0.000428    0.000508
2459939.757361    0.048574    0.967983    0.000428   -0.000380
2459939.766389    0.047017    0.949353    0.000428    0.000251
2459939.775417    0.045501    0.917888    0.000428    0.000200
2459939.784444    0.044076    0.885724    0.000428    0.000023
2459939.793472    0.042743    0.854659    0.000428   -0.000190
2459939.802500    0.041490    0.833762    0.000428    0.000022
2459939.811528    0.040372    0.813469    0.000428    0.000130
2459939.820556    0.039374    0.804814    0.000428    0.000697
2459939.829583    0.038489    0.754964    0.000428   -0.000900
2459939.838611    0.037775    0.749743    0.000428   -0.000446
2459939.847639    0.037184    0.741048    0.000428   -0.000288
2459939.856667    0.036739    0.741443    0.000428    0.000177
2459939.865694    0.036426    0.737559    0.000428    0.000296
2459939.874722    0.036262    0.736901    0.000428    0.000427
2459939.883750    0.036221    0.719242    0.000428   -0.000410
2459939.892778    0.036308    0.738369    0.000428    0.000455
2459939.901806    0.036514    0.735266    0.000428    0.000094
2459939.910833    0.036831    0.729766    0.000428   -0.000496
2459939.919861    0.037255    0.742514    0.000428   -0.000286
2459939.928889    0.037752    0.758527    0.000428    0.000015
2459939.937917    0.038353    0.773536    0.000428    0.000160
2459939.946944    0.039007    0.788517    0.000428    0.000253
2459939.955972    0.039726    0.789722    0.000428   -0.000406
2459939.965000    0.040479    0.820112    0.000428    0.000354
2459939.974028    0.041295    0.830210    0.000428    0.000040
2459939.983056    0.042121    0.840938    0.000428   -0.000251
2459939.992083    0.042959    0.857041    0.000428   -0.000287
2459940.001111    0.043784    0.879044    0.000428   -0.000017
2459940.010139    0.044611    0.893720    0.000428   -0.000114
2459940.019167    0.045385    0.930037    0.000428    0.000921
2459940.028194    0.046199    0.932230    0.000428    0.000216
2459940.037222    0.046935    0.952252    0.000428    0.000477
2459940.046250    0.047636    0.955058    0.000428   -0.000084
2459940.055278    0.048264    0.978132    0.000428    0.000436
2459940.064306    0.048839    0.979819    0.000428   -0.000055
2459940.073333    0.049361    1.006133    0.000428    0.000733
2459940.082361    0.049792    0.997920    0.000428   -0.000106
2459940.091389    0.050166    0.998915    0.000428   -0.000431
2459940.105625    0.050605    1.034295    0.000428    0.000892
2459940.115347    0.050793    1.010895    0.000428   -0.000462
2459940.125069    0.050904    1.016492    0.000428   -0.000294
2459940.134792    0.050924    1.011146    0.000428   -0.000580
2459940.144514    0.050855    1.030473    0.000428    0.000451
2459940.154236    0.050709    1.023941    0.000428    0.000272
2459940.163958    0.050505    1.021266    0.000428    0.000343
2459940.173681    0.050226    1.006261    0.000428   -0.000126
2459940.183403    0.049890    1.003226    0.000428    0.000060
2459940.193125    0.049519    1.002133    0.000428    0.000377
2459940.202847    0.049102    0.988191    0.000428    0.000099
2459940.212569    0.048671    0.970627    0.000428   -0.000344
2459940.222292    0.048221    0.969809    0.000428    0.000065
2459940.232014    0.047767    0.961459    0.000428    0.000103
2459940.241736    0.047301    0.949378    0.000428   -0.000032
2459940.251458    0.046934    0.942461    0.000428   -0.000010
2459940.261181    0.046580    0.935791    0.000428    0.000012
2459940.270903    0.046276    0.938006    0.000428    0.000427
2459940.280625    0.046040    0.942923    0.000428    0.000907
2459940.290347    0.045914    0.922149    0.000428   -0.000001
2459940.300069    0.045861    0.907647    0.000428   -0.000671
2459940.309792    0.045922    0.934597    0.000428    0.000610
2459940.319514    0.046089    0.927751    0.000428    0.000102
2459940.329236    0.046385    0.941081    0.000428    0.000471
2459940.338958    0.046782    0.939037    0.000428   -0.000028
2459940.348681    0.047316    0.946981    0.000428   -0.000167
2459940.358403    0.047958    0.956075    0.000428   -0.000356
2459940.368125    0.048704    0.981881    0.000428    0.000183
2459940.377847    0.049554    0.989232    0.000428   -0.000301
2459940.387569    0.050516    1.008009    0.000428   -0.000329
2459940.397292    0.051543    1.017385    0.000428   -0.000888
2459940.407014    0.052662    1.055238    0.000428   -0.000123
2459940.416736    0.053811    1.066225    0.000428   -0.000725
2459940.426458    0.055025    1.103208    0.000428   -0.000097
2459940.436181    0.056261    1.126894    0.000428   -0.000155
2459940.445903    0.057513    1.163378    0.000428    0.000411
2459940.455625    0.058800    1.188472    0.000428    0.000373
2459940.465347    0.060051    1.204022    0.000428   -0.000104
2459940.475069    0.061301    1.241649    0.000428    0.000520
2459940.484792    0.062522    1.259931    0.000428    0.000209
2459940.494514    0.063707    1.283069    0.000428    0.000176
2459940.504236    0.064842    1.296057    0.000428   -0.000312
2459940.513958    0.065894    1.307037    0.000428   -0.000818
2459940.523681    0.066900    1.333359    0.000428   -0.000513
2459940.533403    0.067833    1.355843    0.000428   -0.000327
2459940.543125    0.068669    1.366938    0.000428   -0.000611
2459940.552847    0.069426    1.388983    0.000428   -0.000270
2459940.562569    0.070112    1.410719    0.000428    0.000127
2459940.572292    0.070677    1.410928    0.000428   -0.000428
2459940.582014    0.071132    1.411474    0.000428   -0.000856
2459940.591736    0.071513    1.417262    0.000428   -0.000949
2459940.601458    0.071790    1.418670    0.000428   -0.001156
2459940.611181    0.071929    1.450463    0.000428    0.000288
2459940.620903    0.071951    1.446455    0.000428    0.000067
2459940.630625    0.071867    1.439964    0.000428   -0.000173
2459940.640347    0.071692    1.438156    0.000428   -0.000088
2459940.650069    0.071409    1.430112    0.000428   -0.000205
2459940.659792    0.071006    1.426315    0.000428    0.000008
2459940.669514    0.070493    1.420578    0.000428    0.000236
2459940.679236    0.069889    1.394619    0.000428   -0.000453
2459940.695486    0.068604    1.369605    0.000428   -0.000413
2459940.705903    0.067683    1.355436    0.000428   -0.000197
2459940.716319    0.066672    1.334699    0.000428   -0.000219
2459940.726736    0.065530    1.314468    0.000428   -0.000084
2459940.737153    0.064281    1.295395    0.000428    0.000215
2459940.747569    0.063017    1.269951    0.000428    0.000213
2459940.757986    0.061650    1.232979    0.000428   -0.000262
2459940.768403    0.060228    1.219540    0.000428    0.000492
2459940.778819    0.058721    1.192474    0.000428    0.000651
2459940.789236    0.057218    1.163202    0.000428    0.000696
2459940.799653    0.055662    1.114094    0.000428   -0.000193
2459940.810069    0.054087    1.089549    0.000428    0.000160
2459940.820486    0.052503    1.055676    0.000428    0.000058
2459940.830903    0.050943    1.025964    0.000428    0.000139
2459940.841319    0.049362    0.991358    0.000428   -0.000003
2459940.851736    0.047823    0.949811    0.000428   -0.000533
2459940.862153    0.046326    0.932579    0.000428    0.000106
2459940.872569    0.044853    0.900290    0.000428   -0.000028
2459940.882986    0.043442    0.883478    0.000428    0.000545
2459940.893403    0.042094    0.856308    0.000428    0.000541
2459940.903819    0.040812    0.825282    0.000428    0.000278
2459940.914236    0.039614    0.797412    0.000428    0.000088
2459940.924653    0.038497    0.774285    0.000428    0.000054
2459940.935069    0.037441    0.773420    0.000428    0.001066
2459940.945486    0.036489    0.761002    0.000428    0.001400
2459940.955903    0.035620    0.722412    0.000428    0.000348
2459940.966319    0.034824    0.688712    0.000428   -0.000533
2459940.976736    0.034135    0.687845    0.000428    0.000113
2459940.987153    0.033510    0.666637    0.000428   -0.000319
2459940.997569    0.032969    0.674341    0.000428    0.000606
2459941.007986    0.032517    0.651124    0.000428   -0.000099
2459941.018403    0.032144    0.645219    0.000428   -0.000019
2459941.028819    0.031828    0.637015    0.000428   -0.000111
2459941.039236    0.031589    0.642174    0.000428    0.000384
2459941.049653    0.031415    0.635566    0.000428    0.000229
2459941.060069    0.031311    0.619636    0.000428   -0.000460
2459941.070486    0.031265    0.633000    0.000428    0.000251
2459941.080903    0.031281    0.627505    0.000428   -0.000038
2459941.091319    0.031346    0.629226    0.000428   -0.000017
2459941.101736    0.031457    0.624603    0.000428   -0.000359
2459941.112153    0.031638    0.644049    0.000428    0.000429
2459941.122569    0.031862    0.625229    0.000428   -0.000732
2459941.132986    0.032131    0.651951    0.000428    0.000329
2459941.143403    0.032449    0.651469    0.000428   -0.000013
2459941.153819    0.032812    0.649300    0.000428   -0.000484
2459941.164236    0.033214    0.669583    0.000428    0.000123
2459941.174653    0.033675    0.690486    0.000428    0.000704
2459941.185069    0.034173    0.675407    0.000428   -0.000545
2459941.195486    0.034709    0.704270    0.000428    0.000356
2459941.205903    0.035282    0.714026    0.000428    0.000268
2459941.216319    0.035901    0.718362    0.000428   -0.000135
2459941.226736    0.036555    0.738445    0.000428    0.000212
2459941.237153    0.037231    0.756556    0.000428    0.000437
2459941.247569    0.037948    0.752899    0.000428   -0.000461
2459941.257986    0.038694    0.773215    0.000428   -0.000196
2459941.268403    0.039453    0.796544    0.000428    0.000206
2459941.278819    0.040245    0.807654    0.000428   -0.000032
2459941.289236    0.041047    0.818222    0.000428   -0.000309
2459941.299653    0.041852    0.848195    0.000428    0.000379
2459941.310069    0.042668    0.864190    0.000428    0.000359
2459941.320486    0.043480    0.871737    0.000428   -0.000077
2459941.330903    0.044285    0.895912    0.000428    0.000321
2459941.341319    0.045083    0.901083    0.000428   -0.000219
2459941.351736    0.045858    0.935252    0.000428    0.000708
2459941.362153    0.046600    0.925649    0.000428   -0.000513
2459941.372569    0.047340    0.941365    0.000428   -0.000471
2459941.382986    0.048005    0.962797    0.000428   -0.000068
2459941.393403    0.048660    0.979764    0.000428    0.000122
2459941.403819    0.049262    0.993253    0.000428    0.000191
2459941.414236    0.049809    1.005759    0.000428    0.000266
2459941.424653    0.050295    0.999390    0.000428   -0.000537
2459941.435069    0.050731    1.012259    0.000428   -0.000332
2459941.445486    0.051107    1.017909    0.000428   -0.000427
2459941.455903    0.051401    1.033491    0.000428    0.000056
2459941.466319    0.051635    1.047373    0.000428    0.000513
2459941.476736    0.051787    1.044648    0.000428    0.000225
2459941.487153    0.051879    1.034826    0.000428   -0.000356
2459941.497569    0.051892    1.045456    0.000428    0.000160
2459941.507986    0.051847    1.039211    0.000428   -0.000106
2459941.518403    0.051721    1.054695    0.000428    0.000791
2459941.534375    0.051379    1.037249    0.000428    0.000265
2459941.542014    0.051169    1.030049    0.000428    0.000116
2459941.549653    0.050925    1.015959    0.000428   -0.000342
2459941.557292    0.050638    1.023892    0.000428    0.000341
2459941.564931    0.050328    1.034715    0.000428    0.001190
2459941.572569    0.049986    1.004863    0.000428    0.000045
2459941.580208    0.049641    1.007702    0.000428    0.000532
2459941.587847    0.049245    0.982060    0.000428   -0.000349
2459941.595486    0.048832    0.995857    0.000428    0.000751
2459941.603125    0.048422    0.976537    0.000428    0.000199
2459941.610764    0.047972    0.977110    0.000428    0.000677
2459941.618403    0.047522    0.961804    0.000428    0.000365
2459941.626042    0.047073    0.946716    0.000428    0.000063
2459941.633681    0.046597    0.931952    0.000428   -0.000196
2459941.641319    0.046143    0.933580    0.000428    0.000339
2459941.648958    0.045687    0.922300    0.000428    0.000233
2459941.656597    0.045233    0.912211    0.000428    0.000185
2459941.664236    0.044808    0.889282    0.000428   -0.000531
2459941.671875    0.044384    0.881185    0.000428   -0.000511
2459941.679514    0.043993    0.872453    0.000428   -0.000554
2459941.687153    0.043623    0.877597    0.000428    0.000071
2459941.694792    0.043273    0.863106    0.000428   -0.000300
2459941.702431    0.042965    0.864720    0.000428    0.000089
2459941.710069    0.042677    0.862924    0.000428    0.000287
2459941.717708    0.042437    0.838762    0.000428   -0.000676
2459941.725347    0.042232    0.847064    0.000428   -0.000057
2459941.732986    0.042073    0.842858    0.000428   -0.000108
2459941.740625    0.041953    0.842634    0.000428    0.000001
2459941.748264    0.041885    0.843397    0.000428    0.000107
2459941.755903    0.041855    0.841376    0.000428    0.000036
2459941.763542    0.041880    0.826830    0.000428   -0.000713
2459941.771181    0.041946    0.845710    0.000428    0.000161
2459941.778819    0.042066    0.838980    0.000428   -0.000294
2459941.786458    0.042228    0.845851    0.000428   -0.000114
2459941.794097    0.042443    0.863351    0.000428    0.000543
2459941.801736    0.042697    0.852568    0.000428   -0.000249
2459941.809375    0.043003    0.864139    0.000428    0.000021
2459941.817014    0.043349    0.880109    0.000428    0.000471
2459941.824653    0.043742    0.879395    0.000428    0.000042
2459941.832292    0.044172    0.880009    0.000428   -0.000357
2459941.839931    0.044640    0.906305    0.000428    0.000484
2459941.847569    0.045140    0.925109    0.000428    0.000921
2459941.855208    0.045681    0.914955    0.000428   -0.000126
2459941.862847    0.046240    0.921294    0.000428   -0.000370
2459941.870486    0.046841    0.937743    0.000428   -0.000152
2459941.878125    0.047462    0.939111    0.000428   -0.000704
2459941.885764    0.048110    0.963008    0.000428   -0.000163
2459941.893403    0.048772    0.958159    0.000428   -0.001067
2459941.901042    0.049461    0.995819    0.000428    0.000120
2459941.908681    0.050168    0.991168    0.000428   -0.000818
2459941.916319    0.050884    1.030812    0.000428    0.000439
2459941.923958    0.051611    1.033178    0.000428   -0.000171
2459941.931597    0.052346    1.043576    0.000428   -0.000387
2459941.939236    0.053087    1.062002    0.000428   -0.000211
2459941.946875    0.053826    1.068718    0.000428   -0.000615
2459941.954514    0.054571    1.096567    0.000428    0.000026
2459941.962153    0.055306    1.101803    0.000428   -0.000448
2459941.969792    0.056038    1.120874    0.000428   -0.000231
2459941.977431    0.056781    1.153375    0.000428    0.000645
2459941.985069    0.057510    1.147352    0.000428   -0.000385
2459941.992708    0.058231    1.174140    0.000428    0.000228
2459942.000347    0.058928    1.201469    0.000428    0.000892
2459942.007986    0.059608    1.193338    0.000428   -0.000193
2459942.015625    0.060291    1.210061    0.000428   -0.000044
2459942.023264    0.060959    1.220856    0.000428   -0.000174
2459942.030903    0.061626    1.244763    0.000428    0.000349
2459942.038542    0.062254    1.247623    0.000428   -0.000136
2459942.046181    0.062852    1.272773    0.000428    0.000518
2459942.053819    0.063449    1.275541    0.000428    0.000059
2459942.061458    0.063995    1.277880    0.000428   -0.000370
2459942.075139    0.064932    1.303482    0.000428   -0.000033
2459942.083472    0.065447    1.320177    0.000428    0.000283
2459942.091806    0.065951    1.346331    0.000428    0.001082
2459942.100139    0.066415    1.342803    0.000428    0.000442
2459942.108472    0.066826    1.360028    0.000428    0.000888
2459942.116806    0.067205    1.344399    0.000428   -0.000269
2459942.125139    0.067546    1.354767    0.000428   -0.000094
2459942.133472    0.067839    1.361108    0.000428   -0.000071
2459942.141806    0.068078    1.361805    0.000428   -0.000275
2459942.150139    0.068274    1.363743    0.000428   -0.000375
2459942.158472    0.068436    1.369690    0.000428   -0.000241
2459942.166806    0.068541    1.370613    0.000428   -0.000300
2459942.175139    0.068593    1.382504    0.000428    0.000240
2459942.183472    0.068600    1.380226    0.000428    0.000120
2459942.191806    0.068548    1.364614    0.000428   -0.000605
2459942.200139    0.068442    1.385037    0.000428    0.000518
2459942.208472    0.068279    1.375166    0.000428    0.000189
2459942.216806    0.068088    1.369984    0.000428    0.000122
2459942.225139    0.067830    1.364410    0.000428    0.000103
2459942.233472    0.067518    1.353042    0.000428   -0.000151
2459942.241806    0.067153    1.340798    0.000428   -0.000396
2459942.250139    0.066722    1.353169    0.000428    0.000651
2459942.258472    0.066233    1.325084    0.000428   -0.000259
2459942.266806    0.065688    1.322205    0.000428    0.000143
2459942.275139    0.065090    1.311411    0.000428    0.000204
2459942.283472    0.064455    1.294346    0.000428   -0.000011
2459942.291806    0.063777    1.287892    0.000428    0.000346
2459942.300139    0.063053    1.264017    0.000428   -0.000119
2459942.308472    0.062286    1.255593    0.000428    0.000228
2459942.316806    0.061465    1.230228    0.000428   -0.000213
2459942.325139    0.060610    1.229212    0.000428    0.000592
2459942.333472    0.059726    1.197232    0.000428   -0.000117
2459942.341806    0.058806    1.168668    0.000428   -0.000620
2459942.350139    0.057841    1.151252    0.000428   -0.000521
2459942.358472    0.056851    1.150751    0.000428    0.000444
2459942.366806    0.055888    1.129934    0.000428    0.000371
2459942.375139    0.054886    1.107013    0.000428    0.000231
2459942.383472    0.053899    1.079427    0.000428   -0.000156
2459942.391806    0.052884    1.052029    0.000428   -0.000505
2459942.400139    0.051878    1.032451    0.000428   -0.000473
2459942.408472    0.050909    1.026282    0.000428    0.000188
2459942.416806    0.049956    1.017093    0.000428    0.000684
2459942.425139    0.049013    0.979739    0.000428   -0.000233
2459942.433472    0.048103    0.974162    0.000428    0.000399
2459942.441806    0.047258    0.955157    0.000428    0.000298
2459942.450139    0.046444    0.937937    0.000428    0.000255
2459942.458472    0.045666    0.928959    0.000428    0.000586
2459942.466806    0.044965    0.910433    0.000428    0.000365
2459942.475139    0.044320    0.888911    0.000428   -0.000062
2459942.483472    0.043724    0.886047    0.000428    0.000392
2459942.491806    0.043222    0.870818    0.000428    0.000135
2459942.500139    0.042753    0.858997    0.000428    0.000016
2459942.508472    0.042383    0.851578    0.000428    0.000016
2459942.516806    0.042100    0.836461    0.000428   -0.000453
2459942.525139    0.041863    0.833373    0.000428   -0.000370
2459942.533472    0.041695    0.843211    0.000428    0.000288
2459942.541806    0.041615    0.827240    0.000428   -0.000428
2459942.550139    0.041572    0.829836    0.000428   -0.000255
2459942.558472    0.041622    0.822685    0.000428   -0.000661
2459942.566806    0.041716    0.845383    0.000428    0.000374
2459942.575139    0.041873    0.844597    0.000428    0.000178
2459942.583472    0.042084    0.843475    0.000428   -0.000088
2459942.591806    0.042332    0.842998    0.000428   -0.000360
2459942.600139    0.042648    0.846189    0.000428   -0.000517
2459942.608472    0.042979    0.871045    0.000428    0.000390
2459942.616806    0.043340    0.868297    0.000428   -0.000108
2459942.625139    0.043748    0.884043    0.000428    0.000268
2459942.633472    0.044160    0.897233    0.000428    0.000512
2459942.641806    0.044591    0.902756    0.000428    0.000357
2459942.650139    0.045020    0.893057    0.000428   -0.000556
2459942.658472    0.045467    0.907780    0.000428   -0.000270
2459942.666806    0.045902    0.934947    0.000428    0.000648
2459942.675139    0.046331    0.942478    0.000428    0.000594
2459942.683472    0.046727    0.946840    0.000428    0.000415
2459942.691806    0.047116    0.946495    0.000428    0.000009
2459942.700139    0.047449    0.945692    0.000428   -0.000364
2459942.708472    0.047779    0.959743    0.000428    0.000006
2459942.716806    0.048075    0.968313    0.000428    0.000136
2459942.725139    0.048317    0.966571    0.000428   -0.000193
2459942.733472    0.048523    0.960665    0.000428   -0.000693
2459942.741806    0.048655    0.986826    0.000428    0.000478
2459942.750139    0.048759    0.973976    0.000428   -0.000266
2459942.758472    0.048796    0.980299    0.000428    0.000012
2459942.766806    0.048774    0.976336    0.000428   -0.000163
2459942.775139    0.048707    0.980060    0.000428    0.000089
2459942.783472    0.048556    0.964105    0.000428   -0.000555
2459942.791806    0.048370    0.955225    0.000428   -0.000811
2459942.800139    0.048105    0.982295    0.000428    0.000802
2459942.808472    0.047787    0.957442    0.000428   -0.000117
2459942.816806    0.047419    0.955801    0.000428    0.000170
2459942.831250    0.046651    0.926044    0.000428   -0.000544
2459942.838194    0.046233    0.925848    0.000428   -0.000136
2459942.845139    0.045786    0.909469    0.000428   -0.000505
2459942.852083    0.045298    0.908466    0.000428   -0.000067
2459942.859028    0.044790    0.886016    0.000428   -0.000676
2459942.865972    0.044268    0.881085    0.000428   -0.000399
2459942.872917    0.043720    0.893097    0.000428    0.000746
2459942.879861    0.043164    0.861254    0.000428   -0.000283
2459942.886806    0.042598    0.857248    0.000428    0.000084
2459942.893750    0.042039    0.836092    0.000428   -0.000411
2459942.900694    0.041481    0.834759    0.000428    0.000081
2459942.907639    0.040929    0.815968    0.000428   -0.000303
2459942.914583    0.040394    0.805668    0.000428   -0.000280
2459942.921528    0.039879    0.793319    0.000428   -0.000381
2459942.928472    0.039417    0.782205    0.000428   -0.000471
2459942.935417    0.038956    0.761820    0.000428   -0.001026
2459942.942361    0.038551    0.774176    0.000428   -0.000005
2459942.949306    0.038210    0.759925    0.000428   -0.000375
2459942.956250    0.037927    0.753109    0.000428   -0.000431
2459942.963194    0.037708    0.749390    0.000428   -0.000397
2459942.970139    0.037558    0.754227    0.000428   -0.000006
2459942.977083    0.037485    0.760023    0.000428    0.000356
2459942.984028    0.037490    0.751339    0.000428   -0.000082
2459942.990972    0.037589    0.750166    0.000428   -0.000239
2459942.997917    0.037765    0.761467    0.000428    0.000148
2459943.004861    0.038036    0.763319    0.000428   -0.000031
2459943.011806    0.038393    0.791954    0.000428    0.001038
2459943.018750    0.038838    0.790725    0.000428    0.000531
2459943.025694    0.039373    0.797512    0.000428    0.000335
2459943.032639    0.039985    0.797771    0.000428   -0.000265
2459943.039583    0.040687    0.826039    0.000428    0.000440
2459943.046528    0.041466    0.830437    0.000428   -0.000120
2459943.053472    0.042299    0.858967    0.000428    0.000468
2459943.060417    0.043211    0.873561    0.000428    0.000282
2459943.067361    0.044177    0.891324    0.000428    0.000201
2459943.074306    0.045197    0.913888    0.000428    0.000304
2459943.081250    0.046280    0.919138    0.000428   -0.000517
2459943.088194    0.047365    0.950307    0.000428   -0.000050
2459943.095139    0.048524    0.960563    0.000428   -0.000699
2459943.102083    0.049710    1.004564    0.000428    0.000306
2459943.109028    0.050890    1.037861    0.000428    0.000784
2459943.115972    0.052094    1.041320    0.000428   -0.000248
2459943.122917    0.053327    1.064343    0.000428   -0.000334
2459943.129861    0.054542    1.106167    0.000428    0.000533
2459943.136806    0.055741    1.102510    0.000428   -0.000848
2459943.143750    0.056954    1.122808    0.000428   -0.001050
2459943.150694    0.058161    1.176688    0.000428    0.000425
2459943.157639    0.059326    1.197218    0.000428    0.000282
2459943.164583    0.060471    1.215229    0.000428    0.000034
2459943.171528    0.061605    1.252526    0.000428    0.000757
2459943.178472    0.062678    1.252856    0.000428   -0.000300
2459943.185417    0.063722    1.272142    0.000428   -0.000384
2459943.192361    0.064713    1.315543    0.000428    0.000787
2459943.199306    0.065702    1.309546    0.000428   -0.000501
2459943.206250    0.066621    1.335023    0.000428   -0.000151
2459943.213194    0.067489    1.353024    0.000428   -0.000123
2459943.220139    0.068281    1.360725    0.000428   -0.000532
2459943.227083    0.069034    1.377583    0.000428   -0.000446
2459943.234028    0.069735    1.394243    0.000428   -0.000318
2459943.240972    0.070373    1.421893    0.000428    0.000422
2459943.247917    0.070927    1.431034    0.000428    0.000323
2459943.254861    0.071421    1.438178    0.000428    0.000184
2459943.261806    0.071831    1.440723    0.000428   -0.000099
2459943.268750    0.072191    1.457223    0.000428    0.000363
2459943.275694    0.072481    1.439095    0.000428   -0.000830
2459943.282639    0.072705    1.476059    0.000428    0.000787
2459943.289583    0.072844    1.455785    0.000428   -0.000362
2459943.296528    0.072911    1.463602    0.000428   -0.000040
2459943.303472    0.072911    1.459494    0.000428   -0.000244
2459943.310417    0.072832    1.442934    0.000428   -0.000990
2459943.317361    0.072690    1.466369    0.000428    0.000319
2459943.324306    0.072471    1.447150    0.000428   -0.000418
2459943.331250    0.072175    1.436050    0.000428   -0.000676
2459943.338194    0.071799    1.435871    0.000428   -0.000308
2459943.345139    0.071344    1.438561    0.000428    0.000281
2459943.352083    0.070821    1.413757    0.000428   -0.000432
2459943.359028    0.070233    1.405686    0.000428   -0.000245
2459943.365972    0.069574    1.391145    0.000428   -0.000310
2459943.372917    0.068838    1.381118    0.000428   -0.000073
2459943.379861    0.068053    1.371868    0.000428    0.000251
2459943.386806    0.067206    1.337123    0.000428   -0.000632
2459943.393750    0.066311    1.318396    0.000428   -0.000669
2459943.400694    0.065360    1.331025    0.000428    0.000910
2459943.407639    0.064341    1.286958    0.000428   -0.000264
2459943.414583    0.063243    1.273450    0.000428    0.000160
2459943.421528    0.062112    1.239985    0.000428   -0.000374
2459943.428472    0.060963    1.237508    0.000428    0.000652
2459943.435417    0.059752    1.208546    0.000428    0.000420
2459943.442361    0.058511    1.170158    0.000428   -0.000250
2459943.449306    0.057240    1.151688    0.000428    0.000101
2459943.456250    0.055922    1.130241    0.000428    0.000352
2459943.463194    0.054572    1.088951    0.000428   -0.000354
2459943.470139    0.053242    1.068003    0.000428   -0.000067
2459943.477083    0.051878    1.042294    0.000428    0.000017
2459943.484028    0.050518    1.028052    0.000428    0.000667
2459943.490972    0.049145    1.000305    0.000428    0.000659
2459943.497917    0.047769    0.962924    0.000428    0.000174
2459943.504861    0.046431    0.916100    0.000428   -0.000819
2459943.511806    0.045101    0.896727    0.000428   -0.000454
2459943.518750    0.043802    0.874040    0.000428   -0.000284
2459943.533681    0.041102    0.830104    0.000428    0.000228
2459943.541667    0.039744    0.791990    0.000428   -0.000312
2459943.549653    0.038453    0.762074    0.000428   -0.000510
2459943.557639    0.037213    0.736465    0.000428   -0.000545
2459943.565625    0.036116    0.706106    0.000428   -0.000959
2459943.573611    0.035081    0.713393    0.000428    0.000438
2459943.581597    0.034131    0.689798    0.000428    0.000213
2459943.589583    0.033282    0.664563    0.000428   -0.000194
2459943.597569    0.032549    0.647165    0.000428   -0.000328
2459943.605556    0.031898    0.631506    0.000428   -0.000456
2459943.613542    0.031373    0.632311    0.000428    0.000109
2459943.621528    0.030922    0.618478    0.000428   -0.000128
2459943.629514    0.030601    0.589689    0.000428   -0.001241
2459943.637500    0.030357    0.611263    0.000428    0.000077
2459943.645486    0.030211    0.603208    0.000428   -0.000178
2459943.653472    0.030155    0.601751    0.000428   -0.000195
2459943.661458    0.030176    0.621443    0.000428    0.000765
2459943.669444    0.030303    0.610830    0.000428    0.000110
2459943.677431    0.030492    0.610144    0.000428   -0.000113
2459943.685417    0.030742    0.621341    0.000428    0.000194
2459943.693403    0.031078    0.630119    0.000428    0.000295
2459943.701389    0.031469    0.648420    0.000428    0.000816
2459943.709375    0.031902    0.642191    0.000428    0.000072
2459943.717361    0.032395    0.632563    0.000428   -0.000900
2459943.725347    0.032913    0.649635    0.000428   -0.000569
2459943.733333    0.033485    0.671198    0.000428   -0.000067
2459943.741319    0.034076    0.689866    0.000428    0.000272
2459943.749306    0.034687    0.700014    0.000428    0.000166
2459943.757292    0.035329    0.718855    0.000428    0.000462
2459943.765278    0.035976    0.727114    0.000428    0.000226
2459943.773264    0.036621    0.740361    0.000428    0.000241
2459943.781250    0.037271    0.746359    0.000428   -0.000110
2459943.789236    0.037912    0.761891    0.000428    0.000022
2459943.797222    0.038545    0.771382    0.000428   -0.000139
2459943.805208    0.039173    0.779346    0.000428   -0.000370
2459943.813194    0.039790    0.808862    0.000428    0.000483
2459943.821181    0.040377    0.800913    0.000428   -0.000501
2459943.829167    0.040957    0.806230    0.000428   -0.000815
2459943.837153    0.041492    0.834855    0.000428    0.000075
2459943.845139    0.042019    0.846287    0.000428    0.000116
2459943.853125    0.042520    0.865493    0.000428    0.000572
2459943.861111    0.043003    0.873688    0.000428    0.000497
2459943.869097    0.043455    0.861580    0.000428   -0.000558
2459943.877083    0.043878    0.882413    0.000428    0.000056
2459943.885069    0.044290    0.885126    0.000428   -0.000221
2459943.893056    0.044681    0.891112    0.000428   -0.000314
2459943.901042    0.045053    0.911279    0.000428    0.000319
2459943.909028    0.045391    0.921083    0.000428    0.000468
2459943.917014    0.045729    0.916263    0.000428   -0.000109
2459943.925000    0.046057    0.914558    0.000428   -0.000522
2459943.932986    0.046356    0.916735    0.000428   -0.000713
2459943.940972    0.046660    0.944020    0.000428    0.000342
2459943.948958    0.046950    0.948975    0.000428    0.000298
2459943.956944    0.047227    0.954586    0.000428    0.000301
2459943.964931    0.047540    0.958017    0.000428    0.000159
2459943.972917    0.047811    0.958850    0.000428   -0.000071
2459943.980903    0.048081    0.972846    0.000428    0.000356
2459943.988889    0.048384    0.974393    0.000428    0.000130
2459943.996875    0.048677    0.965399    0.000428   -0.000610
2459944.004861    0.048974    0.994659    0.000428    0.000549
2459944.012847    0.049289    0.992757    0.000428    0.000139
2459944.020833    0.049603    1.004681    0.000428    0.000419
2459944.028819    0.049918    1.001616    0.000428   -0.000048
2459944.036806    0.050281    1.014770    0.000428    0.000243
2459944.044792    0.050637    1.013021    0.000428   -0.000200
2459944.052778    0.051002    1.015869    0.000428   -0.000423
2459944.060764    0.051378    1.016677    0.000428   -0.000759
2459944.068750    0.051764    1.040012    0.000428    0.000018
2459944.076736    0.052156    1.045351    0.000428   -0.000109
2459944.084722    0.052565    1.056261    0.000428    0.000025
2459944.092708    0.052969    1.064550    0.000428    0.000033
2459944.100694    0.053396    1.072066    0.000428   -0.000019
2459944.108681    0.053823    1.077374    0.000428   -0.000182
2459944.116667    0.054234    1.089134    0.000428   -0.000007
2459944.124653    0.054675    1.099660    0.000428    0.000076
2459944.132639    0.055091    1.102868    0.000428   -0.000180
2459944.140625    0.055514    1.127268    0.000428    0.000611
2459944.148611    0.055940    1.122684    0.000428   -0.000043
2459944.156597    0.056354    1.133355    0.000428    0.000075
2459944.164583    0.056744    1.131140    0.000428   -0.000426
2459944.172569    0.057150    1.142645    0.000428   -0.000259
2459944.180556    0.057520    1.163896    0.000428    0.000429
2459944.188542    0.057893    1.162940    0.000428    0.000009
2459944.196528    0.058252    1.162600    0.000428   -0.000367
2459944.204514    0.058583    1.186056    0.000428    0.000470
2459944.219983    0.059169    1.196213    0.000428    0.000389
2459944.228663    0.059464    1.182755    0.000428   -0.000575
2459944.237344    0.059733    1.217207    0.000428    0.000871
2459944.246024    0.059977    1.215771    0.000428    0.000555
2459944.254705    0.060184    1.217344    0.000428    0.000426
2459944.263385    0.060366    1.215863    0.000428    0.000171
2459944.272066    0.060530    1.218248    0.000428    0.000126
2459944.280747    0.060670    1.207682    0.000428   -0.000541
2459944.289427    0.060764    1.229303    0.000428    0.000442
2459944.298108    0.060828    1.229669    0.000428    0.000396
2459944.306788    0.060860    1.240099    0.000428    0.000883
2459944.315469    0.060887    1.234547    0.000428    0.000580
2459944.324149    0.060885    1.216962    0.000428   -0.000293
2459944.332830    0.060853    1.233438    0.000428    0.000559
2459944.341510    0.060797    1.224660    0.000428    0.000177
2459944.350191    0.060720    1.219397    0.000428   -0.000008
2459944.358872    0.060635    1.219132    0.000428    0.000064
2459944.367552    0.060537    1.223418    0.000428    0.000376
2459944.376233    0.060434    1.209748    0.000428   -0.000201
2459944.384913    0.060308    1.216714    0.000428    0.000271
2459944.393594    0.060174    1.206181    0.000428   -0.000119
2459944.402274    0.060033    1.185268    0.000428   -0.001020
2459944.410955    0.059879    1.206702    0.000428    0.000202
2459944.419635    0.059729    1.188242    0.000428   -0.000567
2459944.428316    0.059583    1.214177    0.000428    0.000869
2459944.436997    0.059439    1.199267    0.000428    0.000271
2459944.445677    0.059300    1.181146    0.000428   -0.000492
2459944.454358    0.059159    1.178825    0.000428   -0.000467
2459944.463038    0.059029    1.174648    0.000428   -0.000545
2459944.471719    0.058900    1.168271    0.000428   -0.000733
2459944.480399    0.058795    1.178504    0.000428   -0.000119
2459944.489080    0.058675    1.189008    0.000428    0.000524
2459944.497760    0.058586    1.176776    0.000428    0.000005
2459944.506441    0.058469    1.176969    0.000428    0.000131
2459944.515122    0.058390    1.170544    0.000428   -0.000110
2459944.523802    0.058326    1.165828    0.000428   -0.000281
2459944.532483    0.058280    1.173890    0.000428    0.000166
2459944.541163    0.058229    1.171522    0.000428    0.000100
2459944.549844    0.058187    1.169454    0.000428    0.000039
2459944.558524    0.058134    1.166076    0.000428   -0.000076
2459944.567205    0.058105    1.188578    0.000428    0.001073
2459944.575885    0.058057    1.161847    0.000428   -0.000210
2459944.584566    0.058023    1.183154    0.000428    0.000885
2459944.593247    0.057990    1.160211    0.000428   -0.000224
2459944.601927    0.057966    1.157414    0.000428   -0.000340
2459944.610608    0.057936    1.175489    0.000428    0.000590
2459944.619288    0.057893    1.177724    0.000428    0.000744
2459944.627969    0.057846    1.142954    0.000428   -0.000940
2459944.636649    0.057791    1.161476    0.000428    0.000038
2459944.645330    0.057730    1.163315    0.000428    0.000190
2459944.654010    0.057641    1.163774    0.000428    0.000302
2459944.662691    0.057562    1.163856    0.000428    0.000385
2459944.671372    0.057459    1.163687    0.000428    0.000480
2459944.680052    0.057342    1.160827    0.000428    0.000454
2459944.688733    0.057216    1.135384    0.000428   -0.000687
2459944.697413    0.057074    1.156045    0.000428    0.000485
2459944.706094    0.056914    1.146397    0.000428    0.000164
2459944.714774    0.056743    1.158568    0.000428    0.000941
2459944.723455    0.056557    1.128292    0.000428   -0.000380
2459944.732135    0.056357    1.140933    0.000428    0.000448
2459944.740816    0.056143    1.131784    0.000428    0.000207
2459944.749497    0.055917    1.105560    0.000428   -0.000873
2459944.758177    0.055676    1.094843    0.000428   -0.001164
2459944.766858    0.055423    1.113862    0.000428    0.000035
2459944.775538    0.055150    1.102739    0.000428   -0.000245
2459944.784219    0.054875    1.113172    0.000428    0.000548
2459944.792899    0.054585    1.118578    0.000428    0.001108
2459944.801580    0.054278    1.074292    0.000428   -0.000790
2459944.810260    0.053970    1.083234    0.000428   -0.000037
2459944.818941    0.053647    1.081426    0.000428    0.000197
2459944.827622    0.053324    1.078850    0.000428    0.000391
2459944.836302    0.052992    1.062731    0.000428   -0.000079
2459944.844983    0.052662    1.065568    0.000428    0.000392
2459944.853663    0.052323    1.043154    0.000428   -0.000385
2459944.862344    0.051994    1.044095    0.000428   -0.000010
2459944.871024    0.051664    1.047515    0.000428    0.000491
2459944.879705    0.051340    1.036915    0.000428    0.000287
2459944.888385    0.051024    1.020162    0.000428   -0.000231
2459944.897066    0.050698    1.019508    0.000428    0.000062
2459944.905747    0.050385    1.004163    0.000428   -0.000389
2459944.914427    0.050071    1.008756    0.000428    0.000154
2459944.923108    0.049758    0.989367    0.000428   -0.000499
2459944.931788    0.049461    0.996047    0.000428    0.000131
2459944.940469    0.049160    0.988780    0.000428    0.000070
2459944.949149    0.048872    0.982390    0.000428    0.000040
2459944.957830    0.048601    0.987629    0.000428    0.000572
2459944.966510    0.048331    0.965445    0.000428   -0.000262
2459944.975191    0.048071    0.967433    0.000428    0.000097
2459944.983872    0.047818    0.953406    0.000428   -0.000349
2459944.992552    0.047571    0.967331    0.000428    0.000592
2459945.001233    0.047337    0.960773    0.000428    0.000499
2459945.009913    0.047111    0.933319    0.000428   -0.000642
2459945.018594    0.046885    0.942395    0.000428    0.000036
2459945.027274    0.046666    0.939005    0.000428    0.000086
2459945.035955    0.046458    0.938775    0.000428    0.000283
2459945.053924    0.046082    0.919769    0.000428   -0.000288
2459945.063646    0.045880    0.922507    0.000428    0.000051
2459945.073368    0.045694    0.918919    0.000428    0.000058
2459945.083090    0.045503    0.920531    0.000428    0.000329
2459945.092813    0.045339    0.910473    0.000428   -0.000007
2459945.102535    0.045194    0.907079    0.000428   -0.000032
2459945.112257    0.045051    0.902240    0.000428   -0.000129
2459945.121979    0.044908    0.911998    0.000428    0.000499
2459945.131701    0.044801    0.900356    0.000428    0.000027
2459945.141424    0.044698    0.896299    0.000428   -0.000072
2459945.151146    0.044591    0.905846    0.000428    0.000510
2459945.160868    0.044527    0.897708    0.000428    0.000169
2459945.170590    0.044468    0.886743    0.000428   -0.000318
2459945.180313    0.044420    0.884772    0.000428   -0.000368
2459945.190035    0.044388    0.889807    0.000428   -0.000085
2459945.199757    0.044373    0.888767    0.000428   -0.000122
2459945.209479    0.044370    0.882918    0.000428   -0.000410
2459945.219201    0.044375    0.890712    0.000428   -0.000027
2459945.228924    0.044400    0.893668    0.000428    0.000095
2459945.238646    0.044429    0.886906    0.000428   -0.000271
2459945.248368    0.044472    0.882261    0.000428   -0.000545
2459945.258090    0.044517    0.898108    0.000428    0.000199
2459945.267813    0.044567    0.904513    0.000428    0.000468
2459945.277535    0.044627    0.898451    0.000428    0.000106
2459945.287257    0.044682    0.896334    0.000428   -0.000054
2459945.296979    0.044737    0.904518    0.000428    0.000298
2459945.306701    0.044784    0.897113    0.000428   -0.000117
2459945.316424    0.044824    0.908300    0.000428    0.000399
2459945.326146    0.044850    0.910223    0.000428    0.000469
2459945.335868    0.044868    0.892818    0.000428   -0.000415
2459945.345590    0.044866    0.894800    0.000428   -0.000315
2459945.355313    0.044825    0.895483    0.000428   -0.000239
2459945.365035    0.044765    0.926750    0.000428    0.001377
2459945.374757    0.044687    0.895232    0.000428   -0.000114
2459945.384479    0.044565    0.891046    0.000428   -0.000201
2459945.394201    0.044413    0.874050    0.000428   -0.000895
2459945.403924    0.044246    0.893370    0.000428    0.000234
2459945.413646    0.043983    0.887643    0.000428    0.000211
2459945.423368    0.043719    0.871290    0.000428   -0.000338
2459945.433090    0.043408    0.866218    0.000428   -0.000280
2459945.442813    0.043050    0.848552    0.000428   -0.000801
2459945.452535    0.042649    0.863100    0.000428    0.000324
2459945.462257    0.042209    0.842199    0.000428   -0.000277
2459945.471979    0.041728    0.840295    0.000428    0.000109
2459945.481701    0.041199    0.832892    0.000428    0.000270
2459945.491424    0.040651    0.821606    0.000428    0.000256
2459945.501146    0.040062    0.795877    0.000428   -0.000436
2459945.510868    0.039451    0.790295    0.000428   -0.000103
2459945.520590    0.038832    0.763966    0.000428   -0.000795
2459945.530313    0.038200    0.778029    0.000428    0.000538
2459945.540035    0.037561    0.761782    0.000428    0.000367
2459945.549757    0.036950    0.738283    0.000428   -0.000192
2459945.559479    0.036356    0.726611    0.000428   -0.000179
2459945.569201    0.035799    0.710786    0.000428   -0.000409
2459945.578924    0.035272    0.698973    0.000428   -0.000470
2459945.588646    0.034866    0.701087    0.000428    0.000040
2459945.598368    0.034483    0.687691    0.000428   -0.000243
2459945.608090    0.034230    0.690426    0.000428    0.000146
2459945.617813    0.034073    0.692322    0.000428    0.000397
2459945.627535    0.034039    0.680785    0.000428   -0.000143
2459945.637257    0.034146    0.687710    0.000428    0.000094
2459945.646979    0.034390    0.671267    0.000428   -0.000969
2459945.656701    0.034783    0.694123    0.000428   -0.000223
2459945.666424    0.035329    0.710198    0.000428    0.000031
2459945.676146    0.036029    0.733677    0.000428    0.000500
2459945.685868    0.036864    0.744942    0.000428    0.000226
2459945.695590    0.037862    0.764664    0.000428    0.000210
2459945.705313    0.038983    0.796917    0.000428    0.000694
2459945.715035    0.040236    0.813340    0.000428    0.000259
2459945.724757    0.041604    0.829619    0.000428   -0.000298
2459945.734479    0.043068    0.867582    0.000428    0.000128
2459945.744201    0.044614    0.888279    0.000428   -0.000388
2459945.753924    0.046247    0.928854    0.000428   -0.000001
2459945.763646    0.047934    0.972875    0.000428    0.000504
2459945.773368    0.049661    0.999802    0.000428    0.000119
