2456210.629280  1.298021e+00    -0.96263637   -0.29149831  -0.00080306   -0.00791371   0.00112486  -0.00077963
2456210.629540  1.180543e+00    -0.96263401   -0.29150263  -0.00080294   -0.00791270   0.00112484  -0.00077953
2456210.629730  1.056044e+00    -0.96263229   -0.29150579  -0.00080286   -0.00791196   0.00112483  -0.00077946
2456210.629940  9.351512e-01    -0.96263038   -0.29150927  -0.00080276   -0.00791114   0.00112481  -0.00077937
2456210.630140  7.879195e-01    -0.96262857   -0.29151260  -0.00080267   -0.00791035   0.00112480  -0.00077930
2456210.630350  6.620363e-01    -0.96262666   -0.29151608  -0.00080257   -0.00790953   0.00112479  -0.00077921
2456210.630540  5.734319e-01    -0.96262494   -0.29151924  -0.00080248   -0.00790879   0.00112477  -0.00077914
2456210.630750  5.371330e-01    -0.96262303   -0.29152273  -0.00080239   -0.00790797   0.00112476  -0.00077906
2456210.630960  5.572907e-01    -0.96262112   -0.29152621  -0.00080229   -0.00790715   0.00112474  -0.00077897
2456210.631170  6.529529e-01    -0.96261922   -0.29152970  -0.00080219   -0.00790633   0.00112473  -0.00077889
2456210.631370  8.349911e-01    -0.96261740   -0.29153302  -0.00080210   -0.00790555   0.00112472  -0.00077881
2456210.631570  1.016908e+00    -0.96261559   -0.29153635  -0.00080201   -0.00790477   0.00112470  -0.00077873
2456210.631770  1.181631e+00    -0.96261377   -0.29153967  -0.00080192   -0.00790399   0.00112469  -0.00077865
2456210.631980  1.312447e+00    -0.96261187   -0.29154316  -0.00080182   -0.00790317   0.00112468  -0.00077857
2456210.632180  1.410204e+00    -0.96261005   -0.29154648  -0.00080173   -0.00790239   0.00112466  -0.00077849
2456210.632380  1.479387e+00    -0.96260824   -0.29154980  -0.00080164   -0.00790161   0.00112465  -0.00077841
2456210.632590  1.534906e+00    -0.96260633   -0.29155329  -0.00080154   -0.00790079   0.00112464  -0.00077833
2456210.632800  1.504118e+00    -0.96260442   -0.29155678  -0.00080144   -0.00789997   0.00112462  -0.00077825
2456210.633010  1.445712e+00    -0.96260252   -0.29156026  -0.00080135   -0.00789915   0.00112461  -0.00077817
2456210.633210  1.380644e+00    -0.96260070   -0.29156359  -0.00080125   -0.00789837   0.00112460  -0.00077809
2456210.633410  1.262647e+00    -0.96259889   -0.29156691  -0.00080116   -0.00789758   0.00112458  -0.00077801
2456210.633670  1.111941e+00    -0.96259653   -0.29157123  -0.00080104   -0.00789657   0.00112457  -0.00077791
2456210.634070  8.182421e-01    -0.96259290   -0.29157787  -0.00080086   -0.00789501   0.00112454  -0.00077775
2456210.634280  7.279169e-01    -0.96259099   -0.29158136  -0.00080076   -0.00789419   0.00112453  -0.00077767
2456210.634480  7.139731e-01    -0.96258917   -0.29158468  -0.00080067   -0.00789341   0.00112452  -0.00077759
2456210.634690  7.366850e-01    -0.96258727   -0.29158817  -0.00080057   -0.00789259   0.00112450  -0.00077751
2456210.634880  8.107404e-01    -0.96258554   -0.29159132  -0.00080048   -0.00789185   0.00112449  -0.00077743
2456210.635080  9.180827e-01    -0.96258373   -0.29159464  -0.00080039   -0.00789107   0.00112448  -0.00077735
2456210.635300  9.837434e-01    -0.96258173   -0.29159830  -0.00080029   -0.00789021   0.00112446  -0.00077727
2456210.635500  1.044436e+00    -0.96257991   -0.29160162  -0.00080020   -0.00788943   0.00112445  -0.00077719
2456210.635710  1.052160e+00    -0.96257801   -0.29160511  -0.00080010   -0.00788861   0.00112444  -0.00077711
2456210.635900  1.041554e+00    -0.96257628   -0.29160826  -0.00080001   -0.00788787   0.00112443  -0.00077703
2456210.636120  1.037724e+00    -0.96257429   -0.29161192  -0.00079991   -0.00788701   0.00112441  -0.00077695
2456210.636320  1.010373e+00    -0.96257247   -0.29161524  -0.00079982   -0.00788623   0.00112440  -0.00077687
2456210.636530  1.027263e+00    -0.96257056   -0.29161873  -0.00079972   -0.00788541   0.00112439  -0.00077678
2456210.636720  1.014102e+00    -0.96256884   -0.29162188  -0.00079964   -0.00788467   0.00112437  -0.00077671
2456210.636940  1.005731e+00    -0.96256684   -0.29162554  -0.00079953   -0.00788381   0.00112436  -0.00077662
2456210.637140  1.017845e+00    -0.96256503   -0.29162886  -0.00079944   -0.00788303   0.00112435  -0.00077655
2456210.637350  1.032005e+00    -0.96256312   -0.29163235  -0.00079935   -0.00788221   0.00112434  -0.00077646
2456210.637550  1.071721e+00    -0.96256130   -0.29163567  -0.00079925   -0.00788143   0.00112432  -0.00077639
2456210.637750  1.117074e+00    -0.96255949   -0.29163899  -0.00079916   -0.00788066   0.00112431  -0.00077631
2456210.637950  1.113991e+00    -0.96255767   -0.29164231  -0.00079907   -0.00787988   0.00112430  -0.00077623
2456210.638160  1.102762e+00    -0.96255577   -0.29164580  -0.00079897   -0.00787906   0.00112429  -0.00077615
2456210.638360  1.044436e+00    -0.96255395   -0.29164912  -0.00079888   -0.00787828   0.00112427  -0.00077607
2456210.638560  9.622365e-01    -0.96255214   -0.29165244  -0.00079879   -0.00787750   0.00112426  -0.00077599
2456210.638760  8.349911e-01    -0.96255032   -0.29165577  -0.00079870   -0.00787672   0.00112425  -0.00077591
2456210.638970  7.133158e-01    -0.96254841   -0.29165925  -0.00079860   -0.00787590   0.00112424  -0.00077583
2456210.639170  5.922183e-01    -0.96254660   -0.29166257  -0.00079851   -0.00787512   0.00112423  -0.00077575
2456210.639380  4.661029e-01    -0.96254469   -0.29166606  -0.00079841   -0.00787430   0.00112421  -0.00077567
2456210.640430  1.252223e+00    -0.96253516   -0.29168350  -0.00079793   -0.00787021   0.00112415  -0.00077526
2456210.640710  1.429822e+00    -0.96253262   -0.29168815  -0.00079780   -0.00786912   0.00112413  -0.00077515
2456210.640900  1.532081e+00    -0.96253089   -0.29169131  -0.00079771   -0.00786838   0.00112412  -0.00077508
2456210.641110  1.585192e+00    -0.96252898   -0.29169480  -0.00079761   -0.00786756   0.00112411  -0.00077499
2456210.641310  1.589578e+00    -0.96252717   -0.29169812  -0.00079752   -0.00786678   0.00112410  -0.00077492
2456210.641520  1.539153e+00    -0.96252526   -0.29170161  -0.00079742   -0.00786597   0.00112409  -0.00077483
2456210.641710  1.435099e+00    -0.96252354   -0.29170476  -0.00079734   -0.00786523   0.00112408  -0.00077476
2456210.641920  1.304013e+00    -0.96252163   -0.29170825  -0.00079724   -0.00786441   0.00112406  -0.00077468
2456210.642120  1.138890e+00    -0.96251981   -0.29171157  -0.00079715   -0.00786363   0.00112405  -0.00077460
2456210.642330  9.882841e-01    -0.96251791   -0.29171506  -0.00079705   -0.00786281   0.00112404  -0.00077452
2456210.642520  8.388452e-01    -0.96251618   -0.29171821  -0.00079696   -0.00786207   0.00112403  -0.00077444
2456210.642740  7.476216e-01    -0.96251418   -0.29172187  -0.00079686   -0.00786121   0.00112402  -0.00077436
2456210.642940  7.139731e-01    -0.96251237   -0.29172519  -0.00079677   -0.00786044   0.00112400  -0.00077428
2456210.643150  7.414499e-01    -0.96251046   -0.29172868  -0.00079667   -0.00785962   0.00112399  -0.00077420
2456210.643350  7.490000e-01    -0.96250865   -0.29173200  -0.00079658   -0.00785884   0.00112398  -0.00077412
2456210.643570  7.981450e-01    -0.96250665   -0.29173565  -0.00079648   -0.00785798   0.00112397  -0.00077404
2456210.643760  8.114875e-01    -0.96250492   -0.29173881  -0.00079639   -0.00785724   0.00112396  -0.00077396
2456210.643970  8.077590e-01    -0.96250302   -0.29174230  -0.00079629   -0.00785643   0.00112395  -0.00077388
2456210.644170  8.889592e-01    -0.96250120   -0.29174562  -0.00079620   -0.00785565   0.00112394  -0.00077380
2456210.644380  9.828377e-01    -0.96249929   -0.29174911  -0.00079611   -0.00785483   0.00112392  -0.00077372
2456210.644570  1.043474e+00    -0.96249757   -0.29175226  -0.00079602   -0.00785409   0.00112391  -0.00077365
2456210.644830  1.086630e+00    -0.96249521   -0.29175658  -0.00079590   -0.00785308   0.00112390  -0.00077355
2456210.645040  1.085630e+00    -0.96249330   -0.29176007  -0.00079580   -0.00785226   0.00112389  -0.00077346
2456210.645230  1.078653e+00    -0.96249157   -0.29176322  -0.00079571   -0.00785152   0.00112388  -0.00077339
2456210.645440  1.016908e+00    -0.96248967   -0.29176671  -0.00079562   -0.00785071   0.00112386  -0.00077331
2456210.645640  9.955930e-01    -0.96248785   -0.29177003  -0.00079552   -0.00784993   0.00112385  -0.00077323
2456210.645850  9.648989e-01    -0.96248594   -0.29177352  -0.00079543   -0.00784911   0.00112384  -0.00077315
2456210.646040  9.172375e-01    -0.96248422   -0.29177667  -0.00079534   -0.00784837   0.00112383  -0.00077307
2456210.646250  9.130232e-01    -0.96248231   -0.29178016  -0.00079524   -0.00784756   0.00112382  -0.00077299
2456210.646450  8.947090e-01    -0.96248050   -0.29178348  -0.00079515   -0.00784678   0.00112381  -0.00077292
2456210.646660  9.317123e-01    -0.96247859   -0.29178697  -0.00079505   -0.00784596   0.00112380  -0.00077283
2456210.646850  9.274315e-01    -0.96247686   -0.29179013  -0.00079497   -0.00784522   0.00112379  -0.00077276
2456210.647060  8.848748e-01    -0.96247496   -0.29179362  -0.00079487   -0.00784441   0.00112378  -0.00077268
2456210.647270  8.388452e-01    -0.96247305   -0.29179710  -0.00079477   -0.00784359   0.00112377  -0.00077260
2456210.647480  7.685672e-01    -0.96247114   -0.29180059  -0.00079468   -0.00784277   0.00112375  -0.00077252
2456210.647670  6.938759e-01    -0.96246942   -0.29180375  -0.00079459   -0.00784204   0.00112374  -0.00077244
2456210.647880  6.264434e-01    -0.96246751   -0.29180723  -0.00079449   -0.00784122   0.00112373  -0.00077236
2456210.648290  5.787378e-01    -0.96246379   -0.29181404  -0.00079430   -0.00783963   0.00112371  -0.00077220
2456210.648480  6.862492e-01    -0.96246206   -0.29181720  -0.00079422   -0.00783889   0.00112370  -0.00077213
2456210.648690  8.759551e-01    -0.96246015   -0.29182069  -0.00079412   -0.00783807   0.00112369  -0.00077205
2456210.649200  1.262647e+00    -0.96245552   -0.29182916  -0.00079388   -0.00783609   0.00112366  -0.00077185
2456210.649400  1.405018e+00    -0.96245371   -0.29183248  -0.00079379   -0.00783531   0.00112365  -0.00077177
2456210.649610  1.495829e+00    -0.96245180   -0.29183597  -0.00079369   -0.00783450   0.00112364  -0.00077169
2456210.649800  1.534906e+00    -0.96245007   -0.29183912  -0.00079361   -0.00783376   0.00112363  -0.00077162
2456210.650010  1.520834e+00    -0.96244817   -0.29184261  -0.00079351   -0.00783294   0.00112362  -0.00077153
2456210.650220  1.490328e+00    -0.96244626   -0.29184610  -0.00079341   -0.00783213   0.00112361  -0.00077145
2456210.650430  1.412804e+00    -0.96244435   -0.29184958  -0.00079332   -0.00783131   0.00112360  -0.00077137
2456210.650630  1.393419e+00    -0.96244254   -0.29185291  -0.00079322   -0.00783053   0.00112359  -0.00077129
2456210.650830  1.208041e+00    -0.96244072   -0.29185623  -0.00079313   -0.00782976   0.00112358  -0.00077122
2456210.651030  1.071721e+00    -0.96243890   -0.29185955  -0.00079304   -0.00782898   0.00112357  -0.00077114
2456210.651250  8.947090e-01    -0.96243690   -0.29186320  -0.00079294   -0.00782813   0.00112356  -0.00077105
2456210.651450  7.306036e-01    -0.96243509   -0.29186652  -0.00079285   -0.00782735   0.00112355  -0.00077098
2456210.651660  6.270206e-01    -0.96243318   -0.29187001  -0.00079275   -0.00782653   0.00112354  -0.00077090
2456210.651850  6.541567e-01    -0.96243145   -0.29187317  -0.00079266   -0.00782580   0.00112353  -0.00077082
2456210.652060  7.552345e-01    -0.96242955   -0.29187665  -0.00079257   -0.00782498   0.00112352  -0.00077074
2456210.652260  8.783788e-01    -0.96242773   -0.29187998  -0.00079247   -0.00782420   0.00112351  -0.00077066
2456210.652470  1.060918e+00    -0.96242582   -0.29188346  -0.00079238   -0.00782339   0.00112350  -0.00077058
2456210.652660  1.201384e+00    -0.96242410   -0.29188662  -0.00079229   -0.00782265   0.00112349  -0.00077051
2456210.652860  1.329480e+00    -0.96242228   -0.29188994  -0.00079220   -0.00782188   0.00112348  -0.00077043
2456210.653160  1.408905e+00    -0.96241956   -0.29189492  -0.00079206   -0.00782071   0.00112346  -0.00077032
2456210.653370  1.429822e+00    -0.96241765   -0.29189841  -0.00079196   -0.00781990   0.00112345  -0.00077024
2456210.653570  1.317291e+00    -0.96241583   -0.29190173  -0.00079187   -0.00781912   0.00112344  -0.00077016
2456210.653770  1.218097e+00    -0.96241402   -0.29190505  -0.00079178   -0.00781834   0.00112343  -0.00077008
2456210.653970  1.099719e+00    -0.96241220   -0.29190837  -0.00079169   -0.00781757   0.00112342  -0.00077000
2456210.654180  1.003880e+00    -0.96241029   -0.29191186  -0.00079159   -0.00781675   0.00112341  -0.00076992
2456210.654380  8.988388e-01    -0.96240848   -0.29191518  -0.00079150   -0.00781598   0.00112340  -0.00076985
2456210.654580  8.099940e-01    -0.96240666   -0.29191851  -0.00079140   -0.00781520   0.00112339  -0.00076977
2456210.654780  7.996166e-01    -0.96240484   -0.29192183  -0.00079131   -0.00781442   0.00112338  -0.00076969
2456210.654990  8.250530e-01    -0.96240293   -0.29192531  -0.00079122   -0.00781361   0.00112337  -0.00076961
2456210.655190  8.280982e-01    -0.96240112   -0.29192864  -0.00079112   -0.00781283   0.00112336  -0.00076953
2456210.655390  8.473871e-01    -0.96239930   -0.29193196  -0.00079103   -0.00781206   0.00112335  -0.00076946
2456210.655590  8.334544e-01    -0.96239748   -0.29193528  -0.00079094   -0.00781128   0.00112334  -0.00076938
2456210.655800  8.265742e-01    -0.96239558   -0.29193877  -0.00079084   -0.00781047   0.00112333  -0.00076930
2456210.656000  7.792590e-01    -0.96239376   -0.29194209  -0.00079075   -0.00780969   0.00112332  -0.00076922
2456210.659270  1.222593e+00    -0.96236405   -0.29199639  -0.00078924   -0.00779702   0.00112317  -0.00076796
2456210.659550  1.010373e+00    -0.96236151   -0.29200104  -0.00078911   -0.00779593   0.00112316  -0.00076785
2456210.659750  8.466069e-01    -0.96235969   -0.29200436  -0.00078902   -0.00779516   0.00112315  -0.00076778
2456210.659950  7.179295e-01    -0.96235788   -0.29200769  -0.00078893   -0.00779438   0.00112314  -0.00076770
2456210.660150  6.862492e-01    -0.96235606   -0.29201101  -0.00078884   -0.00779361   0.00112313  -0.00076762
2456210.660370  6.894167e-01    -0.96235406   -0.29201466  -0.00078874   -0.00779276   0.00112312  -0.00076754
2456210.660570  6.894167e-01    -0.96235224   -0.29201798  -0.00078864   -0.00779198   0.00112311  -0.00076746
2456210.660780  7.259084e-01    -0.96235034   -0.29202147  -0.00078855   -0.00779117   0.00112311  -0.00076738
2456210.660970  7.835773e-01    -0.96234861   -0.29202462  -0.00078846   -0.00779043   0.00112310  -0.00076731
2456210.661180  8.759551e-01    -0.96234670   -0.29202811  -0.00078836   -0.00778962   0.00112309  -0.00076723
2456210.661380  1.010373e+00    -0.96234489   -0.29203143  -0.00078827   -0.00778885   0.00112308  -0.00076715
2456210.664020  6.700108e-01    -0.96232090   -0.29207528  -0.00078705   -0.00777863   0.00112297  -0.00076614
2456210.664270  6.932371e-01    -0.96231863   -0.29207943  -0.00078694   -0.00777766   0.00112296  -0.00076604
2456210.664480  7.414499e-01    -0.96231672   -0.29208291  -0.00078684   -0.00777685   0.00112295  -0.00076596
2456210.664690  7.806958e-01    -0.96231481   -0.29208640  -0.00078674   -0.00777604   0.00112294  -0.00076588
2456210.664900  8.528680e-01    -0.96231290   -0.29208989  -0.00078665   -0.00777523   0.00112293  -0.00076580
2456210.665090  8.679243e-01    -0.96231118   -0.29209304  -0.00078656   -0.00777449   0.00112292  -0.00076573
2456210.665300  8.799983e-01    -0.96230927   -0.29209653  -0.00078646   -0.00777368   0.00112291  -0.00076565
2456210.665510  8.856902e-01    -0.96230736   -0.29210002  -0.00078637   -0.00777287   0.00112290  -0.00076557
2456210.665710  9.403333e-01    -0.96230554   -0.29210334  -0.00078627   -0.00777209   0.00112290  -0.00076549
2456210.665920  9.622365e-01    -0.96230363   -0.29210683  -0.00078618   -0.00777128   0.00112289  -0.00076541
2456210.666110  9.801258e-01    -0.96230191   -0.29210998  -0.00078609   -0.00777055   0.00112288  -0.00076534
2456210.666480  1.107852e+00    -0.96229855   -0.29211613  -0.00078592   -0.00776912   0.00112286  -0.00076520
2456210.666690  1.194763e+00    -0.96229664   -0.29211961  -0.00078582   -0.00776831   0.00112286  -0.00076512
2456210.666890  1.274330e+00    -0.96229482   -0.29212294  -0.00078573   -0.00776753   0.00112285  -0.00076504
2456210.667190  1.338079e+00    -0.96229209   -0.29212792  -0.00078559   -0.00776637   0.00112284  -0.00076492
2456210.667400  1.339312e+00    -0.96229019   -0.29213141  -0.00078550   -0.00776556   0.00112283  -0.00076484
2456210.667600  1.313657e+00    -0.96228837   -0.29213473  -0.00078540   -0.00776479   0.00112282  -0.00076477
2456210.667810  1.259163e+00    -0.96228646   -0.29213821  -0.00078531   -0.00776398   0.00112281  -0.00076469
2456210.671740  1.015037e+00    -0.96225075   -0.29220348  -0.00078349   -0.00774880   0.00112266  -0.00076319
2456210.671990  8.250530e-01    -0.96224847   -0.29220763  -0.00078338   -0.00774784   0.00112265  -0.00076309
2456210.672200  6.964370e-01    -0.96224657   -0.29221112  -0.00078328   -0.00774703   0.00112264  -0.00076301
2456210.672400  6.596018e-01    -0.96224475   -0.29221444  -0.00078319   -0.00774626   0.00112263  -0.00076294
2456210.672610  6.392663e-01    -0.96224284   -0.29221792  -0.00078309   -0.00774545   0.00112263  -0.00076286
2456210.672800  6.511512e-01    -0.96224111   -0.29222108  -0.00078301   -0.00774471   0.00112262  -0.00076278
2456210.673010  6.887821e-01    -0.96223920   -0.29222457  -0.00078291   -0.00774390   0.00112261  -0.00076270
2456210.673220  7.312768e-01    -0.96223729   -0.29222805  -0.00078281   -0.00774309   0.00112260  -0.00076262
2456210.673430  7.678596e-01    -0.96223539   -0.29223154  -0.00078272   -0.00774228   0.00112260  -0.00076254
2456210.673620  8.396182e-01    -0.96223366   -0.29223470  -0.00078263   -0.00774155   0.00112259  -0.00076247
2456210.673820  8.808092e-01    -0.96223184   -0.29223802  -0.00078254   -0.00774078   0.00112258  -0.00076240
2456210.674030  9.551725e-01    -0.96222993   -0.29224150  -0.00078244   -0.00773997   0.00112257  -0.00076232
2456210.674240  1.001110e+00    -0.96222802   -0.29224499  -0.00078234   -0.00773916   0.00112257  -0.00076224
2456210.674430  1.042514e+00    -0.96222630   -0.29224815  -0.00078225   -0.00773843   0.00112256  -0.00076216
2456210.674640  1.067780e+00    -0.96222439   -0.29225163  -0.00078216   -0.00773762   0.00112255  -0.00076208
2456210.674840  1.116045e+00    -0.96222257   -0.29225495  -0.00078207   -0.00773685   0.00112255  -0.00076201
2456210.675040  1.128449e+00    -0.96222075   -0.29225828  -0.00078197   -0.00773608   0.00112254  -0.00076193
2456210.675240  1.135748e+00    -0.96221893   -0.29226160  -0.00078188   -0.00773531   0.00112253  -0.00076186
2456210.675440  1.155798e+00    -0.96221712   -0.29226492  -0.00078179   -0.00773454   0.00112252  -0.00076178
2456210.675650  1.154734e+00    -0.96221521   -0.29226841  -0.00078169   -0.00773373   0.00112252  -0.00076170
2456210.675850  1.162203e+00    -0.96221339   -0.29227173  -0.00078160   -0.00773296   0.00112251  -0.00076162
2456210.676690  9.720348e-01    -0.96220575   -0.29228567  -0.00078121   -0.00772972   0.00112248  -0.00076130
2456210.676900  8.719304e-01    -0.96220385   -0.29228916  -0.00078112   -0.00772891   0.00112247  -0.00076122
2456210.677100  7.806958e-01    -0.96220203   -0.29229248  -0.00078102   -0.00772814   0.00112247  -0.00076115
2456210.677300  7.469333e-01    -0.96220021   -0.29229580  -0.00078093   -0.00772737   0.00112246  -0.00076107
2456210.677500  7.692754e-01    -0.96219839   -0.29229913  -0.00078084   -0.00772660   0.00112245  -0.00076100
2456210.677710  7.930158e-01    -0.96219648   -0.29230261  -0.00078074   -0.00772579   0.00112244  -0.00076092
2456210.677910  7.678596e-01    -0.96219466   -0.29230593  -0.00078065   -0.00772502   0.00112244  -0.00076084
2456210.678110  7.799770e-01    -0.96219285   -0.29230925  -0.00078056   -0.00772425   0.00112243  -0.00076076
2456210.678310  8.647326e-01    -0.96219103   -0.29231258  -0.00078047   -0.00772348   0.00112242  -0.00076069
2456210.678520  9.891948e-01    -0.96218912   -0.29231606  -0.00078037   -0.00772267   0.00112242  -0.00076061
2456210.678720  1.129489e+00    -0.96218730   -0.29231938  -0.00078028   -0.00772190   0.00112241  -0.00076053
2456210.678910  1.189274e+00    -0.96218557   -0.29232254  -0.00078019   -0.00772117   0.00112240  -0.00076046
2456210.679120  1.283754e+00    -0.96218367   -0.29232603  -0.00078009   -0.00772036   0.00112240  -0.00076038
2456210.679330  1.338079e+00    -0.96218176   -0.29232951  -0.00078000   -0.00771955   0.00112239  -0.00076030
2456210.679530  1.339312e+00    -0.96217994   -0.29233283  -0.00077990   -0.00771878   0.00112238  -0.00076023
2456210.682470  1.152609e+00    -0.96215321   -0.29238165  -0.00077855   -0.00770747   0.00112229  -0.00075911
2456210.682840  1.246470e+00    -0.96214985   -0.29238780  -0.00077838   -0.00770605   0.00112228  -0.00075897
2456210.683030  1.270814e+00    -0.96214812   -0.29239095  -0.00077829   -0.00770532   0.00112227  -0.00075890
2456210.683240  1.269644e+00    -0.96214621   -0.29239444  -0.00077819   -0.00770451   0.00112226  -0.00075882
2456210.683440  1.227105e+00    -0.96214439   -0.29239776  -0.00077810   -0.00770374   0.00112226  -0.00075874
2456210.683650  1.131571e+00    -0.96214248   -0.29240125  -0.00077800   -0.00770294   0.00112225  -0.00075866
2456210.683860  1.073697e+00    -0.96214057   -0.29240473  -0.00077791   -0.00770213   0.00112224  -0.00075859
2456210.684060  9.855572e-01    -0.96213875   -0.29240806  -0.00077782   -0.00770136   0.00112224  -0.00075851
2456210.684270  9.282861e-01    -0.96213685   -0.29241154  -0.00077772   -0.00770055   0.00112223  -0.00075843
2456210.684470  9.394676e-01    -0.96213503   -0.29241486  -0.00077763   -0.00769978   0.00112223  -0.00075835
2456210.684670  9.675687e-01    -0.96213321   -0.29241818  -0.00077753   -0.00769902   0.00112222  -0.00075828
2456210.684870  1.002956e+00    -0.96213139   -0.29242151  -0.00077744   -0.00769825   0.00112221  -0.00075820
2456210.685070  1.018783e+00    -0.96212957   -0.29242483  -0.00077735   -0.00769748   0.00112221  -0.00075813
2456210.685280  9.675687e-01    -0.96212766   -0.29242831  -0.00077725   -0.00769667   0.00112220  -0.00075805
2456210.685480  8.922403e-01    -0.96212584   -0.29243163  -0.00077716   -0.00769590   0.00112219  -0.00075797
2456210.685700  8.099940e-01    -0.96212384   -0.29243529  -0.00077706   -0.00769506   0.00112219  -0.00075789
2456210.685890  7.394040e-01    -0.96212212   -0.29243844  -0.00077697   -0.00769433   0.00112218  -0.00075782
2456210.686100  7.212434e-01    -0.96212021   -0.29244193  -0.00077688   -0.00769352   0.00112218  -0.00075774
2456210.686300  7.490000e-01    -0.96211839   -0.29244525  -0.00077678   -0.00769275   0.00112217  -0.00075766
2456210.686490  7.871941e-01    -0.96211666   -0.29244841  -0.00077670   -0.00769202   0.00112216  -0.00075759
2456210.686700  8.575942e-01    -0.96211475   -0.29245189  -0.00077660   -0.00769122   0.00112216  -0.00075751
2456210.686900  9.774214e-01    -0.96211293   -0.29245521  -0.00077651   -0.00769045   0.00112215  -0.00075744
2456210.687100  1.098707e+00    -0.96211111   -0.29245853  -0.00077641   -0.00768968   0.00112215  -0.00075736
2456210.687300  1.238460e+00    -0.96210930   -0.29246186  -0.00077632   -0.00768891   0.00112214  -0.00075728
2456210.687500  1.336847e+00    -0.96210748   -0.29246518  -0.00077623   -0.00768815   0.00112213  -0.00075721
2456210.687710  1.461779e+00    -0.96210557   -0.29246866  -0.00077613   -0.00768734   0.00112213  -0.00075713
2456210.687910  1.509669e+00    -0.96210375   -0.29247198  -0.00077604   -0.00768657   0.00112212  -0.00075705
2456210.688130  1.540571e+00    -0.96210175   -0.29247564  -0.00077594   -0.00768573   0.00112212  -0.00075697
2456210.688320  1.505504e+00    -0.96210002   -0.29247879  -0.00077585   -0.00768500   0.00112211  -0.00075690
2456210.688530  1.427190e+00    -0.96209811   -0.29248228  -0.00077576   -0.00768419   0.00112210  -0.00075682
2456210.688730  1.296826e+00    -0.96209629   -0.29248560  -0.00077566   -0.00768343   0.00112210  -0.00075674
2456210.689090  9.946764e-01    -0.96209302   -0.29249158  -0.00077550   -0.00768205   0.00112209  -0.00075661
2456210.689300  8.411662e-01    -0.96209111   -0.29249506  -0.00077540   -0.00768124   0.00112208  -0.00075653
2456210.689490  7.239054e-01    -0.96208938   -0.29249822  -0.00077531   -0.00768051   0.00112208  -0.00075646
2456210.689710  6.133125e-01    -0.96208738   -0.29250187  -0.00077521   -0.00767967   0.00112207  -0.00075637
2456210.689910  5.634843e-01    -0.96208556   -0.29250519  -0.00077512   -0.00767890   0.00112207  -0.00075630
2456210.690120  5.640035e-01    -0.96208365   -0.29250868  -0.00077502   -0.00767809   0.00112206  -0.00075622
2456210.690310  6.229911e-01    -0.96208192   -0.29251184  -0.00077493   -0.00767737   0.00112205  -0.00075615
2456210.690520  7.252401e-01    -0.96208001   -0.29251532  -0.00077484   -0.00767656   0.00112205  -0.00075607
2456210.690720  8.938854e-01    -0.96207820   -0.29251864  -0.00077475   -0.00767579   0.00112204  -0.00075599
2456210.690930  1.052160e+00    -0.96207629   -0.29252213  -0.00077465   -0.00767499   0.00112204  -0.00075591
2456210.691120  1.189274e+00    -0.96207456   -0.29252528  -0.00077456   -0.00767426   0.00112203  -0.00075584
2456210.691330  1.293248e+00    -0.96207265   -0.29252877  -0.00077446   -0.00767345   0.00112203  -0.00075576
2456210.691540  1.370509e+00    -0.96207074   -0.29253226  -0.00077437   -0.00767265   0.00112202  -0.00075568
2456210.691750  1.401141e+00    -0.96206883   -0.29253575  -0.00077427   -0.00767184   0.00112201  -0.00075561
2456210.691950  1.408905e+00    -0.96206701   -0.29253907  -0.00077418   -0.00767108   0.00112201  -0.00075553
2456210.692140  1.357944e+00    -0.96206528   -0.29254222  -0.00077409   -0.00767035   0.00112200  -0.00075546
2456210.692350  1.287306e+00    -0.96206337   -0.29254571  -0.00077399   -0.00766955   0.00112200  -0.00075538
2456210.692550  1.189274e+00    -0.96206155   -0.29254903  -0.00077390   -0.00766878   0.00112199  -0.00075530
2456210.692760  1.094666e+00    -0.96205964   -0.29255252  -0.00077381   -0.00766797   0.00112199  -0.00075523
2456210.692950  9.882841e-01    -0.96205792   -0.29255567  -0.00077372   -0.00766725   0.00112198  -0.00075515
2456210.693160  8.963587e-01    -0.96205601   -0.29255916  -0.00077362   -0.00766644   0.00112198  -0.00075507
2456210.693360  8.403918e-01    -0.96205419   -0.29256248  -0.00077353   -0.00766568   0.00112197  -0.00075500
2456210.693570  8.288612e-01    -0.96205228   -0.29256597  -0.00077343   -0.00766487   0.00112196  -0.00075492
2456210.693770  8.137328e-01    -0.96205046   -0.29256929  -0.00077334   -0.00766410   0.00112196  -0.00075484
2456210.693970  8.265742e-01    -0.96204864   -0.29257261  -0.00077325   -0.00766334   0.00112195  -0.00075477
2456210.694170  8.403918e-01    -0.96204682   -0.29257593  -0.00077316   -0.00766257   0.00112195  -0.00075469
2456210.694380  8.751486e-01    -0.96204491   -0.29257941  -0.00077306   -0.00766177   0.00112194  -0.00075462
2456210.694570  9.138645e-01    -0.96204318   -0.29258257  -0.00077297   -0.00766104   0.00112194  -0.00075454
2456210.694780  9.113429e-01    -0.96204127   -0.29258606  -0.00077287   -0.00766024   0.00112193  -0.00075446
2456210.694980  9.351512e-01    -0.96203945   -0.29258938  -0.00077278   -0.00765947   0.00112193  -0.00075439
2456210.697840  9.919318e-01    -0.96201344   -0.29263686  -0.00077146   -0.00764853   0.00112185  -0.00075331
2456210.698110  8.018291e-01    -0.96201098   -0.29264135  -0.00077134   -0.00764749   0.00112185  -0.00075321
2456210.698310  6.650922e-01    -0.96200916   -0.29264467  -0.00077125   -0.00764673   0.00112184  -0.00075314
2456210.698510  5.491384e-01    -0.96200735   -0.29264799  -0.00077115   -0.00764596   0.00112184  -0.00075306
2456210.702200  7.503810e-01    -0.96197378   -0.29270926  -0.00076945   -0.00763186   0.00112175  -0.00075168
2456210.702410  7.814151e-01    -0.96197187   -0.29271274  -0.00076936   -0.00763106   0.00112174  -0.00075160
2456210.702610  8.003535e-01    -0.96197005   -0.29271606  -0.00076926   -0.00763030   0.00112174  -0.00075152
2456210.702800  7.996166e-01    -0.96196832   -0.29271922  -0.00076918   -0.00762957   0.00112174  -0.00075145
2456210.703010  7.974103e-01    -0.96196641   -0.29272271  -0.00076908   -0.00762877   0.00112173  -0.00075137
2456210.703210  7.893722e-01    -0.96196459   -0.29272603  -0.00076899   -0.00762800   0.00112173  -0.00075130
2456210.703420  8.174888e-01    -0.96196268   -0.29272951  -0.00076889   -0.00762720   0.00112172  -0.00075122
2456210.703620  8.615527e-01    -0.96196086   -0.29273283  -0.00076880   -0.00762644   0.00112172  -0.00075114
2456210.703820  9.472875e-01    -0.96195904   -0.29273615  -0.00076871   -0.00762568   0.00112171  -0.00075107
2456210.704230  1.021602e+00    -0.96195531   -0.29274296  -0.00076852   -0.00762411   0.00112170  -0.00075092
2456210.705040  1.071721e+00    -0.96194794   -0.29275641  -0.00076814   -0.00762102   0.00112168  -0.00075061
2456210.705230  1.106832e+00    -0.96194621   -0.29275956  -0.00076806   -0.00762030   0.00112168  -0.00075054
2456210.705440  1.155798e+00    -0.96194430   -0.29276305  -0.00076796   -0.00761949   0.00112168  -0.00075046
2456210.705650  1.149428e+00    -0.96194239   -0.29276654  -0.00076786   -0.00761869   0.00112167  -0.00075038
2456210.705860  1.139940e+00    -0.96194048   -0.29277002  -0.00076777   -0.00761789   0.00112167  -0.00075030
2456210.706070  1.061896e+00    -0.96193857   -0.29277351  -0.00076767   -0.00761709   0.00112166  -0.00075023
2456210.709380  1.499967e+00    -0.96190845   -0.29282847  -0.00076614   -0.00760447   0.00112159  -0.00074899
2456210.709720  1.395988e+00    -0.96190536   -0.29283411  -0.00076599   -0.00760318   0.00112158  -0.00074886
2456210.709930  1.306417e+00    -0.96190345   -0.29283760  -0.00076589   -0.00760238   0.00112158  -0.00074878
2456210.710130  1.164345e+00    -0.96190163   -0.29284092  -0.00076580   -0.00760162   0.00112157  -0.00074871
2456210.710340  1.003880e+00    -0.96189972   -0.29284441  -0.00076570   -0.00760082   0.00112157  -0.00074863
2456210.710620  7.886455e-01    -0.96189717   -0.29284905  -0.00076557   -0.00759975   0.00112156  -0.00074852
2456210.710810  6.700108e-01    -0.96189544   -0.29285221  -0.00076548   -0.00759903   0.00112156  -0.00074845
2456210.712330  1.170798e+00    -0.96188161   -0.29287745  -0.00076478   -0.00759324   0.00112153  -0.00074788
2456210.715020  8.743430e-01    -0.96185713   -0.29292211  -0.00076354   -0.00758301   0.00112147  -0.00074688
2456210.716180  6.638681e-01    -0.96184657   -0.29294136  -0.00076301   -0.00757860   0.00112145  -0.00074645
2456210.716390  8.189961e-01    -0.96184466   -0.29294485  -0.00076291   -0.00757780   0.00112145  -0.00074637
2456210.716620  1.005731e+00    -0.96184256   -0.29294867  -0.00076281   -0.00757693   0.00112144  -0.00074628
2456210.717920  1.549108e+00    -0.96183073   -0.29297025  -0.00076221   -0.00757199   0.00112142  -0.00074580
2456210.718170  1.441723e+00    -0.96182846   -0.29297440  -0.00076209   -0.00757104   0.00112141  -0.00074570
2456210.718390  1.331931e+00    -0.96182645   -0.29297806  -0.00076199   -0.00757021   0.00112141  -0.00074562
2456210.718590  1.164345e+00    -0.96182463   -0.29298138  -0.00076190   -0.00756945   0.00112141  -0.00074555
2456210.718790  9.946764e-01    -0.96182281   -0.29298470  -0.00076181   -0.00756869   0.00112140  -0.00074547
2456210.718990  8.560159e-01    -0.96182099   -0.29298802  -0.00076171   -0.00756793   0.00112140  -0.00074540
2456210.719190  7.120030e-01    -0.96181917   -0.29299134  -0.00076162   -0.00756717   0.00112139  -0.00074532
2456210.719400  6.700108e-01    -0.96181726   -0.29299482  -0.00076152   -0.00756637   0.00112139  -0.00074524
2456210.719600  7.087316e-01    -0.96181544   -0.29299814  -0.00076143   -0.00756561   0.00112139  -0.00074517
2456210.719810  7.259084e-01    -0.96181353   -0.29300163  -0.00076134   -0.00756482   0.00112138  -0.00074509
2456210.720000  7.531506e-01    -0.96181180   -0.29300479  -0.00076125   -0.00756409   0.00112138  -0.00074502
2456210.720260  7.974103e-01    -0.96180943   -0.29300910  -0.00076113   -0.00756311   0.00112138  -0.00074492
2456210.720460  8.568047e-01    -0.96180761   -0.29301242  -0.00076104   -0.00756235   0.00112137  -0.00074485
2456210.720660  9.525369e-01    -0.96180579   -0.29301574  -0.00076094   -0.00756159   0.00112137  -0.00074477
2456210.720860  1.060918e+00    -0.96180397   -0.29301906  -0.00076085   -0.00756083   0.00112136  -0.00074470
2456210.721080  1.134702e+00    -0.96180197   -0.29302272  -0.00076075   -0.00756000   0.00112136  -0.00074462
2456210.721280  1.181631e+00    -0.96180015   -0.29302604  -0.00076066   -0.00755924   0.00112136  -0.00074454
2456210.721480  1.172956e+00    -0.96179833   -0.29302936  -0.00076057   -0.00755848   0.00112135  -0.00074447
2456210.721680  1.143094e+00    -0.96179651   -0.29303268  -0.00076047   -0.00755772   0.00112135  -0.00074439
2456210.721890  1.088634e+00    -0.96179459   -0.29303616  -0.00076038   -0.00755692   0.00112135  -0.00074431
2456210.722090  1.020662e+00    -0.96179277   -0.29303948  -0.00076028   -0.00755617   0.00112134  -0.00074424
2456210.722330  9.248724e-01    -0.96179059   -0.29304347  -0.00076017   -0.00755526   0.00112134  -0.00074415
2456210.726480  1.478025e+00    -0.96175281   -0.29311236  -0.00075826   -0.00753953   0.00112126  -0.00074260
2456210.726810  1.408905e+00    -0.96174980   -0.29311784  -0.00075811   -0.00753828   0.00112126  -0.00074248
2456210.727110  1.307621e+00    -0.96174707   -0.29312282  -0.00075797   -0.00753715   0.00112125  -0.00074237
2456210.727310  1.174037e+00    -0.96174525   -0.29312614  -0.00075788   -0.00753639   0.00112125  -0.00074229
2456210.728890  9.837434e-01    -0.96173087   -0.29315237  -0.00075715   -0.00753041   0.00112122  -0.00074171
2456210.731940  7.126591e-01    -0.96170309   -0.29320301  -0.00075574   -0.00751888   0.00112117  -0.00074057
2456210.732200  7.428170e-01    -0.96170073   -0.29320732  -0.00075562   -0.00751790   0.00112117  -0.00074047
2456210.732400  7.483105e-01    -0.96169890   -0.29321064  -0.00075553   -0.00751714   0.00112116  -0.00074040
2456210.732610  7.366850e-01    -0.96169699   -0.29321413  -0.00075543   -0.00751635   0.00112116  -0.00074032
2456210.732810  7.002963e-01    -0.96169517   -0.29321745  -0.00075534   -0.00751559   0.00112116  -0.00074025
2456210.733020  7.022340e-01    -0.96169326   -0.29322094  -0.00075525   -0.00751480   0.00112115  -0.00074017
2456210.733220  7.435015e-01    -0.96169144   -0.29322426  -0.00075515   -0.00751405   0.00112115  -0.00074009
2456210.733430  8.365306e-01    -0.96168953   -0.29322774  -0.00075506   -0.00751325   0.00112115  -0.00074002
2456210.733640  9.551725e-01    -0.96168761   -0.29323123  -0.00075496   -0.00751246   0.00112114  -0.00073994
2456210.733830  1.025373e+00    -0.96168588   -0.29323438  -0.00075487   -0.00751174   0.00112114  -0.00073987
2456210.734040  1.117074e+00    -0.96168397   -0.29323787  -0.00075478   -0.00751095   0.00112114  -0.00073979
2456210.734250  1.178370e+00    -0.96168206   -0.29324135  -0.00075468   -0.00751016   0.00112113  -0.00073971
2456210.734450  1.246470e+00    -0.96168024   -0.29324468  -0.00075459   -0.00750940   0.00112113  -0.00073964
2456210.734660  1.301613e+00    -0.96167832   -0.29324816  -0.00075449   -0.00750861   0.00112113  -0.00073956
2456210.734860  1.351705e+00    -0.96167650   -0.29325148  -0.00075440   -0.00750785   0.00112112  -0.00073948
2456210.735060  1.364212e+00    -0.96167468   -0.29325480  -0.00075430   -0.00750710   0.00112112  -0.00073941
2456210.735270  1.346734e+00    -0.96167277   -0.29325829  -0.00075421   -0.00750631   0.00112112  -0.00073933
2456210.735480  1.288492e+00    -0.96167086   -0.29326177  -0.00075411   -0.00750551   0.00112111  -0.00073925
2456210.735690  1.192564e+00    -0.96166894   -0.29326526  -0.00075401   -0.00750472   0.00112111  -0.00073917
2456210.735890  1.085630e+00    -0.96166712   -0.29326858  -0.00075392   -0.00750397   0.00112111  -0.00073910
2456210.736090  9.299976e-01    -0.96166530   -0.29327190  -0.00075383   -0.00750321   0.00112110  -0.00073903
2456210.739080  1.271985e+00    -0.96163807   -0.29332154  -0.00075245   -0.00749194   0.00112105  -0.00073791
2456210.739270  1.215855e+00    -0.96163634   -0.29332469  -0.00075236   -0.00749122   0.00112105  -0.00073784
2456210.739480  1.151547e+00    -0.96163443   -0.29332818  -0.00075227   -0.00749043   0.00112105  -0.00073776
2456210.739680  1.063853e+00    -0.96163260   -0.29333150  -0.00075217   -0.00748968   0.00112104  -0.00073769
2456210.739890  9.525369e-01    -0.96163069   -0.29333498  -0.00075208   -0.00748889   0.00112104  -0.00073761
2456210.740090  8.357605e-01    -0.96162887   -0.29333830  -0.00075199   -0.00748813   0.00112104  -0.00073754
2456210.740310  7.185911e-01    -0.96162687   -0.29334195  -0.00075188   -0.00748730   0.00112103  -0.00073746
2456210.740510  6.577818e-01    -0.96162504   -0.29334527  -0.00075179   -0.00748655   0.00112103  -0.00073738
2456210.740720  6.088101e-01    -0.96162313   -0.29334876  -0.00075170   -0.00748576   0.00112103  -0.00073730
2456210.740920  6.439940e-01    -0.96162131   -0.29335208  -0.00075160   -0.00748501   0.00112103  -0.00073723
2456210.741190  8.047886e-01    -0.96161885   -0.29335656  -0.00075148   -0.00748399   0.00112102  -0.00073713
2456210.741400  9.004961e-01    -0.96161694   -0.29336005  -0.00075138   -0.00748320   0.00112102  -0.00073705
2456210.741610  9.675687e-01    -0.96161502   -0.29336353  -0.00075128   -0.00748241   0.00112101  -0.00073697
2456210.741810  1.005731e+00    -0.96161320   -0.29336685  -0.00075119   -0.00748166   0.00112101  -0.00073690
2456210.742030  1.048291e+00    -0.96161120   -0.29337051  -0.00075109   -0.00748083   0.00112101  -0.00073682
2456210.742220  1.083632e+00    -0.96160947   -0.29337366  -0.00075100   -0.00748011   0.00112100  -0.00073674
2456210.742420  1.091646e+00    -0.96160765   -0.29337698  -0.00075091   -0.00747936   0.00112100  -0.00073667
2456210.742630  1.075677e+00    -0.96160573   -0.29338047  -0.00075081   -0.00747857   0.00112100  -0.00073659
2456210.742830  1.046362e+00    -0.96160391   -0.29338379  -0.00075072   -0.00747782   0.00112099  -0.00073652
2456210.743030  1.007585e+00    -0.96160209   -0.29338711  -0.00075063   -0.00747706   0.00112099  -0.00073644
