2458037.928232  1.118559e+00    -0.95208869   -0.30818724  -0.00007163   -0.00296978   0.00107581  -0.00005365
2458037.928290  1.037042e+00    -0.95208815   -0.30818824  -0.00007162   -0.00296955   0.00107576  -0.00005364
2458037.928348  1.136930e+00    -0.95208761   -0.30818924  -0.00007160   -0.00296933   0.00107572  -0.00005362
2458037.928406  8.559945e-01    -0.95208707   -0.30819023  -0.00007158   -0.00296910   0.00107567  -0.00005361
2458037.928464  1.185791e+00    -0.95208653   -0.30819123  -0.00007157   -0.00296888   0.00107563  -0.00005360
2458037.928521  1.069416e+00    -0.95208600   -0.30819221  -0.00007155   -0.00296866   0.00107558  -0.00005358
2458037.928580  1.326425e+00    -0.95208545   -0.30819322  -0.00007153   -0.00296843   0.00107554  -0.00005357
2458037.928637  1.199558e+00    -0.95208491   -0.30819421  -0.00007152   -0.00296820   0.00107549  -0.00005356
2458037.928695  1.405266e+00    -0.95208437   -0.30819520  -0.00007150   -0.00296798   0.00107545  -0.00005354
2458037.928753  1.141027e+00    -0.95208383   -0.30819620  -0.00007148   -0.00296775   0.00107541  -0.00005353
2458037.928811  9.384973e-01    -0.95208329   -0.30819720  -0.00007146   -0.00296753   0.00107536  -0.00005352
2458037.928868  1.083357e+00    -0.95208276   -0.30819818  -0.00007145   -0.00296731   0.00107532  -0.00005350
2458037.928927  1.227743e+00    -0.95208221   -0.30819919  -0.00007143   -0.00296708   0.00107527  -0.00005349
2458037.928984  1.202945e+00    -0.95208168   -0.30820017  -0.00007141   -0.00296686   0.00107523  -0.00005348
2458037.929042  1.242176e+00    -0.95208114   -0.30820117  -0.00007140   -0.00296663   0.00107518  -0.00005346
2458037.929100  1.055165e+00    -0.95208060   -0.30820217  -0.00007138   -0.00296640   0.00107514  -0.00005345
2458037.929158  7.642891e-01    -0.95208006   -0.30820316  -0.00007136   -0.00296618   0.00107509  -0.00005344
2458037.929216  9.479708e-01    -0.95207951   -0.30820416  -0.00007135   -0.00296595   0.00107505  -0.00005342
2458037.929274  1.182312e+00    -0.95207897   -0.30820516  -0.00007133   -0.00296573   0.00107500  -0.00005341
2458037.929564  8.543157e-01    -0.95207627   -0.30821015  -0.00007125   -0.00296460   0.00107478  -0.00005334
2458037.929621  8.748965e-01    -0.95207574   -0.30821113  -0.00007123   -0.00296438   0.00107474  -0.00005333
2458037.929679  9.512483e-01    -0.95207520   -0.30821212  -0.00007121   -0.00296416   0.00107469  -0.00005331
2458037.929737  1.063240e+00    -0.95207465   -0.30821312  -0.00007120   -0.00296393   0.00107465  -0.00005330
2458037.929795  8.444391e-01    -0.95207411   -0.30821412  -0.00007118   -0.00296370   0.00107460  -0.00005329
2458037.929852  7.821798e-01    -0.95207358   -0.30821510  -0.00007116   -0.00296348   0.00107456  -0.00005327
2458037.929911  6.861874e-01    -0.95207303   -0.30821611  -0.00007114   -0.00296325   0.00107451  -0.00005326
2458037.929968  1.015736e+00    -0.95207250   -0.30821709  -0.00007113   -0.00296303   0.00107447  -0.00005325
2458037.930026  1.004427e+00    -0.95207196   -0.30821809  -0.00007111   -0.00296281   0.00107443  -0.00005323
2458037.930084  8.626913e-01    -0.95207142   -0.30821909  -0.00007109   -0.00296258   0.00107438  -0.00005322
2458037.930142  5.009480e-01    -0.95207088   -0.30822009  -0.00007108   -0.00296236   0.00107434  -0.00005321
2458037.930200  8.592703e-01    -0.95207034   -0.30822108  -0.00007106   -0.00296213   0.00107429  -0.00005319
2458037.930258  4.765045e-01    -0.95206979   -0.30822208  -0.00007104   -0.00296191   0.00107425  -0.00005318
2458037.930316  9.179187e-01    -0.95206925   -0.30822308  -0.00007103   -0.00296168   0.00107420  -0.00005317
2458037.930373  5.384464e-01    -0.95206872   -0.30822406  -0.00007101   -0.00296146   0.00107416  -0.00005315
2458037.930432  7.182548e-01    -0.95206817   -0.30822507  -0.00007099   -0.00296123   0.00107411  -0.00005314
2458037.930489  7.161711e-01    -0.95206764   -0.30822605  -0.00007098   -0.00296101   0.00107407  -0.00005313
2458037.930547  5.890525e-01    -0.95206710   -0.30822705  -0.00007096   -0.00296078   0.00107403  -0.00005311
2458037.930605  7.259240e-01    -0.95206656   -0.30822805  -0.00007094   -0.00296056   0.00107398  -0.00005310
2458037.930663  7.191646e-01    -0.95206602   -0.30822905  -0.00007093   -0.00296033   0.00107394  -0.00005309
2458037.930721  6.479858e-01    -0.95206548   -0.30823004  -0.00007091   -0.00296011   0.00107389  -0.00005307
2458037.930779  8.338782e-01    -0.95206494   -0.30823104  -0.00007089   -0.00295988   0.00107385  -0.00005306
2458037.930837  5.773508e-01    -0.95206439   -0.30823204  -0.00007088   -0.00295966   0.00107380  -0.00005305
2458037.930894  5.778007e-01    -0.95206386   -0.30823302  -0.00007086   -0.00295943   0.00107376  -0.00005303
2458037.930952  6.196054e-01    -0.95206332   -0.30823402  -0.00007084   -0.00295921   0.00107371  -0.00005302
2458037.931010  4.150040e-01    -0.95206278   -0.30823501  -0.00007083   -0.00295898   0.00107367  -0.00005301
2458037.931068  3.499367e-01    -0.95206224   -0.30823601  -0.00007081   -0.00295876   0.00107363  -0.00005299
2458037.931126  6.485248e-01    -0.95206170   -0.30823701  -0.00007079   -0.00295853   0.00107358  -0.00005298
2458037.931184  6.928891e-01    -0.95206116   -0.30823800  -0.00007077   -0.00295831   0.00107354  -0.00005297
2458037.931242  6.134806e-01    -0.95206062   -0.30823900  -0.00007076   -0.00295808   0.00107349  -0.00005295
2458037.931300  6.566561e-01    -0.95206008   -0.30824000  -0.00007074   -0.00295786   0.00107345  -0.00005294
2458037.931357  6.351499e-01    -0.95205954   -0.30824098  -0.00007072   -0.00295764   0.00107340  -0.00005293
2458037.931416  4.848554e-01    -0.95205899   -0.30824199  -0.00007071   -0.00295741   0.00107336  -0.00005291
2458037.931473  8.119895e-01    -0.95205846   -0.30824297  -0.00007069   -0.00295719   0.00107331  -0.00005290
2458037.931531  7.739048e-01    -0.95205792   -0.30824397  -0.00007067   -0.00295696   0.00107327  -0.00005289
2458037.931589  1.140315e+00    -0.95205738   -0.30824497  -0.00007066   -0.00295674   0.00107323  -0.00005287
2458037.931647  9.857386e-01    -0.95205684   -0.30824597  -0.00007064   -0.00295651   0.00107318  -0.00005286
2458037.931705  1.020702e+00    -0.95205630   -0.30824696  -0.00007062   -0.00295628   0.00107314  -0.00005285
2458037.931763  1.141921e+00    -0.95205576   -0.30824796  -0.00007061   -0.00295606   0.00107309  -0.00005283
2458037.931820  1.277539e+00    -0.95205522   -0.30824894  -0.00007059   -0.00295584   0.00107305  -0.00005282
2458037.931878  1.116635e+00    -0.95205468   -0.30824994  -0.00007057   -0.00295561   0.00107300  -0.00005281
2458037.931936  1.041954e+00    -0.95205414   -0.30825094  -0.00007056   -0.00295539   0.00107296  -0.00005279
2458037.931994  1.640535e+00    -0.95205360   -0.30825193  -0.00007054   -0.00295516   0.00107292  -0.00005278
2458037.932052  1.374430e+00    -0.95205306   -0.30825293  -0.00007052   -0.00295494   0.00107287  -0.00005277
2458037.932110  1.646113e+00    -0.95205252   -0.30825393  -0.00007051   -0.00295471   0.00107283  -0.00005275
2458037.932168  1.737788e+00    -0.95205198   -0.30825493  -0.00007049   -0.00295449   0.00107278  -0.00005274
2458037.932225  1.500842e+00    -0.95205145   -0.30825591  -0.00007047   -0.00295426   0.00107274  -0.00005273
2458037.932284  1.430444e+00    -0.95205090   -0.30825692  -0.00007045   -0.00295404   0.00107269  -0.00005271
2458037.932341  1.710051e+00    -0.95205036   -0.30825790  -0.00007044   -0.00295381   0.00107265  -0.00005270
2458037.932399  1.625347e+00    -0.95204982   -0.30825890  -0.00007042   -0.00295359   0.00107260  -0.00005269
2458037.932457  1.762313e+00    -0.95204928   -0.30825990  -0.00007040   -0.00295336   0.00107256  -0.00005267
2458037.932515  1.710882e+00    -0.95204874   -0.30826089  -0.00007039   -0.00295314   0.00107252  -0.00005266
2458037.932573  1.470812e+00    -0.95204820   -0.30826189  -0.00007037   -0.00295291   0.00107247  -0.00005265
2458037.932631  1.819258e+00    -0.95204766   -0.30826289  -0.00007035   -0.00295269   0.00107243  -0.00005263
2458037.932689  1.619688e+00    -0.95204712   -0.30826389  -0.00007034   -0.00295246   0.00107238  -0.00005262
2458037.932746  1.522543e+00    -0.95204659   -0.30826487  -0.00007032   -0.00295224   0.00107234  -0.00005261
2458037.932804  1.754311e+00    -0.95204605   -0.30826586  -0.00007030   -0.00295202   0.00107229  -0.00005259
2458037.932862  1.665879e+00    -0.95204550   -0.30826686  -0.00007029   -0.00295179   0.00107225  -0.00005258
2458037.932920  1.757036e+00    -0.95204496   -0.30826786  -0.00007027   -0.00295157   0.00107221  -0.00005257
2458037.932978  1.603679e+00    -0.95204442   -0.30826886  -0.00007025   -0.00295134   0.00107216  -0.00005255
2458037.933036  1.890839e+00    -0.95204388   -0.30826985  -0.00007024   -0.00295112   0.00107212  -0.00005254
2458037.933094  1.713135e+00    -0.95204334   -0.30827085  -0.00007022   -0.00295089   0.00107207  -0.00005253
2458037.933152  1.653974e+00    -0.95204280   -0.30827185  -0.00007020   -0.00295067   0.00107203  -0.00005251
2458037.933209  1.706345e+00    -0.95204227   -0.30827283  -0.00007019   -0.00295044   0.00107198  -0.00005250
2458037.933268  1.356446e+00    -0.95204172   -0.30827384  -0.00007017   -0.00295021   0.00107194  -0.00005249
2458037.933325  1.596396e+00    -0.95204119   -0.30827482  -0.00007015   -0.00294999   0.00107190  -0.00005247
2458037.933383  1.851304e+00    -0.95204064   -0.30827582  -0.00007013   -0.00294977   0.00107185  -0.00005246
2458037.933441  1.770985e+00    -0.95204010   -0.30827682  -0.00007012   -0.00294954   0.00107181  -0.00005245
2458037.933499  1.462015e+00    -0.95203956   -0.30827781  -0.00007010   -0.00294932   0.00107176  -0.00005243
2458037.933557  1.423275e+00    -0.95203902   -0.30827881  -0.00007008   -0.00294909   0.00107172  -0.00005242
2458037.933615  1.246309e+00    -0.95203848   -0.30827981  -0.00007007   -0.00294887   0.00107167  -0.00005241
2458037.933673  1.231297e+00    -0.95203794   -0.30828081  -0.00007005   -0.00294864   0.00107163  -0.00005239
2458037.933730  1.327703e+00    -0.95203741   -0.30828179  -0.00007003   -0.00294842   0.00107159  -0.00005238
2458037.933789  1.311707e+00    -0.95203686   -0.30828280  -0.00007002   -0.00294819   0.00107154  -0.00005237
2458037.933846  1.209413e+00    -0.95203633   -0.30828378  -0.00007000   -0.00294797   0.00107150  -0.00005235
2458037.933904  1.269731e+00    -0.95203578   -0.30828478  -0.00006998   -0.00294775   0.00107145  -0.00005234
2458037.933962  1.199082e+00    -0.95203524   -0.30828578  -0.00006997   -0.00294752   0.00107141  -0.00005233
2458037.934020  1.138638e+00    -0.95203470   -0.30828677  -0.00006995   -0.00294730   0.00107136  -0.00005231
2458037.934077  1.024056e+00    -0.95203417   -0.30828775  -0.00006993   -0.00294707   0.00107132  -0.00005230
2458037.934136  1.130992e+00    -0.95203362   -0.30828877  -0.00006992   -0.00294685   0.00107127  -0.00005229
2458037.934193  7.301258e-01    -0.95203309   -0.30828975  -0.00006990   -0.00294662   0.00107123  -0.00005227
2458037.934772  6.245514e-01    -0.95202769   -0.30829971  -0.00006973   -0.00294438   0.00107079  -0.00005214
2458037.934830  8.164039e-01    -0.95202715   -0.30830070  -0.00006971   -0.00294415   0.00107074  -0.00005213
2458037.934888  6.525924e-01    -0.95202660   -0.30830170  -0.00006970   -0.00294393   0.00107070  -0.00005211
2458037.934945  7.751397e-01    -0.95202607   -0.30830268  -0.00006968   -0.00294371   0.00107066  -0.00005210
2458037.935004  8.274006e-01    -0.95202552   -0.30830370  -0.00006966   -0.00294348   0.00107061  -0.00005209
2458037.935061  7.366375e-01    -0.95202499   -0.30830468  -0.00006965   -0.00294325   0.00107057  -0.00005207
2458037.935120  6.854719e-01    -0.95202444   -0.30830569  -0.00006963   -0.00294303   0.00107052  -0.00005206
2458037.935177  8.202149e-01    -0.95202391   -0.30830667  -0.00006961   -0.00294280   0.00107048  -0.00005205
2458037.935235  1.025804e+00    -0.95202337   -0.30830767  -0.00006960   -0.00294258   0.00107043  -0.00005203
2458037.935293  1.125645e+00    -0.95202283   -0.30830866  -0.00006958   -0.00294235   0.00107039  -0.00005202
2458037.935351  6.417093e-01    -0.95202228   -0.30830966  -0.00006956   -0.00294213   0.00107035  -0.00005201
2458037.935409  9.516455e-01    -0.95202174   -0.30831066  -0.00006955   -0.00294190   0.00107030  -0.00005199
2458037.935467  9.480082e-01    -0.95202120   -0.30831166  -0.00006953   -0.00294168   0.00107026  -0.00005198
2458037.935525  1.300017e+00    -0.95202066   -0.30831265  -0.00006951   -0.00294145   0.00107021  -0.00005197
2458037.935582  1.316700e+00    -0.95202013   -0.30831363  -0.00006950   -0.00294123   0.00107017  -0.00005196
2458037.935641  1.259571e+00    -0.95201958   -0.30831465  -0.00006948   -0.00294100   0.00107012  -0.00005194
2458037.935698  1.294675e+00    -0.95201905   -0.30831563  -0.00006946   -0.00294078   0.00107008  -0.00005193
2458037.935756  1.176244e+00    -0.95201851   -0.30831663  -0.00006944   -0.00294056   0.00107004  -0.00005192
2458037.935814  1.393267e+00    -0.95201796   -0.30831762  -0.00006943   -0.00294033   0.00106999  -0.00005190
2458037.935872  1.313322e+00    -0.95201742   -0.30831862  -0.00006941   -0.00294011   0.00106995  -0.00005189
2458037.935929  1.412242e+00    -0.95201689   -0.30831960  -0.00006939   -0.00293989   0.00106990  -0.00005188
2458037.935988  1.525615e+00    -0.95201634   -0.30832062  -0.00006938   -0.00293966   0.00106986  -0.00005186
2458037.936045  1.418348e+00    -0.95201581   -0.30832160  -0.00006936   -0.00293944   0.00106982  -0.00005185
2458037.936103  1.723931e+00    -0.95201527   -0.30832259  -0.00006934   -0.00293921   0.00106977  -0.00005184
2458037.936161  1.539064e+00    -0.95201473   -0.30832359  -0.00006933   -0.00293899   0.00106973  -0.00005182
2458037.936219  1.356418e+00    -0.95201419   -0.30832459  -0.00006931   -0.00293876   0.00106968  -0.00005181
2458037.936277  1.642594e+00    -0.95201365   -0.30832559  -0.00006929   -0.00293854   0.00106964  -0.00005180
2458037.936335  1.309384e+00    -0.95201310   -0.30832658  -0.00006928   -0.00293831   0.00106959  -0.00005178
2458037.936393  1.504541e+00    -0.95201256   -0.30832758  -0.00006926   -0.00293809   0.00106955  -0.00005177
2458037.936450  1.337032e+00    -0.95201203   -0.30832856  -0.00006924   -0.00293786   0.00106951  -0.00005176
2458037.936509  1.225964e+00    -0.95201148   -0.30832958  -0.00006923   -0.00293764   0.00106946  -0.00005174
2458037.936566  1.243986e+00    -0.95201095   -0.30833056  -0.00006921   -0.00293741   0.00106942  -0.00005173
2458037.936624  1.146971e+00    -0.95201041   -0.30833155  -0.00006919   -0.00293719   0.00106937  -0.00005172
2458037.936682  1.152097e+00    -0.95200987   -0.30833255  -0.00006918   -0.00293696   0.00106933  -0.00005170
2458037.936740  1.155117e+00    -0.95200933   -0.30833355  -0.00006916   -0.00293674   0.00106929  -0.00005169
2458037.936798  1.217202e+00    -0.95200878   -0.30833455  -0.00006914   -0.00293651   0.00106924  -0.00005168
2458037.936856  9.139019e-01    -0.95200824   -0.30833554  -0.00006912   -0.00293629   0.00106920  -0.00005166
2458037.936914  1.188055e+00    -0.95200770   -0.30833654  -0.00006911   -0.00293606   0.00106915  -0.00005165
2458037.936972  1.112687e+00    -0.95200716   -0.30833754  -0.00006909   -0.00293584   0.00106911  -0.00005164
2458037.937029  1.121789e+00    -0.95200663   -0.30833852  -0.00006907   -0.00293562   0.00106907  -0.00005162
2458037.937087  9.877518e-01    -0.95200609   -0.30833952  -0.00006906   -0.00293539   0.00106902  -0.00005161
2458037.937145  6.683203e-01    -0.95200555   -0.30834051  -0.00006904   -0.00293517   0.00106898  -0.00005160
2458037.937203  8.728134e-01    -0.95200501   -0.30834151  -0.00006902   -0.00293494   0.00106893  -0.00005158
2458037.937261  9.376876e-01    -0.95200446   -0.30834251  -0.00006901   -0.00293472   0.00106889  -0.00005157
2458037.937319  9.709458e-01    -0.95200392   -0.30834350  -0.00006899   -0.00293449   0.00106884  -0.00005156
2458037.937377  7.209941e-01    -0.95200338   -0.30834450  -0.00006897   -0.00293427   0.00106880  -0.00005154
2458037.937434  8.779496e-01    -0.95200285   -0.30834548  -0.00006896   -0.00293405   0.00106876  -0.00005153
2458037.937493  8.390837e-01    -0.95200230   -0.30834650  -0.00006894   -0.00293382   0.00106871  -0.00005152
2458037.937550  8.405105e-01    -0.95200177   -0.30834748  -0.00006892   -0.00293360   0.00106867  -0.00005150
2458037.939038  9.190087e-01    -0.95198788   -0.30837306  -0.00006849   -0.00292783   0.00106754  -0.00005117
2458037.939096  7.113057e-01    -0.95198734   -0.30837406  -0.00006847   -0.00292760   0.00106749  -0.00005115
2458037.939154  9.204346e-01    -0.95198680   -0.30837506  -0.00006846   -0.00292738   0.00106745  -0.00005114
2458037.939212  5.591516e-01    -0.95198626   -0.30837606  -0.00006844   -0.00292715   0.00106740  -0.00005113
2458037.939270  5.042736e-01    -0.95198572   -0.30837705  -0.00006842   -0.00292693   0.00106736  -0.00005111
2458037.939327  7.207821e-01    -0.95198519   -0.30837803  -0.00006841   -0.00292671   0.00106732  -0.00005110
2458037.939385  6.512394e-01    -0.95198465   -0.30837903  -0.00006839   -0.00292648   0.00106727  -0.00005109
2458037.939443  7.048186e-01    -0.95198411   -0.30838003  -0.00006837   -0.00292626   0.00106723  -0.00005107
2458037.939501  4.111630e-01    -0.95198356   -0.30838103  -0.00006836   -0.00292603   0.00106718  -0.00005106
2458037.940138  6.682177e-01    -0.95197762   -0.30839198  -0.00006817   -0.00292356   0.00106670  -0.00005092
2458037.940196  9.955305e-01    -0.95197708   -0.30839298  -0.00006815   -0.00292334   0.00106666  -0.00005090
2458037.940253  1.183565e+00    -0.95197655   -0.30839396  -0.00006814   -0.00292312   0.00106661  -0.00005089
2458037.940312  1.136391e+00    -0.95197600   -0.30839497  -0.00006812   -0.00292289   0.00106657  -0.00005088
2458037.940369  1.094121e+00    -0.95197546   -0.30839595  -0.00006810   -0.00292267   0.00106652  -0.00005086
2458037.940427  1.136062e+00    -0.95197492   -0.30839695  -0.00006809   -0.00292244   0.00106648  -0.00005085
2458037.940485  1.204866e+00    -0.95197438   -0.30839795  -0.00006807   -0.00292222   0.00106644  -0.00005084
2458037.940543  1.188161e+00    -0.95197384   -0.30839894  -0.00006805   -0.00292199   0.00106639  -0.00005082
2458037.940600  8.693866e-01    -0.95197331   -0.30839992  -0.00006804   -0.00292177   0.00106635  -0.00005081
2458037.940659  1.174758e+00    -0.95197276   -0.30840094  -0.00006802   -0.00292154   0.00106630  -0.00005080
2458037.940716  1.283176e+00    -0.95197223   -0.30840192  -0.00006800   -0.00292132   0.00106626  -0.00005078
2458037.940774  1.257253e+00    -0.95197169   -0.30840292  -0.00006798   -0.00292110   0.00106622  -0.00005077
2458037.940832  1.533766e+00    -0.95197114   -0.30840391  -0.00006797   -0.00292087   0.00106617  -0.00005076
2458037.940890  1.408951e+00    -0.95197060   -0.30840491  -0.00006795   -0.00292065   0.00106613  -0.00005074
2458037.940948  1.135618e+00    -0.95197006   -0.30840591  -0.00006793   -0.00292042   0.00106608  -0.00005073
2458037.941006  1.400777e+00    -0.95196952   -0.30840691  -0.00006792   -0.00292020   0.00106604  -0.00005072
2458037.941064  1.302283e+00    -0.95196898   -0.30840790  -0.00006790   -0.00291997   0.00106600  -0.00005070
2458037.941122  1.696063e+00    -0.95196844   -0.30840890  -0.00006788   -0.00291975   0.00106595  -0.00005069
2458037.941180  1.672548e+00    -0.95196790   -0.30840990  -0.00006787   -0.00291952   0.00106591  -0.00005068
2458037.941237  1.608852e+00    -0.95196736   -0.30841088  -0.00006785   -0.00291930   0.00106586  -0.00005067
2458037.941296  1.706285e+00    -0.95196681   -0.30841189  -0.00006783   -0.00291907   0.00106582  -0.00005065
2458037.941353  1.609864e+00    -0.95196628   -0.30841287  -0.00006782   -0.00291885   0.00106578  -0.00005064
2458037.941411  1.668499e+00    -0.95196574   -0.30841387  -0.00006780   -0.00291863   0.00106573  -0.00005063
2458037.941469  1.691462e+00    -0.95196520   -0.30841487  -0.00006778   -0.00291840   0.00106569  -0.00005061
2458037.941527  1.594406e+00    -0.95196466   -0.30841587  -0.00006777   -0.00291818   0.00106564  -0.00005060
2458037.941584  1.526640e+00    -0.95196413   -0.30841685  -0.00006775   -0.00291796   0.00106560  -0.00005059
2458037.941643  1.468493e+00    -0.95196358   -0.30841786  -0.00006773   -0.00291773   0.00106556  -0.00005057
2458037.941700  1.723493e+00    -0.95196304   -0.30841884  -0.00006772   -0.00291751   0.00106551  -0.00005056
2458037.941758  1.284535e+00    -0.95196250   -0.30841984  -0.00006770   -0.00291728   0.00106547  -0.00005055
2458037.941816  1.471915e+00    -0.95196196   -0.30842084  -0.00006768   -0.00291706   0.00106543  -0.00005053
2458037.941874  1.365901e+00    -0.95196142   -0.30842183  -0.00006766   -0.00291683   0.00106538  -0.00005052
2458037.941932  1.269859e+00    -0.95196088   -0.30842283  -0.00006765   -0.00291661   0.00106534  -0.00005051
2458037.941990  1.416746e+00    -0.95196034   -0.30842383  -0.00006763   -0.00291638   0.00106529  -0.00005049
2458037.942048  1.255534e+00    -0.95195980   -0.30842482  -0.00006761   -0.00291616   0.00106525  -0.00005048
2458037.942105  1.284595e+00    -0.95195926   -0.30842580  -0.00006760   -0.00291594   0.00106521  -0.00005047
2458037.942164  1.255167e+00    -0.95195871   -0.30842682  -0.00006758   -0.00291571   0.00106516  -0.00005046
2458037.942221  1.047705e+00    -0.95195818   -0.30842780  -0.00006756   -0.00291549   0.00106512  -0.00005044
2458037.942279  1.197225e+00    -0.95195764   -0.30842880  -0.00006755   -0.00291526   0.00106507  -0.00005043
2458037.942337  1.033980e+00    -0.95195710   -0.30842979  -0.00006753   -0.00291504   0.00106503  -0.00005042
2458037.942395  9.112733e-01    -0.95195656   -0.30843079  -0.00006751   -0.00291482   0.00106499  -0.00005040
2458037.942452  1.192302e+00    -0.95195603   -0.30843177  -0.00006750   -0.00291459   0.00106494  -0.00005039
2458037.942511  1.358694e+00    -0.95195548   -0.30843279  -0.00006748   -0.00291437   0.00106490  -0.00005038
2458037.942568  9.025248e-01    -0.95195494   -0.30843377  -0.00006746   -0.00291414   0.00106486  -0.00005036
2458037.942626  7.519615e-01    -0.95195440   -0.30843476  -0.00006745   -0.00291392   0.00106481  -0.00005035
2458037.942684  8.907012e-01    -0.95195386   -0.30843576  -0.00006743   -0.00291370   0.00106477  -0.00005034
2458037.942742  6.132937e-01    -0.95195332   -0.30843676  -0.00006741   -0.00291347   0.00106472  -0.00005032
2458037.942800  8.937272e-01    -0.95195278   -0.30843776  -0.00006740   -0.00291325   0.00106468  -0.00005031
2458037.942858  6.936517e-01    -0.95195224   -0.30843875  -0.00006738   -0.00291302   0.00106464  -0.00005030
2458037.942916  8.556140e-01    -0.95195170   -0.30843975  -0.00006736   -0.00291280   0.00106459  -0.00005029
2458037.942974  4.193864e-01    -0.95195116   -0.30844075  -0.00006734   -0.00291257   0.00106455  -0.00005027
2458037.943032  4.810063e-01    -0.95195061   -0.30844175  -0.00006733   -0.00291235   0.00106450  -0.00005026
2458037.943089  9.455583e-01    -0.95195008   -0.30844273  -0.00006731   -0.00291213   0.00106446  -0.00005025
2458037.943148  4.862097e-01    -0.95194953   -0.30844374  -0.00006729   -0.00291190   0.00106442  -0.00005023
2458037.943205  6.373253e-01    -0.95194900   -0.30844472  -0.00006728   -0.00291168   0.00106437  -0.00005022
2458037.943263  9.434037e-01    -0.95194846   -0.30844572  -0.00006726   -0.00291145   0.00106433  -0.00005021
2458037.943321  5.762806e-01    -0.95194792   -0.30844671  -0.00006724   -0.00291123   0.00106429  -0.00005019
2458037.943379  7.968387e-01    -0.95194738   -0.30844771  -0.00006723   -0.00291100   0.00106424  -0.00005018
2458037.943437  5.031609e-01    -0.95194683   -0.30844871  -0.00006721   -0.00291078   0.00106420  -0.00005017
2458037.943495  8.799201e-01    -0.95194629   -0.30844971  -0.00006719   -0.00291055   0.00106415  -0.00005015
2458037.943552  6.969165e-01    -0.95194576   -0.30845069  -0.00006718   -0.00291033   0.00106411  -0.00005014
2458037.943610  9.512993e-01    -0.95194522   -0.30845168  -0.00006716   -0.00291011   0.00106407  -0.00005013
2458037.943668  7.882311e-01    -0.95194468   -0.30845268  -0.00006714   -0.00290988   0.00106402  -0.00005011
2458037.943726  1.004130e+00    -0.95194414   -0.30845368  -0.00006713   -0.00290966   0.00106398  -0.00005010
2458037.943784  7.286624e-01    -0.95194360   -0.30845468  -0.00006711   -0.00290943   0.00106393  -0.00005009
2458037.943842  7.713700e-01    -0.95194305   -0.30845567  -0.00006709   -0.00290921   0.00106389  -0.00005008
2458037.943900  7.454168e-01    -0.95194251   -0.30845667  -0.00006708   -0.00290899   0.00106385  -0.00005006
2458037.943957  7.283442e-01    -0.95194198   -0.30845765  -0.00006706   -0.00290876   0.00106380  -0.00005005
2458037.944016  6.090766e-01    -0.95194143   -0.30845867  -0.00006704   -0.00290854   0.00106376  -0.00005004
2458037.944073  9.406096e-01    -0.95194090   -0.30845965  -0.00006703   -0.00290832   0.00106372  -0.00005002
2458037.944131  6.952577e-01    -0.95194036   -0.30846064  -0.00006701   -0.00290809   0.00106367  -0.00005001
2458037.944189  9.675695e-01    -0.95193982   -0.30846164  -0.00006699   -0.00290787   0.00106363  -0.00005000
2458037.944247  9.972832e-01    -0.95193928   -0.30846264  -0.00006697   -0.00290764   0.00106358  -0.00004998
2458037.944305  1.033606e+00    -0.95193873   -0.30846364  -0.00006696   -0.00290742   0.00106354  -0.00004997
2458037.944363  9.851248e-01    -0.95193819   -0.30846463  -0.00006694   -0.00290719   0.00106350  -0.00004996
2458037.944421  1.079015e+00    -0.95193765   -0.30846563  -0.00006692   -0.00290697   0.00106345  -0.00004994
2458037.944478  1.250158e+00    -0.95193712   -0.30846661  -0.00006691   -0.00290675   0.00106341  -0.00004993
2458037.944537  1.183860e+00    -0.95193657   -0.30846763  -0.00006689   -0.00290652   0.00106337  -0.00004992
2458037.944594  1.230376e+00    -0.95193604   -0.30846861  -0.00006687   -0.00290630   0.00106332  -0.00004991
2458037.944652  1.284618e+00    -0.95193550   -0.30846960  -0.00006686   -0.00290607   0.00106328  -0.00004989
2458037.944710  1.463897e+00    -0.95193495   -0.30847060  -0.00006684   -0.00290585   0.00106323  -0.00004988
2458037.944768  1.021990e+00    -0.95193441   -0.30847160  -0.00006682   -0.00290562   0.00106319  -0.00004987
2458037.944826  1.345808e+00    -0.95193387   -0.30847259  -0.00006681   -0.00290540   0.00106315  -0.00004985
2458037.944884  1.355562e+00    -0.95193333   -0.30847359  -0.00006679   -0.00290517   0.00106310  -0.00004984
2458037.944941  1.520747e+00    -0.95193280   -0.30847457  -0.00006677   -0.00290495   0.00106306  -0.00004983
2458037.945000  1.476359e+00    -0.95193225   -0.30847559  -0.00006676   -0.00290473   0.00106302  -0.00004981
2458037.945057  1.107464e+00    -0.95193172   -0.30847657  -0.00006674   -0.00290450   0.00106297  -0.00004980
2458037.945115  1.224238e+00    -0.95193117   -0.30847756  -0.00006672   -0.00290428   0.00106293  -0.00004979
2458037.945173  1.421026e+00    -0.95193063   -0.30847856  -0.00006671   -0.00290406   0.00106288  -0.00004978
2458037.945231  1.453913e+00    -0.95193009   -0.30847956  -0.00006669   -0.00290383   0.00106284  -0.00004976
2458037.945289  1.392114e+00    -0.95192955   -0.30848056  -0.00006667   -0.00290361   0.00106280  -0.00004975
2458037.945347  1.317077e+00    -0.95192901   -0.30848155  -0.00006665   -0.00290338   0.00106275  -0.00004974
2458037.945405  1.390424e+00    -0.95192847   -0.30848255  -0.00006664   -0.00290316   0.00106271  -0.00004972
2458037.945462  1.401796e+00    -0.95192794   -0.30848353  -0.00006662   -0.00290294   0.00106267  -0.00004971
2458037.945521  1.391297e+00    -0.95192738   -0.30848455  -0.00006660   -0.00290271   0.00106262  -0.00004970
2458037.945578  8.475345e-01    -0.95192685   -0.30848553  -0.00006659   -0.00290249   0.00106258  -0.00004968
2458037.945636  1.238493e+00    -0.95192631   -0.30848652  -0.00006657   -0.00290226   0.00106253  -0.00004967
2458037.945694  1.357782e+00    -0.95192577   -0.30848752  -0.00006655   -0.00290204   0.00106249  -0.00004966
2458037.945752  1.265803e+00    -0.95192523   -0.30848852  -0.00006654   -0.00290181   0.00106245  -0.00004964
2458037.945809  1.186598e+00    -0.95192470   -0.30848950  -0.00006652   -0.00290159   0.00106240  -0.00004963
2458037.945868  1.061301e+00    -0.95192415   -0.30849051  -0.00006650   -0.00290136   0.00106236  -0.00004962
2458037.945925  1.320007e+00    -0.95192361   -0.30849149  -0.00006649   -0.00290114   0.00106232  -0.00004961
2458037.945983  1.019794e+00    -0.95192307   -0.30849249  -0.00006647   -0.00290092   0.00106227  -0.00004959
2458037.946041  1.005654e+00    -0.95192253   -0.30849349  -0.00006645   -0.00290069   0.00106223  -0.00004958
2458037.946099  1.185728e+00    -0.95192199   -0.30849448  -0.00006644   -0.00290047   0.00106219  -0.00004957
2458037.946157  1.058574e+00    -0.95192145   -0.30849548  -0.00006642   -0.00290025   0.00106214  -0.00004955
2458037.946215  9.529222e-01    -0.95192091   -0.30849648  -0.00006640   -0.00290002   0.00106210  -0.00004954
2458037.946273  1.187391e+00    -0.95192037   -0.30849748  -0.00006639   -0.00289980   0.00106205  -0.00004953
2458037.946330  9.335359e-01    -0.95191983   -0.30849846  -0.00006637   -0.00289958   0.00106201  -0.00004951
2458037.946389  7.407407e-01    -0.95191928   -0.30849947  -0.00006635   -0.00289935   0.00106197  -0.00004950
2458037.946446  9.673943e-01    -0.95191875   -0.30850045  -0.00006633   -0.00289913   0.00106192  -0.00004949
2458037.946505  8.604758e-01    -0.95191820   -0.30850147  -0.00006632   -0.00289890   0.00106188  -0.00004948
2458037.946562  8.918175e-01    -0.95191767   -0.30850245  -0.00006630   -0.00289868   0.00106184  -0.00004946
2458037.946620  6.597999e-01    -0.95191713   -0.30850344  -0.00006628   -0.00289845   0.00106179  -0.00004945
2458037.946678  6.530530e-01    -0.95191659   -0.30850444  -0.00006627   -0.00289823   0.00106175  -0.00004944
2458037.946736  6.919659e-01    -0.95191604   -0.30850544  -0.00006625   -0.00289800   0.00106170  -0.00004942
2458037.946793  7.720083e-01    -0.95191551   -0.30850642  -0.00006623   -0.00289778   0.00106166  -0.00004941
2458037.946852  7.920582e-01    -0.95191496   -0.30850743  -0.00006622   -0.00289756   0.00106162  -0.00004940
2458037.946909  6.366407e-01    -0.95191443   -0.30850841  -0.00006620   -0.00289734   0.00106157  -0.00004938
2458037.946967  8.238168e-01    -0.95191389   -0.30850941  -0.00006618   -0.00289711   0.00106153  -0.00004937
2458037.947025  6.889169e-01    -0.95191335   -0.30851041  -0.00006617   -0.00289689   0.00106149  -0.00004936
2458037.947083  6.511830e-01    -0.95191281   -0.30851141  -0.00006615   -0.00289666   0.00106144  -0.00004934
2458037.947141  7.218371e-01    -0.95191226   -0.30851240  -0.00006613   -0.00289644   0.00106140  -0.00004933
2458037.947199  4.790440e-01    -0.95191172   -0.30851340  -0.00006612   -0.00289621   0.00106136  -0.00004932
2458037.947257  5.555352e-01    -0.95191118   -0.30851440  -0.00006610   -0.00289599   0.00106131  -0.00004931
2458037.947314  4.098726e-01    -0.95191065   -0.30851538  -0.00006608   -0.00289577   0.00106127  -0.00004929
2458037.947373  7.274179e-01    -0.95191010   -0.30851639  -0.00006607   -0.00289554   0.00106122  -0.00004928
2458037.947430  8.373775e-01    -0.95190957   -0.30851737  -0.00006605   -0.00289532   0.00106118  -0.00004927
2458037.947488  5.889216e-01    -0.95190903   -0.30851837  -0.00006603   -0.00289509   0.00106114  -0.00004925
2458037.947546  6.861098e-01    -0.95190848   -0.30851937  -0.00006601   -0.00289487   0.00106109  -0.00004924
2458037.947604  7.058782e-01    -0.95190794   -0.30852036  -0.00006600   -0.00289465   0.00106105  -0.00004923
2458037.947662  7.155928e-01    -0.95190740   -0.30852136  -0.00006598   -0.00289442   0.00106101  -0.00004921
2458037.947720  5.168948e-01    -0.95190686   -0.30852236  -0.00006596   -0.00289420   0.00106096  -0.00004920
2458037.947777  6.794217e-01    -0.95190633   -0.30852334  -0.00006595   -0.00289398   0.00106092  -0.00004919
2458037.947835  6.071214e-01    -0.95190579   -0.30852434  -0.00006593   -0.00289375   0.00106088  -0.00004918
2458037.947893  7.642082e-01    -0.95190525   -0.30852533  -0.00006591   -0.00289353   0.00106083  -0.00004916
2458037.947951  6.210804e-01    -0.95190470   -0.30852633  -0.00006590   -0.00289330   0.00106079  -0.00004915
2458037.948009  8.384632e-01    -0.95190416   -0.30852733  -0.00006588   -0.00289308   0.00106074  -0.00004914
2458037.948067  8.738163e-01    -0.95190362   -0.30852833  -0.00006586   -0.00289285   0.00106070  -0.00004912
2458037.948125  7.924216e-01    -0.95190308   -0.30852932  -0.00006585   -0.00289263   0.00106066  -0.00004911
2458037.948182  8.380955e-01    -0.95190255   -0.30853030  -0.00006583   -0.00289241   0.00106061  -0.00004910
2458037.948241  8.527634e-01    -0.95190200   -0.30853132  -0.00006581   -0.00289218   0.00106057  -0.00004908
2458037.948298  7.398877e-01    -0.95190147   -0.30853230  -0.00006580   -0.00289196   0.00106053  -0.00004907
2458037.948357  8.739786e-01    -0.95190091   -0.30853331  -0.00006578   -0.00289173   0.00106048  -0.00004906
2458037.948414  7.738166e-01    -0.95190038   -0.30853429  -0.00006576   -0.00289151   0.00106044  -0.00004905
2458037.948472  8.785655e-01    -0.95189984   -0.30853529  -0.00006575   -0.00289129   0.00106040  -0.00004903
2458037.948530  4.962611e-01    -0.95189930   -0.30853629  -0.00006573   -0.00289106   0.00106035  -0.00004902
2458037.948588  7.777614e-01    -0.95189876   -0.30853728  -0.00006571   -0.00289084   0.00106031  -0.00004901
2458037.948646  7.755012e-01    -0.95189822   -0.30853828  -0.00006569   -0.00289061   0.00106027  -0.00004899
2458037.948704  7.796840e-01    -0.95189768   -0.30853928  -0.00006568   -0.00289039   0.00106022  -0.00004898
2458037.948762  4.991772e-01    -0.95189713   -0.30854028  -0.00006566   -0.00289017   0.00106018  -0.00004897
2458037.948819  8.199586e-01    -0.95189660   -0.30854126  -0.00006564   -0.00288994   0.00106013  -0.00004896
2458037.948877  7.952945e-01    -0.95189606   -0.30854225  -0.00006563   -0.00288972   0.00106009  -0.00004894
2458037.948935  1.041512e+00    -0.95189552   -0.30854325  -0.00006561   -0.00288950   0.00106005  -0.00004893
2458037.948993  1.106624e+00    -0.95189498   -0.30854425  -0.00006559   -0.00288927   0.00106000  -0.00004892
2458037.949051  1.028813e+00    -0.95189444   -0.30854525  -0.00006558   -0.00288905   0.00105996  -0.00004890
2458037.949109  1.049717e+00    -0.95189389   -0.30854624  -0.00006556   -0.00288882   0.00105992  -0.00004889
2458037.949166  9.132917e-01    -0.95189336   -0.30854722  -0.00006554   -0.00288860   0.00105987  -0.00004888
2458037.949225  1.218273e+00    -0.95189281   -0.30854824  -0.00006553   -0.00288837   0.00105983  -0.00004886
2458037.949282  1.111941e+00    -0.95189228   -0.30854922  -0.00006551   -0.00288815   0.00105979  -0.00004885
2458037.949340  1.130363e+00    -0.95189174   -0.30855022  -0.00006549   -0.00288793   0.00105974  -0.00004884
2458037.949398  1.422833e+00    -0.95189120   -0.30855121  -0.00006548   -0.00288770   0.00105970  -0.00004883
2458037.949456  9.653613e-01    -0.95189066   -0.30855221  -0.00006546   -0.00288748   0.00105966  -0.00004881
2458037.949514  1.162588e+00    -0.95189011   -0.30855321  -0.00006544   -0.00288726   0.00105961  -0.00004880
2458037.949572  1.316322e+00    -0.95188957   -0.30855420  -0.00006543   -0.00288703   0.00105957  -0.00004879
2458037.949630  1.318554e+00    -0.95188903   -0.30855520  -0.00006541   -0.00288681   0.00105952  -0.00004877
2458037.949687  1.351560e+00    -0.95188850   -0.30855618  -0.00006539   -0.00288659   0.00105948  -0.00004876
2458037.949746  1.394345e+00    -0.95188795   -0.30855720  -0.00006537   -0.00288636   0.00105944  -0.00004875
2458037.949803  1.609560e+00    -0.95188742   -0.30855818  -0.00006536   -0.00288614   0.00105939  -0.00004873
2458037.949861  1.607842e+00    -0.95188688   -0.30855917  -0.00006534   -0.00288591   0.00105935  -0.00004872
2458037.949919  1.546605e+00    -0.95188633   -0.30856017  -0.00006532   -0.00288569   0.00105931  -0.00004871
2458037.949977  1.385847e+00    -0.95188579   -0.30856117  -0.00006531   -0.00288547   0.00105926  -0.00004870
2458037.950034  1.403630e+00    -0.95188526   -0.30856215  -0.00006529   -0.00288525   0.00105922  -0.00004868
2458037.950093  1.517705e+00    -0.95188471   -0.30856316  -0.00006527   -0.00288502   0.00105918  -0.00004867
2458037.950150  1.774698e+00    -0.95188418   -0.30856414  -0.00006526   -0.00288480   0.00105913  -0.00004866
2458037.950209  1.552600e+00    -0.95188363   -0.30856516  -0.00006524   -0.00288457   0.00105909  -0.00004864
2458037.950266  1.797201e+00    -0.95188309   -0.30856614  -0.00006522   -0.00288435   0.00105905  -0.00004863
2458037.950324  1.511237e+00    -0.95188255   -0.30856714  -0.00006521   -0.00288412   0.00105900  -0.00004862
2458037.950382  1.354156e+00    -0.95188201   -0.30856813  -0.00006519   -0.00288390   0.00105896  -0.00004861
2458037.950440  1.270588e+00    -0.95188147   -0.30856913  -0.00006517   -0.00288367   0.00105892  -0.00004859
2458037.950498  1.511961e+00    -0.95188093   -0.30857013  -0.00006516   -0.00288345   0.00105887  -0.00004858
2458037.950556  1.506179e+00    -0.95188039   -0.30857113  -0.00006514   -0.00288323   0.00105883  -0.00004857
2458037.950614  1.458185e+00    -0.95187985   -0.30857212  -0.00006512   -0.00288300   0.00105879  -0.00004855
2458037.950671  1.511297e+00    -0.95187931   -0.30857310  -0.00006511   -0.00288278   0.00105874  -0.00004854
2458037.950729  1.346746e+00    -0.95187877   -0.30857410  -0.00006509   -0.00288256   0.00105870  -0.00004853
2458037.950787  1.095523e+00    -0.95187823   -0.30857510  -0.00006507   -0.00288233   0.00105866  -0.00004851
2458037.950845  1.102447e+00    -0.95187769   -0.30857609  -0.00006506   -0.00288211   0.00105861  -0.00004850
2458037.950903  1.184387e+00    -0.95187715   -0.30857709  -0.00006504   -0.00288188   0.00105857  -0.00004849
2458037.950961  1.198477e+00    -0.95187661   -0.30857809  -0.00006502   -0.00288166   0.00105852  -0.00004848
2458037.951018  1.299471e+00    -0.95187607   -0.30857907  -0.00006500   -0.00288144   0.00105848  -0.00004846
2458037.951077  1.007631e+00    -0.95187552   -0.30858008  -0.00006499   -0.00288121   0.00105844  -0.00004845
2458037.951134  8.512137e-01    -0.95187499   -0.30858106  -0.00006497   -0.00288099   0.00105839  -0.00004844
2458037.951192  1.094396e+00    -0.95187445   -0.30858206  -0.00006495   -0.00288077   0.00105835  -0.00004842
2458037.951250  9.806420e-01    -0.95187391   -0.30858306  -0.00006494   -0.00288054   0.00105831  -0.00004841
2458037.951308  9.116884e-01    -0.95187337   -0.30858406  -0.00006492   -0.00288032   0.00105826  -0.00004840
2458037.951366  9.090388e-01    -0.95187283   -0.30858505  -0.00006490   -0.00288009   0.00105822  -0.00004839
2458037.951424  7.532139e-01    -0.95187228   -0.30858605  -0.00006489   -0.00287987   0.00105818  -0.00004837
2458037.951482  9.437442e-01    -0.95187174   -0.30858705  -0.00006487   -0.00287965   0.00105813  -0.00004836
2458037.951539  6.103674e-01    -0.95187121   -0.30858803  -0.00006485   -0.00287943   0.00105809  -0.00004835
2458037.951598  8.377726e-01    -0.95187066   -0.30858904  -0.00006484   -0.00287920   0.00105805  -0.00004833
2458037.951655  8.133233e-01    -0.95187013   -0.30859002  -0.00006482   -0.00287898   0.00105800  -0.00004832
2458037.951713  6.146093e-01    -0.95186959   -0.30859102  -0.00006480   -0.00287875   0.00105796  -0.00004831
2458037.951942  7.170445e-01    -0.95186745   -0.30859496  -0.00006474   -0.00287787   0.00105779  -0.00004826
2458037.952000  7.431595e-01    -0.95186691   -0.30859596  -0.00006472   -0.00287764   0.00105774  -0.00004824
2458037.952058  5.805210e-01    -0.95186637   -0.30859695  -0.00006470   -0.00287742   0.00105770  -0.00004823
2458037.952116  7.588463e-01    -0.95186582   -0.30859795  -0.00006469   -0.00287720   0.00105766  -0.00004822
2458037.952174  7.974248e-01    -0.95186528   -0.30859895  -0.00006467   -0.00287697   0.00105761  -0.00004821
2458037.952232  6.385952e-01    -0.95186474   -0.30859994  -0.00006465   -0.00287675   0.00105757  -0.00004819
2458037.952290  6.515707e-01    -0.95186420   -0.30860094  -0.00006463   -0.00287652   0.00105753  -0.00004818
2458037.952348  6.502755e-01    -0.95186366   -0.30860194  -0.00006462   -0.00287630   0.00105748  -0.00004817
2458037.952405  8.299165e-01    -0.95186313   -0.30860292  -0.00006460   -0.00287608   0.00105744  -0.00004815
2458037.952464  1.005933e+00    -0.95186258   -0.30860393  -0.00006458   -0.00287585   0.00105740  -0.00004814
2458037.952521  9.232221e-01    -0.95186204   -0.30860491  -0.00006457   -0.00287563   0.00105735  -0.00004813
2458037.952579  7.642616e-01    -0.95186150   -0.30860591  -0.00006455   -0.00287541   0.00105731  -0.00004811
2458037.952637  7.797905e-01    -0.95186096   -0.30860691  -0.00006453   -0.00287518   0.00105727  -0.00004810
2458037.952695  8.788480e-01    -0.95186042   -0.30860791  -0.00006452   -0.00287496   0.00105722  -0.00004809
2458037.952752  1.219694e+00    -0.95185989   -0.30860889  -0.00006450   -0.00287474   0.00105718  -0.00004808
2458037.952811  1.149703e+00    -0.95185934   -0.30860990  -0.00006448   -0.00287451   0.00105714  -0.00004806
2458037.952868  1.258121e+00    -0.95185880   -0.30861088  -0.00006447   -0.00287429   0.00105709  -0.00004805
2458037.953441  1.858184e+00    -0.95185345   -0.30862073  -0.00006430   -0.00287207   0.00105666  -0.00004792
2458037.953499  2.020340e+00    -0.95185291   -0.30862173  -0.00006428   -0.00287185   0.00105662  -0.00004791
2458037.953556  1.780580e+00    -0.95185238   -0.30862271  -0.00006427   -0.00287163   0.00105658  -0.00004790
2458037.953615  1.968322e+00    -0.95185183   -0.30862373  -0.00006425   -0.00287140   0.00105653  -0.00004788
2458037.953672  2.034384e+00    -0.95185130   -0.30862471  -0.00006423   -0.00287118   0.00105649  -0.00004787
2458037.953730  1.657940e+00    -0.95185076   -0.30862570  -0.00006422   -0.00287096   0.00105645  -0.00004786
2458037.954424  1.416447e+00    -0.95184428   -0.30863764  -0.00006401   -0.00286828   0.00105593  -0.00004770
2458037.954483  1.333936e+00    -0.95184373   -0.30863865  -0.00006400   -0.00286805   0.00105588  -0.00004769
2458037.954540  1.214149e+00    -0.95184319   -0.30863963  -0.00006398   -0.00286783   0.00105584  -0.00004768
2458037.954598  1.129816e+00    -0.95184265   -0.30864063  -0.00006396   -0.00286760   0.00105580  -0.00004767
2458037.954656  8.459477e-01    -0.95184211   -0.30864163  -0.00006395   -0.00286738   0.00105576  -0.00004765
2458037.954714  1.182713e+00    -0.95184157   -0.30864262  -0.00006393   -0.00286716   0.00105571  -0.00004764
2458037.954772  9.315689e-01    -0.95184103   -0.30864362  -0.00006391   -0.00286693   0.00105567  -0.00004763
2458037.954830  9.548842e-01    -0.95184049   -0.30864462  -0.00006390   -0.00286671   0.00105563  -0.00004761
2458037.954888  8.246819e-01    -0.95183994   -0.30864562  -0.00006388   -0.00286648   0.00105558  -0.00004760
2458037.954945  8.933534e-01    -0.95183941   -0.30864660  -0.00006386   -0.00286626   0.00105554  -0.00004759
2458037.955004  7.450029e-01    -0.95183886   -0.30864761  -0.00006385   -0.00286604   0.00105550  -0.00004758
2458037.955061  8.419664e-01    -0.95183833   -0.30864859  -0.00006383   -0.00286582   0.00105545  -0.00004756
2458037.955120  6.767518e-01    -0.95183778   -0.30864960  -0.00006381   -0.00286559   0.00105541  -0.00004755
2458037.955177  6.618601e-01    -0.95183725   -0.30865058  -0.00006379   -0.00286537   0.00105537  -0.00004754
2458037.955235  5.637700e-01    -0.95183670   -0.30865158  -0.00006378   -0.00286514   0.00105532  -0.00004752
2458037.955293  8.851923e-01    -0.95183616   -0.30865258  -0.00006376   -0.00286492   0.00105528  -0.00004751
2458037.955351  8.275102e-01    -0.95183562   -0.30865358  -0.00006374   -0.00286470   0.00105524  -0.00004750
2458037.955409  6.422573e-01    -0.95183508   -0.30865457  -0.00006373   -0.00286447   0.00105519  -0.00004749
2458037.955467  7.238437e-01    -0.95183454   -0.30865557  -0.00006371   -0.00286425   0.00105515  -0.00004747
2458037.955524  7.171031e-01    -0.95183401   -0.30865655  -0.00006369   -0.00286403   0.00105511  -0.00004746
2458037.955582  6.929745e-01    -0.95183346   -0.30865755  -0.00006368   -0.00286380   0.00105506  -0.00004745
2458037.955640  6.821077e-01    -0.95183292   -0.30865855  -0.00006366   -0.00286358   0.00105502  -0.00004743
2458037.955698  9.776618e-01    -0.95183238   -0.30865954  -0.00006364   -0.00286336   0.00105498  -0.00004742
2458037.955756  7.707692e-01    -0.95183184   -0.30866054  -0.00006363   -0.00286313   0.00105493  -0.00004741
2458037.955814  8.496891e-01    -0.95183130   -0.30866154  -0.00006361   -0.00286291   0.00105489  -0.00004740
2458037.955872  7.877633e-01    -0.95183076   -0.30866254  -0.00006359   -0.00286268   0.00105485  -0.00004738
2458037.955929  6.497294e-01    -0.95183022   -0.30866352  -0.00006358   -0.00286246   0.00105480  -0.00004737
2458037.955988  8.118337e-01    -0.95182967   -0.30866453  -0.00006356   -0.00286224   0.00105476  -0.00004736
2458037.956045  1.074989e+00    -0.95182914   -0.30866551  -0.00006354   -0.00286202   0.00105472  -0.00004734
2458037.956103  8.389566e-01    -0.95182860   -0.30866651  -0.00006353   -0.00286179   0.00105467  -0.00004733
2458037.956161  8.152207e-01    -0.95182806   -0.30866750  -0.00006351   -0.00286157   0.00105463  -0.00004732
2458037.956219  7.921562e-01    -0.95182752   -0.30866850  -0.00006349   -0.00286134   0.00105459  -0.00004731
2458037.956277  7.323969e-01    -0.95182698   -0.30866950  -0.00006347   -0.00286112   0.00105454  -0.00004729
2458037.956335  8.675253e-01    -0.95182643   -0.30867050  -0.00006346   -0.00286090   0.00105450  -0.00004728
2458037.956393  9.124683e-01    -0.95182589   -0.30867149  -0.00006344   -0.00286067   0.00105446  -0.00004727
2458037.956450  8.593193e-01    -0.95182536   -0.30867247  -0.00006342   -0.00286045   0.00105441  -0.00004725
2458037.956509  7.559431e-01    -0.95182481   -0.30867349  -0.00006341   -0.00286022   0.00105437  -0.00004724
2458037.956566  8.143776e-01    -0.95182428   -0.30867447  -0.00006339   -0.00286000   0.00105433  -0.00004723
2458037.956624  9.925707e-01    -0.95182374   -0.30867547  -0.00006337   -0.00285978   0.00105428  -0.00004722
2458037.956682  9.168475e-01    -0.95182319   -0.30867646  -0.00006336   -0.00285956   0.00105424  -0.00004720
2458037.956740  8.563134e-01    -0.95182265   -0.30867746  -0.00006334   -0.00285933   0.00105420  -0.00004719
2458037.956798  1.032211e+00    -0.95182211   -0.30867846  -0.00006332   -0.00285911   0.00105415  -0.00004718
2458037.956856  8.655735e-01    -0.95182157   -0.30867946  -0.00006331   -0.00285888   0.00105411  -0.00004716
2458037.956913  9.213841e-01    -0.95182104   -0.30868044  -0.00006329   -0.00285866   0.00105407  -0.00004715
2458037.956972  1.093390e+00    -0.95182049   -0.30868145  -0.00006327   -0.00285844   0.00105402  -0.00004714
2458037.957029  1.061480e+00    -0.95181995   -0.30868243  -0.00006326   -0.00285822   0.00105398  -0.00004713
2458037.957087  9.814034e-01    -0.95181941   -0.30868343  -0.00006324   -0.00285799   0.00105394  -0.00004711
2458037.957145  9.562758e-01    -0.95181887   -0.30868442  -0.00006322   -0.00285777   0.00105390  -0.00004710
2458037.957203  1.013255e+00    -0.95181833   -0.30868542  -0.00006321   -0.00285754   0.00105385  -0.00004709
2458037.957261  9.800638e-01    -0.95181779   -0.30868642  -0.00006319   -0.00285732   0.00105381  -0.00004707
2458037.957319  9.944660e-01    -0.95181725   -0.30868742  -0.00006317   -0.00285710   0.00105377  -0.00004706
2458037.957377  1.047914e+00    -0.95181670   -0.30868841  -0.00006315   -0.00285687   0.00105372  -0.00004705
2458037.957434  1.325141e+00    -0.95181617   -0.30868939  -0.00006314   -0.00285665   0.00105368  -0.00004704
2458037.957493  1.046638e+00    -0.95181562   -0.30869041  -0.00006312   -0.00285643   0.00105364  -0.00004702
2458037.957550  9.920496e-01    -0.95181509   -0.30869139  -0.00006310   -0.00285621   0.00105359  -0.00004701
2458037.957608  1.290830e+00    -0.95181455   -0.30869239  -0.00006309   -0.00285598   0.00105355  -0.00004700
2458037.957666  1.116875e+00    -0.95181401   -0.30869338  -0.00006307   -0.00285576   0.00105351  -0.00004699
2458037.957724  1.269229e+00    -0.95181346   -0.30869438  -0.00006305   -0.00285553   0.00105346  -0.00004697
2458037.957781  1.336216e+00    -0.95181293   -0.30869536  -0.00006304   -0.00285531   0.00105342  -0.00004696
2458037.958939  1.472955e+00    -0.95180212   -0.30871527  -0.00006270   -0.00285084   0.00105256  -0.00004670
2458037.958997  1.428648e+00    -0.95180158   -0.30871627  -0.00006268   -0.00285062   0.00105252  -0.00004669
2458037.959055  1.109841e+00    -0.95180104   -0.30871727  -0.00006267   -0.00285040   0.00105247  -0.00004668
2458037.959113  1.179223e+00    -0.95180049   -0.30871826  -0.00006265   -0.00285017   0.00105243  -0.00004667
2458037.959171  1.284492e+00    -0.95179995   -0.30871926  -0.00006263   -0.00284995   0.00105239  -0.00004665
2458037.959229  1.285485e+00    -0.95179941   -0.30872026  -0.00006262   -0.00284973   0.00105234  -0.00004664
2458037.959286  1.082938e+00    -0.95179888   -0.30872124  -0.00006260   -0.00284951   0.00105230  -0.00004663
2458037.959345  1.475496e+00    -0.95179833   -0.30872225  -0.00006258   -0.00284928   0.00105226  -0.00004661
2458037.959402  1.279012e+00    -0.95179780   -0.30872323  -0.00006257   -0.00284906   0.00105221  -0.00004660
2458037.959460  1.007419e+00    -0.95179725   -0.30872423  -0.00006255   -0.00284883   0.00105217  -0.00004659
2458037.959518  1.362528e+00    -0.95179671   -0.30872523  -0.00006253   -0.00284861   0.00105213  -0.00004658
2458037.959576  9.159694e-01    -0.95179617   -0.30872623  -0.00006252   -0.00284839   0.00105208  -0.00004656
2458037.959634  9.840483e-01    -0.95179563   -0.30872722  -0.00006250   -0.00284816   0.00105204  -0.00004655
2458037.959692  1.238659e+00    -0.95179509   -0.30872822  -0.00006248   -0.00284794   0.00105200  -0.00004654
2458037.959749  9.499231e-01    -0.95179455   -0.30872920  -0.00006246   -0.00284772   0.00105196  -0.00004653
2458037.959807  1.009308e+00    -0.95179401   -0.30873020  -0.00006245   -0.00284750   0.00105191  -0.00004651
2458037.959865  9.305920e-01    -0.95179347   -0.30873119  -0.00006243   -0.00284727   0.00105187  -0.00004650
2458037.959923  9.698281e-01    -0.95179293   -0.30873219  -0.00006241   -0.00284705   0.00105183  -0.00004649
2458037.959981  8.843622e-01    -0.95179239   -0.30873319  -0.00006240   -0.00284682   0.00105178  -0.00004647
2458037.960039  9.344706e-01    -0.95179185   -0.30873419  -0.00006238   -0.00284660   0.00105174  -0.00004646
2458037.960097  7.807303e-01    -0.95179130   -0.30873518  -0.00006236   -0.00284638   0.00105170  -0.00004645
2458037.960154  7.132431e-01    -0.95179077   -0.30873616  -0.00006235   -0.00284616   0.00105165  -0.00004644
2458037.960213  7.371772e-01    -0.95179022   -0.30873718  -0.00006233   -0.00284593   0.00105161  -0.00004642
2458037.960270  7.156628e-01    -0.95178969   -0.30873816  -0.00006231   -0.00284571   0.00105157  -0.00004641
2458037.960329  8.050868e-01    -0.95178914   -0.30873917  -0.00006230   -0.00284548   0.00105152  -0.00004640
2458037.960386  7.623936e-01    -0.95178861   -0.30874015  -0.00006228   -0.00284526   0.00105148  -0.00004638
2458037.960444  9.122516e-01    -0.95178806   -0.30874115  -0.00006226   -0.00284504   0.00105144  -0.00004637
2458037.960502  8.622835e-01    -0.95178752   -0.30874215  -0.00006225   -0.00284482   0.00105140  -0.00004636
2458037.960560  7.210833e-01    -0.95178698   -0.30874315  -0.00006223   -0.00284459   0.00105135  -0.00004635
2458037.960618  1.042127e+00    -0.95178644   -0.30874414  -0.00006221   -0.00284437   0.00105131  -0.00004633
2458037.960676  8.991999e-01    -0.95178590   -0.30874514  -0.00006220   -0.00284414   0.00105127  -0.00004632
2458037.960734  6.609851e-01    -0.95178536   -0.30874614  -0.00006218   -0.00284392   0.00105122  -0.00004631
2458037.960791  8.160714e-01    -0.95178482   -0.30874712  -0.00006216   -0.00284370   0.00105118  -0.00004630
2458037.960849  8.227417e-01    -0.95178428   -0.30874811  -0.00006214   -0.00284348   0.00105114  -0.00004628
2458037.960907  7.972580e-01    -0.95178374   -0.30874911  -0.00006213   -0.00284325   0.00105109  -0.00004627
2458037.960965  8.232548e-01    -0.95178320   -0.30875011  -0.00006211   -0.00284303   0.00105105  -0.00004626
2458037.961023  8.739159e-01    -0.95178266   -0.30875111  -0.00006209   -0.00284281   0.00105101  -0.00004624
2458037.961081  7.409775e-01    -0.95178212   -0.30875210  -0.00006208   -0.00284258   0.00105096  -0.00004623
2458037.961138  8.849964e-01    -0.95178158   -0.30875308  -0.00006206   -0.00284236   0.00105092  -0.00004622
2458037.961197  8.003423e-01    -0.95178103   -0.30875410  -0.00006204   -0.00284213   0.00105088  -0.00004621
2458037.961254  8.962150e-01    -0.95178050   -0.30875508  -0.00006203   -0.00284191   0.00105084  -0.00004619
2458037.961312  8.172362e-01    -0.95177996   -0.30875608  -0.00006201   -0.00284169   0.00105079  -0.00004618
2458037.961371  8.292451e-01    -0.95177942   -0.30875707  -0.00006199   -0.00284147   0.00105075  -0.00004617
2458037.961429  1.027586e+00    -0.95177887   -0.30875807  -0.00006198   -0.00284124   0.00105071  -0.00004616
2458037.961487  1.039809e+00    -0.95177833   -0.30875907  -0.00006196   -0.00284102   0.00105066  -0.00004614
2458037.961545  1.241907e+00    -0.95177779   -0.30876006  -0.00006194   -0.00284080   0.00105062  -0.00004613
2458037.961603  1.192406e+00    -0.95177725   -0.30876106  -0.00006193   -0.00284057   0.00105058  -0.00004612
2458037.961660  1.104487e+00    -0.95177672   -0.30876204  -0.00006191   -0.00284035   0.00105054  -0.00004610
2458037.961719  1.145763e+00    -0.95177617   -0.30876306  -0.00006189   -0.00284013   0.00105049  -0.00004609
2458037.961776  1.347198e+00    -0.95177563   -0.30876404  -0.00006188   -0.00283991   0.00105045  -0.00004608
2458037.961834  1.007782e+00    -0.95177509   -0.30876503  -0.00006186   -0.00283968   0.00105041  -0.00004607
2458037.961892  1.605839e+00    -0.95177455   -0.30876603  -0.00006184   -0.00283946   0.00105036  -0.00004605
2458037.961950  1.329344e+00    -0.95177401   -0.30876703  -0.00006182   -0.00283924   0.00105032  -0.00004604
2458037.962007  1.521857e+00    -0.95177348   -0.30876801  -0.00006181   -0.00283902   0.00105028  -0.00004603
2458037.962066  1.257500e+00    -0.95177293   -0.30876902  -0.00006179   -0.00283879   0.00105023  -0.00004602
2458037.962123  1.377350e+00    -0.95177239   -0.30877000  -0.00006177   -0.00283857   0.00105019  -0.00004600
2458037.962182  1.468854e+00    -0.95177184   -0.30877102  -0.00006176   -0.00283834   0.00105015  -0.00004599
2458037.962239  1.348078e+00    -0.95177131   -0.30877200  -0.00006174   -0.00283812   0.00105011  -0.00004598
2458037.962297  1.512343e+00    -0.95177077   -0.30877300  -0.00006172   -0.00283790   0.00105006  -0.00004596
2458037.962355  1.473620e+00    -0.95177023   -0.30877399  -0.00006171   -0.00283767   0.00105002  -0.00004595
2458037.962413  1.528695e+00    -0.95176968   -0.30877499  -0.00006169   -0.00283745   0.00104998  -0.00004594
2458037.962471  1.591682e+00    -0.95176914   -0.30877599  -0.00006167   -0.00283723   0.00104993  -0.00004593
2458037.962529  1.507271e+00    -0.95176860   -0.30877698  -0.00006166   -0.00283700   0.00104989  -0.00004591
2458037.962587  1.336986e+00    -0.95176806   -0.30877798  -0.00006164   -0.00283678   0.00104985  -0.00004590
2458037.962644  1.617570e+00    -0.95176753   -0.30877896  -0.00006162   -0.00283656   0.00104980  -0.00004589
2458037.962703  1.483192e+00    -0.95176698   -0.30877998  -0.00006161   -0.00283633   0.00104976  -0.00004588
2458037.962760  1.673145e+00    -0.95176644   -0.30878096  -0.00006159   -0.00283611   0.00104972  -0.00004586
2458037.962818  1.580043e+00    -0.95176590   -0.30878195  -0.00006157   -0.00283589   0.00104968  -0.00004585
2458037.962876  1.490748e+00    -0.95176536   -0.30878295  -0.00006156   -0.00283567   0.00104963  -0.00004584
2458037.962934  1.263978e+00    -0.95176482   -0.30878395  -0.00006154   -0.00283544   0.00104959  -0.00004582
2458037.962991  1.467154e+00    -0.95176429   -0.30878493  -0.00006152   -0.00283522   0.00104955  -0.00004581
2458037.963050  1.398331e+00    -0.95176374   -0.30878594  -0.00006150   -0.00283499   0.00104950  -0.00004580
2458037.963107  1.134348e+00    -0.95176320   -0.30878692  -0.00006149   -0.00283477   0.00104946  -0.00004579
2458037.963165  1.276091e+00    -0.95176266   -0.30878792  -0.00006147   -0.00283455   0.00104942  -0.00004577
2458037.963223  1.311646e+00    -0.95176212   -0.30878892  -0.00006145   -0.00283433   0.00104937  -0.00004576
2458037.963281  1.045567e+00    -0.95176158   -0.30878991  -0.00006144   -0.00283410   0.00104933  -0.00004575
2458037.963339  1.304029e+00    -0.95176104   -0.30879091  -0.00006142   -0.00283388   0.00104929  -0.00004574
2458037.963397  1.136639e+00    -0.95176049   -0.30879191  -0.00006140   -0.00283366   0.00104925  -0.00004572
2458037.963455  1.246114e+00    -0.95175995   -0.30879291  -0.00006139   -0.00283343   0.00104920  -0.00004571
2458037.963512  1.206408e+00    -0.95175942   -0.30879389  -0.00006137   -0.00283321   0.00104916  -0.00004570
2458037.963571  1.050578e+00    -0.95175887   -0.30879490  -0.00006135   -0.00283299   0.00104912  -0.00004569
2458037.963628  1.118316e+00    -0.95175834   -0.30879588  -0.00006134   -0.00283277   0.00104907  -0.00004567
2458037.963686  1.097741e+00    -0.95175780   -0.30879688  -0.00006132   -0.00283254   0.00104903  -0.00004566
2458037.963744  9.674642e-01    -0.95175725   -0.30879788  -0.00006130   -0.00283232   0.00104899  -0.00004565
2458037.963802  7.840976e-01    -0.95175671   -0.30879887  -0.00006129   -0.00283210   0.00104895  -0.00004563
2458037.963860  6.916802e-01    -0.95175617   -0.30879987  -0.00006127   -0.00283187   0.00104890  -0.00004562
2458037.963918  7.723969e-01    -0.95175563   -0.30880087  -0.00006125   -0.00283165   0.00104886  -0.00004561
2458037.963975  6.851361e-01    -0.95175510   -0.30880185  -0.00006124   -0.00283143   0.00104882  -0.00004560
2458037.964034  6.762557e-01    -0.95175455   -0.30880286  -0.00006122   -0.00283120   0.00104877  -0.00004558
2458037.964091  6.541046e-01    -0.95175401   -0.30880384  -0.00006120   -0.00283098   0.00104873  -0.00004557
2458037.964149  6.673942e-01    -0.95175347   -0.30880484  -0.00006118   -0.00283076   0.00104869  -0.00004556
2458037.964207  8.007880e-01    -0.95175293   -0.30880584  -0.00006117   -0.00283054   0.00104865  -0.00004555
2458037.964265  4.408113e-01    -0.95175239   -0.30880683  -0.00006115   -0.00283031   0.00104860  -0.00004553
2458037.964323  7.737273e-01    -0.95175185   -0.30880783  -0.00006113   -0.00283009   0.00104856  -0.00004552
2458037.964381  4.169876e-01    -0.95175130   -0.30880883  -0.00006112   -0.00282987   0.00104852  -0.00004551
2458037.964439  7.312372e-01    -0.95175076   -0.30880983  -0.00006110   -0.00282964   0.00104847  -0.00004550
2458037.964496  6.600769e-01    -0.95175023   -0.30881081  -0.00006108   -0.00282942   0.00104843  -0.00004548
2458037.964555  4.820905e-01    -0.95174968   -0.30881182  -0.00006107   -0.00282919   0.00104839  -0.00004547
2458037.964612  8.595376e-01    -0.95174915   -0.30881280  -0.00006105   -0.00282898   0.00104835  -0.00004546
2458037.964670  4.143812e-01    -0.95174860   -0.30881380  -0.00006103   -0.00282875   0.00104830  -0.00004544
2458037.966001  1.408351e+00    -0.95173617   -0.30883668  -0.00006065   -0.00282362   0.00104732  -0.00004515
2458037.966060  1.094069e+00    -0.95173562   -0.30883770  -0.00006063   -0.00282340   0.00104727  -0.00004514
2458037.966117  1.123521e+00    -0.95173509   -0.30883868  -0.00006061   -0.00282318   0.00104723  -0.00004513
2458037.966175  1.124388e+00    -0.95173455   -0.30883968  -0.00006060   -0.00282295   0.00104719  -0.00004512
2458037.966233  1.315986e+00    -0.95173401   -0.30884067  -0.00006058   -0.00282273   0.00104715  -0.00004510
2458037.966291  1.190108e+00    -0.95173346   -0.30884167  -0.00006056   -0.00282251   0.00104710  -0.00004509
2458037.966348  1.309551e+00    -0.95173293   -0.30884265  -0.00006055   -0.00282229   0.00104706  -0.00004508
2458037.966407  1.392696e+00    -0.95173238   -0.30884366  -0.00006053   -0.00282206   0.00104702  -0.00004506
2458037.966464  1.353295e+00    -0.95173185   -0.30884465  -0.00006051   -0.00282184   0.00104697  -0.00004505
2458037.966522  1.220471e+00    -0.95173131   -0.30884564  -0.00006049   -0.00282162   0.00104693  -0.00004504
2458037.966580  1.135697e+00    -0.95173076   -0.30884664  -0.00006048   -0.00282139   0.00104689  -0.00004503
2458037.966638  1.051956e+00    -0.95173022   -0.30884764  -0.00006046   -0.00282117   0.00104685  -0.00004501
2458037.966696  1.145863e+00    -0.95172968   -0.30884863  -0.00006044   -0.00282095   0.00104680  -0.00004500
2458037.966754  1.208558e+00    -0.95172914   -0.30884963  -0.00006043   -0.00282072   0.00104676  -0.00004499
2458037.966812  1.237664e+00    -0.95172860   -0.30885063  -0.00006041   -0.00282050   0.00104672  -0.00004498
2458037.966869  1.081780e+00    -0.95172806   -0.30885161  -0.00006039   -0.00282028   0.00104668  -0.00004496
2458037.966928  9.446539e-01    -0.95172751   -0.30885262  -0.00006038   -0.00282005   0.00104663  -0.00004495
2458037.966985  1.135557e+00    -0.95172698   -0.30885360  -0.00006036   -0.00281984   0.00104659  -0.00004494
2458037.967043  1.058629e+00    -0.95172644   -0.30885460  -0.00006034   -0.00281961   0.00104655  -0.00004493
2458037.967101  1.024894e+00    -0.95172590   -0.30885560  -0.00006033   -0.00281939   0.00104650  -0.00004491
2458037.967159  1.200643e+00    -0.95172536   -0.30885660  -0.00006031   -0.00281917   0.00104646  -0.00004490
2458037.967216  1.298225e+00    -0.95172482   -0.30885758  -0.00006029   -0.00281895   0.00104642  -0.00004489
2458037.967275  1.175124e+00    -0.95172427   -0.30885859  -0.00006028   -0.00281872   0.00104637  -0.00004488
2458037.967780  1.233439e+00    -0.95171955   -0.30886727  -0.00006013   -0.00281677   0.00104600  -0.00004477
2458037.967837  1.274835e+00    -0.95171902   -0.30886825  -0.00006011   -0.00281656   0.00104596  -0.00004475
2458037.967895  1.368323e+00    -0.95171848   -0.30886925  -0.00006009   -0.00281633   0.00104592  -0.00004474
2458037.967953  1.162315e+00    -0.95171794   -0.30887025  -0.00006008   -0.00281611   0.00104587  -0.00004473
2458037.968011  1.143033e+00    -0.95171740   -0.30887124  -0.00006006   -0.00281589   0.00104583  -0.00004471
2458037.968069  1.135517e+00    -0.95171686   -0.30887224  -0.00006004   -0.00281566   0.00104579  -0.00004470
2458037.968127  1.219912e+00    -0.95171631   -0.30887324  -0.00006003   -0.00281544   0.00104575  -0.00004469
2458037.968185  1.135177e+00    -0.95171577   -0.30887424  -0.00006001   -0.00281522   0.00104570  -0.00004468
2458037.968242  1.216185e+00    -0.95171524   -0.30887522  -0.00005999   -0.00281500   0.00104566  -0.00004466
2458037.968300  9.993889e-01    -0.95171470   -0.30887621  -0.00005998   -0.00281477   0.00104562  -0.00004465
2458037.968358  9.516329e-01    -0.95171416   -0.30887721  -0.00005996   -0.00281455   0.00104558  -0.00004464
2458037.968416  9.044913e-01    -0.95171361   -0.30887821  -0.00005994   -0.00281433   0.00104553  -0.00004463
2458037.968474  8.370267e-01    -0.95171307   -0.30887921  -0.00005993   -0.00281410   0.00104549  -0.00004461
2458037.968532  5.679031e-01    -0.95171253   -0.30888020  -0.00005991   -0.00281388   0.00104545  -0.00004460
2458037.968590  8.618052e-01    -0.95171199   -0.30888120  -0.00005989   -0.00281366   0.00104540  -0.00004459
2458037.968648  7.997312e-01    -0.95171145   -0.30888220  -0.00005988   -0.00281343   0.00104536  -0.00004458
2458037.968705  9.274277e-01    -0.95171091   -0.30888318  -0.00005986   -0.00281321   0.00104532  -0.00004456
2458037.968764  8.495987e-01    -0.95171036   -0.30888419  -0.00005984   -0.00281299   0.00104528  -0.00004455
2458037.968821  6.119978e-01    -0.95170983   -0.30888517  -0.00005983   -0.00281277   0.00104523  -0.00004454
2458037.968879  8.376928e-01    -0.95170929   -0.30888617  -0.00005981   -0.00281254   0.00104519  -0.00004453
2458037.968937  8.080155e-01    -0.95170875   -0.30888717  -0.00005979   -0.00281232   0.00104515  -0.00004451
2458037.968995  8.483100e-01    -0.95170820   -0.30888816  -0.00005977   -0.00281210   0.00104511  -0.00004450
2458037.969053  6.065819e-01    -0.95170766   -0.30888916  -0.00005976   -0.00281188   0.00104506  -0.00004449
2458037.969111  7.734359e-01    -0.95170712   -0.30889016  -0.00005974   -0.00281165   0.00104502  -0.00004448
2458037.969169  8.684788e-01    -0.95170658   -0.30889116  -0.00005972   -0.00281143   0.00104498  -0.00004446
2458037.969226  7.611938e-01    -0.95170605   -0.30889214  -0.00005971   -0.00281121   0.00104493  -0.00004445
2458037.969285  7.631835e-01    -0.95170550   -0.30889315  -0.00005969   -0.00281098   0.00104489  -0.00004444
2458037.969342  5.950658e-01    -0.95170496   -0.30889413  -0.00005967   -0.00281076   0.00104485  -0.00004443
2458037.969400  8.228105e-01    -0.95170442   -0.30889513  -0.00005966   -0.00281054   0.00104481  -0.00004441
2458037.969458  8.076714e-01    -0.95170388   -0.30889612  -0.00005964   -0.00281032   0.00104476  -0.00004440
2458037.969516  7.550393e-01    -0.95170334   -0.30889712  -0.00005962   -0.00281009   0.00104472  -0.00004439
2458037.969573  7.605111e-01    -0.95170281   -0.30889810  -0.00005961   -0.00280987   0.00104468  -0.00004437
2458037.969632  1.150904e+00    -0.95170225   -0.30889912  -0.00005959   -0.00280965   0.00104464  -0.00004436
2458037.969689  7.207344e-01    -0.95170172   -0.30890010  -0.00005957   -0.00280943   0.00104459  -0.00004435
2458037.969747  8.304435e-01    -0.95170118   -0.30890109  -0.00005956   -0.00280920   0.00104455  -0.00004434
2458037.969805  1.052071e+00    -0.95170064   -0.30890209  -0.00005954   -0.00280898   0.00104451  -0.00004432
2458037.969863  9.263599e-01    -0.95170010   -0.30890309  -0.00005952   -0.00280876   0.00104446  -0.00004431
2458037.969921  1.097273e+00    -0.95169955   -0.30890409  -0.00005951   -0.00280854   0.00104442  -0.00004430
2458037.969979  1.146699e+00    -0.95169901   -0.30890508  -0.00005949   -0.00280831   0.00104438  -0.00004429
2458037.970037  1.085886e+00    -0.95169847   -0.30890608  -0.00005947   -0.00280809   0.00104434  -0.00004427
2458037.970094  8.258862e-01    -0.95169794   -0.30890706  -0.00005946   -0.00280787   0.00104429  -0.00004426
2458037.970153  1.199096e+00    -0.95169739   -0.30890808  -0.00005944   -0.00280764   0.00104425  -0.00004425
2458037.970210  1.090410e+00    -0.95169685   -0.30890906  -0.00005942   -0.00280742   0.00104421  -0.00004424
2458037.970269  1.328996e+00    -0.95169630   -0.30891007  -0.00005940   -0.00280720   0.00104417  -0.00004422
2458037.970326  1.396560e+00    -0.95169577   -0.30891105  -0.00005939   -0.00280698   0.00104412  -0.00004421
2458037.970384  1.379731e+00    -0.95169523   -0.30891205  -0.00005937   -0.00280675   0.00104408  -0.00004420
2458037.970442  1.345641e+00    -0.95169469   -0.30891304  -0.00005935   -0.00280653   0.00104404  -0.00004419
2458037.970500  1.556195e+00    -0.95169414   -0.30891404  -0.00005934   -0.00280631   0.00104400  -0.00004417
2458037.970557  1.470956e+00    -0.95169361   -0.30891502  -0.00005932   -0.00280609   0.00104395  -0.00004416
2458037.970616  1.586111e+00    -0.95169306   -0.30891604  -0.00005930   -0.00280586   0.00104391  -0.00004415
2458037.970673  1.545501e+00    -0.95169253   -0.30891702  -0.00005929   -0.00280564   0.00104387  -0.00004414
2458037.970731  1.435503e+00    -0.95169199   -0.30891801  -0.00005927   -0.00280542   0.00104383  -0.00004412
2458037.970789  1.623824e+00    -0.95169144   -0.30891901  -0.00005925   -0.00280520   0.00104378  -0.00004411
2458037.970847  1.649202e+00    -0.95169090   -0.30892001  -0.00005924   -0.00280497   0.00104374  -0.00004410
2458037.970905  1.741039e+00    -0.95169036   -0.30892101  -0.00005922   -0.00280475   0.00104370  -0.00004409
2458037.970963  1.844774e+00    -0.95168982   -0.30892200  -0.00005920   -0.00280453   0.00104365  -0.00004407
2458037.971021  1.841103e+00    -0.95168928   -0.30892300  -0.00005919   -0.00280430   0.00104361  -0.00004406
2458037.971078  1.741863e+00    -0.95168874   -0.30892398  -0.00005917   -0.00280408   0.00104357  -0.00004405
2458037.971137  1.478249e+00    -0.95168819   -0.30892499  -0.00005915   -0.00280386   0.00104353  -0.00004404
2458037.971194  1.491707e+00    -0.95168766   -0.30892597  -0.00005914   -0.00280364   0.00104348  -0.00004402
2458037.971252  1.710875e+00    -0.95168712   -0.30892697  -0.00005912   -0.00280342   0.00104344  -0.00004401
2458037.971310  1.528808e+00    -0.95168658   -0.30892797  -0.00005910   -0.00280319   0.00104340  -0.00004400
2458037.971368  1.554131e+00    -0.95168604   -0.30892897  -0.00005908   -0.00280297   0.00104336  -0.00004399
2458037.971425  1.514341e+00    -0.95168550   -0.30892995  -0.00005907   -0.00280275   0.00104331  -0.00004397
2458037.971484  1.422189e+00    -0.95168495   -0.30893096  -0.00005905   -0.00280252   0.00104327  -0.00004396
2458037.971541  1.475343e+00    -0.95168442   -0.30893194  -0.00005903   -0.00280230   0.00104323  -0.00004395
2458037.971599  1.276520e+00    -0.95168388   -0.30893294  -0.00005902   -0.00280208   0.00104319  -0.00004394
2458037.971657  1.284584e+00    -0.95168334   -0.30893394  -0.00005900   -0.00280186   0.00104314  -0.00004392
2458037.971715  1.236794e+00    -0.95168279   -0.30893493  -0.00005898   -0.00280163   0.00104310  -0.00004391
2458037.971773  9.986929e-01    -0.95168225   -0.30893593  -0.00005897   -0.00280141   0.00104306  -0.00004390
2458037.971831  1.115236e+00    -0.95168171   -0.30893693  -0.00005895   -0.00280119   0.00104302  -0.00004388
2458037.971889  9.543362e-01    -0.95168117   -0.30893792  -0.00005893   -0.00280097   0.00104297  -0.00004387
2458037.971946  1.089525e+00    -0.95168064   -0.30893890  -0.00005892   -0.00280075   0.00104293  -0.00004386
2458037.972005  7.884440e-01    -0.95168008   -0.30893992  -0.00005890   -0.00280052   0.00104289  -0.00004385
2458037.972062  9.194046e-01    -0.95167955   -0.30894090  -0.00005888   -0.00280030   0.00104285  -0.00004383
2458037.972121  8.884648e-01    -0.95167900   -0.30894191  -0.00005887   -0.00280007   0.00104280  -0.00004382
2458037.972178  8.569906e-01    -0.95167847   -0.30894289  -0.00005885   -0.00279985   0.00104276  -0.00004381
2458037.972236  8.490060e-01    -0.95167793   -0.30894389  -0.00005883   -0.00279963   0.00104272  -0.00004380
2458037.973857  9.075784e-01    -0.95166278   -0.30897176  -0.00005836   -0.00279340   0.00104153  -0.00004345
2458037.973914  1.069104e+00    -0.95166225   -0.30897274  -0.00005834   -0.00279318   0.00104148  -0.00004343
2458037.973973  1.251277e+00    -0.95166170   -0.30897376  -0.00005833   -0.00279295   0.00104144  -0.00004342
2458037.974030  1.065833e+00    -0.95166116   -0.30897474  -0.00005831   -0.00279274   0.00104140  -0.00004341
2458037.974088  1.219056e+00    -0.95166062   -0.30897573  -0.00005829   -0.00279251   0.00104136  -0.00004340
2458037.974146  1.140665e+00    -0.95166008   -0.30897673  -0.00005828   -0.00279229   0.00104131  -0.00004338
2458037.974204  1.159559e+00    -0.95165954   -0.30897773  -0.00005826   -0.00279207   0.00104127  -0.00004337
2458037.974262  1.332378e+00    -0.95165900   -0.30897873  -0.00005824   -0.00279184   0.00104123  -0.00004336
2458037.974320  1.285174e+00    -0.95165845   -0.30897972  -0.00005823   -0.00279162   0.00104119  -0.00004335
2458037.974378  1.208082e+00    -0.95165791   -0.30898072  -0.00005821   -0.00279140   0.00104114  -0.00004333
2458037.974435  1.421779e+00    -0.95165738   -0.30898170  -0.00005819   -0.00279118   0.00104110  -0.00004332
2458037.974494  1.376466e+00    -0.95165683   -0.30898271  -0.00005817   -0.00279095   0.00104106  -0.00004331
2458037.974551  1.380070e+00    -0.95165630   -0.30898369  -0.00005816   -0.00279073   0.00104102  -0.00004330
2458037.974609  1.199598e+00    -0.95165575   -0.30898469  -0.00005814   -0.00279051   0.00104097  -0.00004328
2458037.974667  1.294704e+00    -0.95165521   -0.30898569  -0.00005812   -0.00279029   0.00104093  -0.00004327
2458037.974725  1.334458e+00    -0.95165467   -0.30898669  -0.00005811   -0.00279007   0.00104089  -0.00004326
2458037.974782  1.285999e+00    -0.95165414   -0.30898767  -0.00005809   -0.00278985   0.00104085  -0.00004325
2458037.974841  1.519057e+00    -0.95165359   -0.30898868  -0.00005807   -0.00278962   0.00104080  -0.00004323
2458037.974898  1.278526e+00    -0.95165305   -0.30898966  -0.00005806   -0.00278940   0.00104076  -0.00004322
2458037.974956  1.559711e+00    -0.95165251   -0.30899066  -0.00005804   -0.00278918   0.00104072  -0.00004321
2458037.975014  1.393730e+00    -0.95165197   -0.30899166  -0.00005802   -0.00278895   0.00104068  -0.00004320
2458037.975072  1.353048e+00    -0.95165143   -0.30899265  -0.00005801   -0.00278873   0.00104063  -0.00004318
2458037.975130  1.157838e+00    -0.95165089   -0.30899365  -0.00005799   -0.00278851   0.00104059  -0.00004317
2458037.975188  1.272865e+00    -0.95165034   -0.30899465  -0.00005797   -0.00278829   0.00104055  -0.00004316
2458037.975246  1.231166e+00    -0.95164980   -0.30899564  -0.00005796   -0.00278806   0.00104051  -0.00004315
2458037.975303  1.277181e+00    -0.95164927   -0.30899662  -0.00005794   -0.00278784   0.00104046  -0.00004313
2458037.975362  1.094929e+00    -0.95164872   -0.30899764  -0.00005792   -0.00278762   0.00104042  -0.00004312
2458037.975419  1.181739e+00    -0.95164818   -0.30899862  -0.00005791   -0.00278740   0.00104038  -0.00004311
2458037.975477  1.299140e+00    -0.95164764   -0.30899962  -0.00005789   -0.00278718   0.00104034  -0.00004310
2458037.975535  8.846885e-01    -0.95164710   -0.30900061  -0.00005787   -0.00278695   0.00104029  -0.00004308
2458037.975593  1.088240e+00    -0.95164656   -0.30900161  -0.00005786   -0.00278673   0.00104025  -0.00004307
2458037.975651  1.325133e+00    -0.95164602   -0.30900261  -0.00005784   -0.00278651   0.00104021  -0.00004306
2458037.975709  1.093941e+00    -0.95164547   -0.30900361  -0.00005782   -0.00278628   0.00104017  -0.00004305
2458037.975766  8.640313e-01    -0.95164494   -0.30900459  -0.00005780   -0.00278607   0.00104012  -0.00004303
2458037.975825  1.015928e+00    -0.95164439   -0.30900560  -0.00005779   -0.00278584   0.00104008  -0.00004302
2458037.975882  1.081430e+00    -0.95164386   -0.30900658  -0.00005777   -0.00278562   0.00104004  -0.00004301
2458037.975940  1.017496e+00    -0.95164332   -0.30900758  -0.00005775   -0.00278540   0.00104000  -0.00004300
2458037.975998  9.295384e-01    -0.95164277   -0.30900857  -0.00005774   -0.00278517   0.00103995  -0.00004298
2458037.976056  9.922059e-01    -0.95164223   -0.30900957  -0.00005772   -0.00278495   0.00103991  -0.00004297
2458037.976114  1.059098e+00    -0.95164169   -0.30901057  -0.00005770   -0.00278473   0.00103987  -0.00004296
2458037.976172  9.265540e-01    -0.95164115   -0.30901157  -0.00005769   -0.00278451   0.00103983  -0.00004295
2458037.976230  8.621943e-01    -0.95164061   -0.30901256  -0.00005767   -0.00278428   0.00103978  -0.00004293
2458037.976287  6.630415e-01    -0.95164007   -0.30901354  -0.00005765   -0.00278407   0.00103974  -0.00004292
2458037.976346  8.691086e-01    -0.95163952   -0.30901456  -0.00005764   -0.00278384   0.00103970  -0.00004291
2458037.976403  9.741136e-01    -0.95163899   -0.30901554  -0.00005762   -0.00278362   0.00103966  -0.00004290
2458037.976461  8.297439e-01    -0.95163845   -0.30901654  -0.00005760   -0.00278340   0.00103961  -0.00004288
2458037.976519  9.720274e-01    -0.95163791   -0.30901753  -0.00005759   -0.00278317   0.00103957  -0.00004287
2458037.976577  7.907022e-01    -0.95163736   -0.30901853  -0.00005757   -0.00278295   0.00103953  -0.00004286
2458037.976635  8.127320e-01    -0.95163682   -0.30901953  -0.00005755   -0.00278273   0.00103949  -0.00004285
2458037.976693  9.126027e-01    -0.95163628   -0.30902052  -0.00005753   -0.00278251   0.00103944  -0.00004283
2458037.976750  7.737797e-01    -0.95163575   -0.30902150  -0.00005752   -0.00278229   0.00103940  -0.00004282
2458037.976808  6.838356e-01    -0.95163521   -0.30902250  -0.00005750   -0.00278206   0.00103936  -0.00004281
2458037.976866  7.400927e-01    -0.95163466   -0.30902350  -0.00005748   -0.00278184   0.00103932  -0.00004280
2458037.976924  7.040776e-01    -0.95163412   -0.30902450  -0.00005747   -0.00278162   0.00103928  -0.00004278
2458037.976982  9.798395e-01    -0.95163358   -0.30902549  -0.00005745   -0.00278140   0.00103923  -0.00004277
2458037.977040  5.731778e-01    -0.95163304   -0.30902649  -0.00005743   -0.00278117   0.00103919  -0.00004276
2458037.977098  8.786659e-01    -0.95163250   -0.30902749  -0.00005742   -0.00278095   0.00103915  -0.00004275
2458037.977155  7.560653e-01    -0.95163196   -0.30902847  -0.00005740   -0.00278073   0.00103911  -0.00004273
2458037.977214  6.850031e-01    -0.95163141   -0.30902948  -0.00005738   -0.00278051   0.00103906  -0.00004272
2458037.977271  8.181408e-01    -0.95163088   -0.30903046  -0.00005737   -0.00278029   0.00103902  -0.00004271
2458037.977329  8.471542e-01    -0.95163034   -0.30903146  -0.00005735   -0.00278006   0.00103898  -0.00004270
2458037.977387  9.434021e-01    -0.95162979   -0.30903246  -0.00005733   -0.00277984   0.00103894  -0.00004268
2458037.977445  7.802454e-01    -0.95162925   -0.30903345  -0.00005732   -0.00277962   0.00103889  -0.00004267
2458037.977503  7.539900e-01    -0.95162871   -0.30903445  -0.00005730   -0.00277940   0.00103885  -0.00004266
2458037.977561  6.375290e-01    -0.95162817   -0.30903545  -0.00005728   -0.00277917   0.00103881  -0.00004265
2458037.977619  8.662322e-01    -0.95162763   -0.30903645  -0.00005727   -0.00277895   0.00103877  -0.00004263
2458037.977677  6.521818e-01    -0.95162708   -0.30903744  -0.00005725   -0.00277873   0.00103872  -0.00004262
2458037.977735  7.370603e-01    -0.95162654   -0.30903844  -0.00005723   -0.00277851   0.00103868  -0.00004261
2458037.977792  8.322207e-01    -0.95162601   -0.30903942  -0.00005722   -0.00277829   0.00103864  -0.00004260
2458037.977850  8.206781e-01    -0.95162547   -0.30904042  -0.00005720   -0.00277806   0.00103860  -0.00004259
2458037.977908  7.580663e-01    -0.95162493   -0.30904141  -0.00005718   -0.00277784   0.00103855  -0.00004257
2458037.977966  8.678438e-01    -0.95162438   -0.30904241  -0.00005716   -0.00277762   0.00103851  -0.00004256
2458037.978024  8.218185e-01    -0.95162384   -0.30904341  -0.00005715   -0.00277740   0.00103847  -0.00004255
2458037.978082  8.910667e-01    -0.95162330   -0.30904441  -0.00005713   -0.00277717   0.00103843  -0.00004254
2458037.978139  9.167390e-01    -0.95162277   -0.30904539  -0.00005711   -0.00277695   0.00103839  -0.00004252
2458037.978198  8.601593e-01    -0.95162222   -0.30904640  -0.00005710   -0.00277673   0.00103834  -0.00004251
2458037.978255  8.443342e-01    -0.95162168   -0.30904738  -0.00005708   -0.00277651   0.00103830  -0.00004250
2458037.978313  7.393476e-01    -0.95162114   -0.30904838  -0.00005706   -0.00277629   0.00103826  -0.00004249
2458037.978371  7.131535e-01    -0.95162060   -0.30904938  -0.00005705   -0.00277606   0.00103822  -0.00004247
2458037.978429  9.313594e-01    -0.95162006   -0.30905037  -0.00005703   -0.00277584   0.00103817  -0.00004246
2458037.978487  9.599567e-01    -0.95161951   -0.30905137  -0.00005701   -0.00277562   0.00103813  -0.00004245
2458037.978545  9.225415e-01    -0.95161897   -0.30905237  -0.00005700   -0.00277540   0.00103809  -0.00004244
2458037.978603  1.193769e+00    -0.95161843   -0.30905336  -0.00005698   -0.00277517   0.00103805  -0.00004242
2458037.978660  9.684020e-01    -0.95161790   -0.30905434  -0.00005696   -0.00277495   0.00103800  -0.00004241
2458037.978719  8.709412e-01    -0.95161735   -0.30905536  -0.00005695   -0.00277473   0.00103796  -0.00004240
2458037.978776  1.049843e+00    -0.95161681   -0.30905634  -0.00005693   -0.00277451   0.00103792  -0.00004239
2458037.978834  8.058581e-01    -0.95161627   -0.30905734  -0.00005691   -0.00277429   0.00103788  -0.00004237
2458037.978892  1.261807e+00    -0.95161573   -0.30905833  -0.00005690   -0.00277406   0.00103783  -0.00004236
2458037.978950  1.306553e+00    -0.95161519   -0.30905933  -0.00005688   -0.00277384   0.00103779  -0.00004235
2458037.979007  1.105764e+00    -0.95161466   -0.30906031  -0.00005686   -0.00277362   0.00103775  -0.00004234
2458037.979066  1.167335e+00    -0.95161410   -0.30906133  -0.00005684   -0.00277340   0.00103771  -0.00004232
2458037.979123  1.186673e+00    -0.95161357   -0.30906231  -0.00005683   -0.00277318   0.00103767  -0.00004231
2458037.979182  1.224233e+00    -0.95161302   -0.30906332  -0.00005681   -0.00277295   0.00103762  -0.00004230
2458037.979239  1.119437e+00    -0.95161249   -0.30906430  -0.00005679   -0.00277273   0.00103758  -0.00004229
2458037.979297  1.419495e+00    -0.95161194   -0.30906530  -0.00005678   -0.00277251   0.00103754  -0.00004227
2458037.979355  1.323330e+00    -0.95161140   -0.30906629  -0.00005676   -0.00277229   0.00103750  -0.00004226
2458037.979413  1.153460e+00    -0.95161086   -0.30906729  -0.00005674   -0.00277207   0.00103745  -0.00004225
2458037.979471  1.481619e+00    -0.95161032   -0.30906829  -0.00005673   -0.00277184   0.00103741  -0.00004224
2458037.979529  1.461070e+00    -0.95160978   -0.30906929  -0.00005671   -0.00277162   0.00103737  -0.00004222
2458037.979587  1.436829e+00    -0.95160923   -0.30907028  -0.00005669   -0.00277140   0.00103733  -0.00004221
2458037.979644  1.530878e+00    -0.95160870   -0.30907126  -0.00005668   -0.00277118   0.00103728  -0.00004220
2458037.979703  1.179434e+00    -0.95160815   -0.30907228  -0.00005666   -0.00277095   0.00103724  -0.00004219
2458037.979760  1.137651e+00    -0.95160762   -0.30907326  -0.00005664   -0.00277073   0.00103720  -0.00004218
2458037.979818  1.270408e+00    -0.95160708   -0.30907425  -0.00005663   -0.00277051   0.00103716  -0.00004216
2458037.979876  1.304600e+00    -0.95160653   -0.30907525  -0.00005661   -0.00277029   0.00103712  -0.00004215
2458037.979934  1.107163e+00    -0.95160599   -0.30907625  -0.00005659   -0.00277007   0.00103707  -0.00004214
2458037.979991  1.480973e+00    -0.95160546   -0.30907723  -0.00005658   -0.00276985   0.00103703  -0.00004213
2458037.980050  1.314862e+00    -0.95160491   -0.30907824  -0.00005656   -0.00276962   0.00103699  -0.00004211
2458037.980107  1.399637e+00    -0.95160437   -0.30907922  -0.00005654   -0.00276940   0.00103695  -0.00004210
2458037.980165  1.464029e+00    -0.95160383   -0.30908022  -0.00005652   -0.00276918   0.00103690  -0.00004209
2458037.980223  1.390221e+00    -0.95160329   -0.30908122  -0.00005651   -0.00276896   0.00103686  -0.00004208
2458037.980281  1.486682e+00    -0.95160275   -0.30908222  -0.00005649   -0.00276873   0.00103682  -0.00004206
2458037.980339  1.272191e+00    -0.95160221   -0.30908321  -0.00005647   -0.00276851   0.00103678  -0.00004205
2458037.980397  1.304027e+00    -0.95160166   -0.30908421  -0.00005646   -0.00276829   0.00103673  -0.00004204
2458037.980455  1.287125e+00    -0.95160112   -0.30908521  -0.00005644   -0.00276807   0.00103669  -0.00004203
2458037.980512  1.207691e+00    -0.95160059   -0.30908619  -0.00005642   -0.00276785   0.00103665  -0.00004201
2458037.980571  1.450404e+00    -0.95160004   -0.30908720  -0.00005641   -0.00276762   0.00103661  -0.00004200
2458037.980628  1.028547e+00    -0.95159951   -0.30908818  -0.00005639   -0.00276740   0.00103657  -0.00004199
2458037.980687  1.090831e+00    -0.95159895   -0.30908920  -0.00005637   -0.00276718   0.00103652  -0.00004198
2458037.980744  1.258035e+00    -0.95159842   -0.30909018  -0.00005636   -0.00276696   0.00103648  -0.00004196
2458037.980802  8.815092e-01    -0.95159788   -0.30909117  -0.00005634   -0.00276674   0.00103644  -0.00004195
2458037.980860  9.027365e-01    -0.95159734   -0.30909217  -0.00005632   -0.00276651   0.00103640  -0.00004194
2458037.980918  8.812420e-01    -0.95159679   -0.30909317  -0.00005631   -0.00276629   0.00103635  -0.00004193
2458037.980975  8.276190e-01    -0.95159626   -0.30909415  -0.00005629   -0.00276607   0.00103631  -0.00004191
2458037.981034  9.327462e-01    -0.95159571   -0.30909516  -0.00005627   -0.00276585   0.00103627  -0.00004190
2458037.981091  8.655632e-01    -0.95159518   -0.30909614  -0.00005626   -0.00276563   0.00103623  -0.00004189
2458037.981149  8.962578e-01    -0.95159464   -0.30909714  -0.00005624   -0.00276541   0.00103619  -0.00004188
2458037.981207  9.962471e-01    -0.95159409   -0.30909814  -0.00005622   -0.00276518   0.00103614  -0.00004186
2458037.981265  6.538848e-01    -0.95159355   -0.30909913  -0.00005620   -0.00276496   0.00103610  -0.00004185
2458037.981323  6.659404e-01    -0.95159301   -0.30910013  -0.00005619   -0.00276474   0.00103606  -0.00004184
2458037.981381  4.120686e-01    -0.95159247   -0.30910113  -0.00005617   -0.00276452   0.00103602  -0.00004183
2458037.981439  6.446198e-01    -0.95159193   -0.30910213  -0.00005615   -0.00276429   0.00103597  -0.00004182
2458037.981496  6.217831e-01    -0.95159139   -0.30910311  -0.00005614   -0.00276407   0.00103593  -0.00004180
2458037.981555  5.156700e-01    -0.95159084   -0.30910412  -0.00005612   -0.00276385   0.00103589  -0.00004179
2458037.981612  4.296424e-01    -0.95159031   -0.30910510  -0.00005610   -0.00276363   0.00103585  -0.00004178
