Best in last gen:
[-1.34086209e-02 -2.92712095e-02  1.61717420e-04  3.36775283e-02
 -1.27452274e-02  8.79527172e-03 -1.11304713e-02  1.36369452e-02
  3.36130977e-02  2.39563279e-02  7.68096280e-03  9.96966252e-03
  1.28725239e-02 -1.34171793e-02  2.49643233e-02 -1.23946506e-02
 -2.24363333e-02  1.38644199e-02  4.69271621e-03  3.15252923e-03
 -9.35132887e-04 -8.14409440e-03 -4.74229933e-02  7.93560113e-03
  1.17945052e-02  9.26432558e-03  2.31143801e-02 -1.41253518e-02
  1.37038153e-02 -2.73030344e-02 -1.41914301e-03  4.12507601e-03
  1.26312639e-02  1.00101744e-02 -1.47531704e-02  2.42386334e-02
  8.96844872e-03  1.35592311e-02 -8.16353861e-03 -1.54393417e-02
  1.63280558e-02 -2.77793088e-03  6.14406921e-03  8.39214927e-03
 -2.13079308e-02 -1.14416691e-02 -1.20438691e-02 -6.79342406e-03
 -1.80248844e-02  3.57134464e-02  7.88716412e-03 -2.12658844e-03
  9.48321168e-03 -3.26976941e-03  2.39635779e-02  9.69375240e-04
 -6.68987656e-03 -5.14956598e-04 -8.91515181e-03 -4.81291842e-03
  2.62180490e-02 -1.61133981e-02  4.55817998e-03 -4.18124685e-04
  3.46503541e-04  2.83532002e-03 -3.10342189e-03  2.83499047e-02
 -3.75323059e-02 -7.32604234e-02 -1.06755677e-02  2.06286159e-02
 -6.04923445e-03 -1.09247103e-02 -4.60414557e-03 -7.86031014e-03
  2.17689754e-02  1.47402932e-02  1.08987643e-02  2.13544068e-02
 -1.47983942e-02  1.75941489e-03  6.12456979e-03  6.40421019e-04
 -9.62551677e-03  1.39039531e-02  5.26644245e-03  1.39923640e-02
 -8.19037024e-03 -9.79329341e-04  3.12593348e-03 -1.29765367e-02
 -1.01389901e-03  1.11425497e-02 -2.40351645e-03  1.85963058e-02
 -6.26203323e-03 -1.75194433e-02  6.96027129e-03  2.56267741e-02
  1.39341172e-03  1.32001784e-02 -1.17041548e-02 -5.85344220e-03
  1.71621473e-02  1.52489501e-02  1.91622043e-02 -2.97481593e-02
  1.13548722e-04 -1.28350742e-02 -1.88591969e-02 -7.10203838e-03
  5.36576970e-03 -1.37240587e-03 -1.81179842e-03  5.60779141e-03
  1.39068882e-02 -1.73396088e-02 -5.16682168e-03 -1.36350992e-02
  9.99753004e-01  1.00053316e-06  8.13946083e-01  1.10374781e+00]
Best fitness in last gen:
1.0327883168082683e-06
GA calculation time:
131.93227696418762

Initial parameters
population size = 50
number of generations = 1000
Real number of generations = 1000
elitism = 2
crossover_rate = 0.95
mutation rate = 0.01
mutation range = [4.e-02 4.e-02 4.e-02 4.e-02 4.e-02 4.e-02 4.e-02 4.e-02 4.e-02 4.e-02
 4.e-02 4.e-02 4.e-02 4.e-02 4.e-02 4.e-02 4.e-02 4.e-02 4.e-02 4.e-02
 4.e-02 4.e-02 4.e-02 4.e-02 4.e-02 4.e-02 4.e-02 4.e-02 4.e-02 4.e-02
 4.e-02 4.e-02 4.e-02 4.e-02 4.e-02 4.e-02 4.e-02 4.e-02 4.e-02 4.e-02
 4.e-02 4.e-02 4.e-02 4.e-02 4.e-02 4.e-02 4.e-02 4.e-02 4.e-02 4.e-02
 4.e-02 4.e-02 4.e-02 4.e-02 4.e-02 4.e-02 4.e-02 4.e-02 4.e-02 4.e-02
 4.e-02 4.e-02 4.e-02 4.e-02 4.e-02 4.e-02 4.e-02 4.e-02 4.e-02 4.e-02
 4.e-02 4.e-02 4.e-02 4.e-02 4.e-02 4.e-02 4.e-02 4.e-02 4.e-02 4.e-02
 4.e-02 4.e-02 4.e-02 4.e-02 4.e-02 4.e-02 4.e-02 4.e-02 4.e-02 4.e-02
 4.e-02 4.e-02 4.e-02 4.e-02 4.e-02 4.e-02 4.e-02 4.e-02 4.e-02 4.e-02
 4.e-02 4.e-02 4.e-02 4.e-02 4.e-02 4.e-02 4.e-02 4.e-02 4.e-02 4.e-02
 4.e-02 4.e-02 4.e-02 4.e-02 4.e-02 4.e-02 4.e-02 4.e-02 4.e-02 4.e-02
 2.e-02 1.e-06 2.e-02 2.e-02]
order = 5
gene ranges = [(-0.04, 0.04), (-0.04, 0.04), (-0.04, 0.04), (-0.04, 0.04), (-0.04, 0.04), (-0.04, 0.04), (-0.04, 0.04), (-0.04, 0.04), (-0.04, 0.04), (-0.04, 0.04), (-0.04, 0.04), (-0.04, 0.04), (-0.04, 0.04), (-0.04, 0.04), (-0.04, 0.04), (-0.04, 0.04), (-0.04, 0.04), (-0.04, 0.04), (-0.04, 0.04), (-0.04, 0.04), (-0.04, 0.04), (-0.04, 0.04), (-0.04, 0.04), (-0.04, 0.04), (-0.04, 0.04), (-0.04, 0.04), (-0.04, 0.04), (-0.04, 0.04), (-0.04, 0.04), (-0.04, 0.04), (-0.04, 0.04), (-0.04, 0.04), (-0.04, 0.04), (-0.04, 0.04), (-0.04, 0.04), (-0.04, 0.04), (-0.04, 0.04), (-0.04, 0.04), (-0.04, 0.04), (-0.04, 0.04), (-0.04, 0.04), (-0.04, 0.04), (-0.04, 0.04), (-0.04, 0.04), (-0.04, 0.04), (-0.04, 0.04), (-0.04, 0.04), (-0.04, 0.04), (-0.04, 0.04), (-0.04, 0.04), (-0.04, 0.04), (-0.04, 0.04), (-0.04, 0.04), (-0.04, 0.04), (-0.04, 0.04), (-0.04, 0.04), (-0.04, 0.04), (-0.04, 0.04), (-0.04, 0.04), (-0.04, 0.04), (-0.04, 0.04), (-0.04, 0.04), (-0.04, 0.04), (-0.04, 0.04), (-0.04, 0.04), (-0.04, 0.04), (-0.04, 0.04), (-0.04, 0.04), (-0.04, 0.04), (-0.04, 0.04), (-0.04, 0.04), (-0.04, 0.04), (-0.04, 0.04), (-0.04, 0.04), (-0.04, 0.04), (-0.04, 0.04), (-0.04, 0.04), (-0.04, 0.04), (-0.04, 0.04), (-0.04, 0.04), (-0.04, 0.04), (-0.04, 0.04), (-0.04, 0.04), (-0.04, 0.04), (-0.04, 0.04), (-0.04, 0.04), (-0.04, 0.04), (-0.04, 0.04), (-0.04, 0.04), (-0.04, 0.04), (-0.04, 0.04), (-0.04, 0.04), (-0.04, 0.04), (-0.04, 0.04), (-0.04, 0.04), (-0.04, 0.04), (-0.04, 0.04), (-0.04, 0.04), (-0.04, 0.04), (-0.04, 0.04), (-0.04, 0.04), (-0.04, 0.04), (-0.04, 0.04), (-0.04, 0.04), (-0.04, 0.04), (-0.04, 0.04), (-0.04, 0.04), (-0.04, 0.04), (-0.04, 0.04), (-0.04, 0.04), (-0.04, 0.04), (-0.04, 0.04), (-0.04, 0.04), (-0.04, 0.04), (-0.04, 0.04), (-0.04, 0.04), (-0.04, 0.04), (-0.04, 0.04), (-0.04, 0.04), (-0.04, 0.04), (0.98, 1.02), (-1e-05, 1e-05), (0, 2), (0, 2)]
