Best in last gen:
[-4.62005632e-03  1.17232401e-02  1.35711509e-02 -1.31775096e-02
 -3.16607570e-02  4.13479459e-03  1.49132168e-02  4.34671535e-02
 -1.17779291e-02 -1.93070282e-02  6.07223276e-02  1.79175518e-02
  3.99875787e-02 -9.97206510e-03  3.01783802e-02 -1.18211266e-02
  3.14954730e-02  6.02029715e-02 -1.80753587e-02  3.35649131e-02
  2.49765161e-02 -1.64362915e-02  5.60211816e-02 -6.01284808e-02
 -9.56766322e-03 -2.33585630e-02  7.24513725e-02 -1.33921698e-02
 -6.64323381e-03 -1.99166194e-02  2.30849624e-02 -1.43348449e-03
  2.72526466e-02 -3.92106272e-03 -2.40152032e-03 -1.18067667e-03
 -1.18455130e-03 -6.13317938e-03  3.71506560e-03  1.80815255e-02
 -3.33043344e-02  2.23001167e-03  1.62186967e-03  1.00209569e-02
 -5.64834283e-02 -3.83322188e-03 -3.38351623e-02 -2.04809103e-02
  1.00186160e+00  4.59589200e-06  5.80767069e-01  2.43999119e-01]
Best fitness in last gen:
9.555272788576134e-06
GA calculation time:
171.8061878681183

Initial parameters
population size = 50
number of generations = 1000
Real number of generations = 1000
elitism = 2
crossover_rate = 0.95
mutation rate = 0.01
mutation range = [4.e-02 4.e-02 4.e-02 4.e-02 4.e-02 4.e-02 4.e-02 4.e-02 4.e-02 4.e-02
 4.e-02 4.e-02 4.e-02 4.e-02 4.e-02 4.e-02 4.e-02 4.e-02 4.e-02 4.e-02
 4.e-02 4.e-02 4.e-02 4.e-02 4.e-02 4.e-02 4.e-02 4.e-02 4.e-02 4.e-02
 4.e-02 4.e-02 4.e-02 4.e-02 4.e-02 4.e-02 4.e-02 4.e-02 4.e-02 4.e-02
 4.e-02 4.e-02 4.e-02 4.e-02 4.e-02 4.e-02 4.e-02 4.e-02 2.e-02 1.e-06
 2.e-02 2.e-02]
order = 3
gene ranges = [(-0.04, 0.04), (-0.04, 0.04), (-0.04, 0.04), (-0.04, 0.04), (-0.04, 0.04), (-0.04, 0.04), (-0.04, 0.04), (-0.04, 0.04), (-0.04, 0.04), (-0.04, 0.04), (-0.04, 0.04), (-0.04, 0.04), (-0.04, 0.04), (-0.04, 0.04), (-0.04, 0.04), (-0.04, 0.04), (-0.04, 0.04), (-0.04, 0.04), (-0.04, 0.04), (-0.04, 0.04), (-0.04, 0.04), (-0.04, 0.04), (-0.04, 0.04), (-0.04, 0.04), (-0.04, 0.04), (-0.04, 0.04), (-0.04, 0.04), (-0.04, 0.04), (-0.04, 0.04), (-0.04, 0.04), (-0.04, 0.04), (-0.04, 0.04), (-0.04, 0.04), (-0.04, 0.04), (-0.04, 0.04), (-0.04, 0.04), (-0.04, 0.04), (-0.04, 0.04), (-0.04, 0.04), (-0.04, 0.04), (-0.04, 0.04), (-0.04, 0.04), (-0.04, 0.04), (-0.04, 0.04), (-0.04, 0.04), (-0.04, 0.04), (-0.04, 0.04), (-0.04, 0.04), (0.98, 1.02), (-1e-05, 1e-05), (0.56, 0.6), (0.21, 0.25)]
