Best in last gen:
[-3.90007899e-02 -9.46573337e-03 -3.33538346e-02  1.86466487e-02
 -4.09081346e-03  4.17146249e-03  5.86037244e-03  4.83155101e-04
 -2.50180172e-02  2.48214913e-02  1.32741815e-02  1.75317468e-02
  1.64010467e-02  1.50188612e-02  4.06057520e-02 -2.54301001e-02
  2.13457255e-02  2.21902553e-02 -7.78867742e-04 -1.08428619e-02
  1.25738597e-02  2.06106738e-02 -5.53906511e-03 -5.77717077e-03
 -4.12293133e-03 -2.14488733e-02  4.49635987e-02 -6.64488909e-03
  8.81307078e-03 -2.13901059e-02  2.07200288e-02 -6.24789489e-03
  2.63555999e-03  8.70519146e-03  9.70343905e-04  8.89173801e-06
  1.25004677e-02 -3.55740893e-03 -4.11215792e-03  2.30911397e-02
  1.26565144e-02  1.28389777e-02  3.52274834e-02 -6.49083842e-03
  7.82866796e-03 -2.04369194e-02 -2.79643579e-03  4.33201874e-03
  1.34128566e-02  5.33171078e-03 -6.83409575e-03  1.97432314e-02
  1.00533743e-02 -1.65637239e-03  1.18942625e-02  1.28544318e-02
  1.70157883e-02  1.72334808e-02  2.12267180e-02  5.91390913e-03
  2.10985547e-02 -6.55259010e-03 -1.16991979e-02 -4.67348917e-03
 -1.64559357e-02  7.02076452e-03  4.99689586e-03  2.42965254e-03
  3.10332526e-04 -6.10369572e-03  1.18851403e-02 -5.56407687e-05
  7.88438876e-03  1.48985328e-02 -2.41523268e-03  1.00183440e-02
 -1.09930636e-02 -3.27622121e-03 -1.63341222e-02  9.53637535e-03
  1.57489957e-03  5.00068905e-03  5.15019010e-03  1.22740116e-02
 -1.50534775e-02 -2.77533645e-02 -1.71407439e-02  2.15841632e-02
  3.55550141e-03  1.68873755e-02 -7.00755834e-03 -2.28633262e-02
  9.52761439e-03  8.32328563e-03 -1.59745609e-02 -1.50524110e-03
 -2.33205890e-02  1.90775343e-02 -9.12096429e-03  4.35113676e-03
 -2.74092129e-02 -1.13838305e-02  1.22495874e-02  6.46131281e-03
  1.01154699e-02  2.18390344e-03  1.46555904e-02 -1.34769508e-02
  8.55372325e-03 -1.20777191e-02 -1.33239291e-02  1.80219212e-02
 -2.34307386e-02 -1.38525821e-03  1.16659813e-02  3.02760236e-03
  4.50754730e-05 -1.27442224e-02 -9.85451609e-03  1.02960503e-02
  1.00839222e+00  3.72259186e-06  5.79433668e-01  2.34259322e-01]
Best fitness in last gen:
2.319618775457717e-06
GA calculation time:
139.0704882144928

Initial parameters
population size = 50
number of generations = 1000
Real number of generations = 1000
elitism = 2
crossover_rate = 0.95
mutation rate = 0.01
mutation range = [4.e-02 4.e-02 4.e-02 4.e-02 4.e-02 4.e-02 4.e-02 4.e-02 4.e-02 4.e-02
 4.e-02 4.e-02 4.e-02 4.e-02 4.e-02 4.e-02 4.e-02 4.e-02 4.e-02 4.e-02
 4.e-02 4.e-02 4.e-02 4.e-02 4.e-02 4.e-02 4.e-02 4.e-02 4.e-02 4.e-02
 4.e-02 4.e-02 4.e-02 4.e-02 4.e-02 4.e-02 4.e-02 4.e-02 4.e-02 4.e-02
 4.e-02 4.e-02 4.e-02 4.e-02 4.e-02 4.e-02 4.e-02 4.e-02 4.e-02 4.e-02
 4.e-02 4.e-02 4.e-02 4.e-02 4.e-02 4.e-02 4.e-02 4.e-02 4.e-02 4.e-02
 4.e-02 4.e-02 4.e-02 4.e-02 4.e-02 4.e-02 4.e-02 4.e-02 4.e-02 4.e-02
 4.e-02 4.e-02 4.e-02 4.e-02 4.e-02 4.e-02 4.e-02 4.e-02 4.e-02 4.e-02
 4.e-02 4.e-02 4.e-02 4.e-02 4.e-02 4.e-02 4.e-02 4.e-02 4.e-02 4.e-02
 4.e-02 4.e-02 4.e-02 4.e-02 4.e-02 4.e-02 4.e-02 4.e-02 4.e-02 4.e-02
 4.e-02 4.e-02 4.e-02 4.e-02 4.e-02 4.e-02 4.e-02 4.e-02 4.e-02 4.e-02
 4.e-02 4.e-02 4.e-02 4.e-02 4.e-02 4.e-02 4.e-02 4.e-02 4.e-02 4.e-02
 2.e-02 1.e-06 2.e-02 2.e-02]
order = 5
gene ranges = [(-0.04, 0.04), (-0.04, 0.04), (-0.04, 0.04), (-0.04, 0.04), (-0.04, 0.04), (-0.04, 0.04), (-0.04, 0.04), (-0.04, 0.04), (-0.04, 0.04), (-0.04, 0.04), (-0.04, 0.04), (-0.04, 0.04), (-0.04, 0.04), (-0.04, 0.04), (-0.04, 0.04), (-0.04, 0.04), (-0.04, 0.04), (-0.04, 0.04), (-0.04, 0.04), (-0.04, 0.04), (-0.04, 0.04), (-0.04, 0.04), (-0.04, 0.04), (-0.04, 0.04), (-0.04, 0.04), (-0.04, 0.04), (-0.04, 0.04), (-0.04, 0.04), (-0.04, 0.04), (-0.04, 0.04), (-0.04, 0.04), (-0.04, 0.04), (-0.04, 0.04), (-0.04, 0.04), (-0.04, 0.04), (-0.04, 0.04), (-0.04, 0.04), (-0.04, 0.04), (-0.04, 0.04), (-0.04, 0.04), (-0.04, 0.04), (-0.04, 0.04), (-0.04, 0.04), (-0.04, 0.04), (-0.04, 0.04), (-0.04, 0.04), (-0.04, 0.04), (-0.04, 0.04), (-0.04, 0.04), (-0.04, 0.04), (-0.04, 0.04), (-0.04, 0.04), (-0.04, 0.04), (-0.04, 0.04), (-0.04, 0.04), (-0.04, 0.04), (-0.04, 0.04), (-0.04, 0.04), (-0.04, 0.04), (-0.04, 0.04), (-0.04, 0.04), (-0.04, 0.04), (-0.04, 0.04), (-0.04, 0.04), (-0.04, 0.04), (-0.04, 0.04), (-0.04, 0.04), (-0.04, 0.04), (-0.04, 0.04), (-0.04, 0.04), (-0.04, 0.04), (-0.04, 0.04), (-0.04, 0.04), (-0.04, 0.04), (-0.04, 0.04), (-0.04, 0.04), (-0.04, 0.04), (-0.04, 0.04), (-0.04, 0.04), (-0.04, 0.04), (-0.04, 0.04), (-0.04, 0.04), (-0.04, 0.04), (-0.04, 0.04), (-0.04, 0.04), (-0.04, 0.04), (-0.04, 0.04), (-0.04, 0.04), (-0.04, 0.04), (-0.04, 0.04), (-0.04, 0.04), (-0.04, 0.04), (-0.04, 0.04), (-0.04, 0.04), (-0.04, 0.04), (-0.04, 0.04), (-0.04, 0.04), (-0.04, 0.04), (-0.04, 0.04), (-0.04, 0.04), (-0.04, 0.04), (-0.04, 0.04), (-0.04, 0.04), (-0.04, 0.04), (-0.04, 0.04), (-0.04, 0.04), (-0.04, 0.04), (-0.04, 0.04), (-0.04, 0.04), (-0.04, 0.04), (-0.04, 0.04), (-0.04, 0.04), (-0.04, 0.04), (-0.04, 0.04), (-0.04, 0.04), (-0.04, 0.04), (-0.04, 0.04), (-0.04, 0.04), (-0.04, 0.04), (-0.04, 0.04), (0.98, 1.02), (-1e-05, 1e-05), (0.56, 0.6), (0.21, 0.25)]
