Best in last gen:
[-1.09298470e-02  1.54159623e-02  1.43137530e-02  1.15741061e-02
 -1.99025223e-02 -2.24735204e-02  5.43935922e-03  2.14937401e-02
  2.89462143e-03 -1.13858171e-02 -1.99937024e-02 -5.18134073e-03
 -5.06056255e-03 -1.29622605e-02  9.94429666e-03  4.58542736e-03
 -9.92989414e-03  1.32256923e-02  4.87188322e-04 -1.76794541e-02
 -2.96003288e-02 -8.56087270e-03 -1.03301869e-02  2.76486479e-02
 -1.27034639e-03  7.15272054e-04  1.26397674e-02  1.96648898e-02
 -1.85067883e-02 -4.37856884e-03  9.09222852e-04 -2.49034248e-03
 -2.90518672e-02 -1.38172906e-02 -2.19932054e-02  1.95939646e-03
  3.21962872e-03  1.74680468e-03 -1.46980959e-03 -8.18557442e-03
  2.57180425e-02  3.42378551e-03  3.86792543e-02  6.86712198e-03
 -3.00969893e-03 -1.64049626e-03  1.30883871e-02 -6.06438713e-03
 -1.40852192e-03 -1.11999526e-02  3.55058721e-03 -6.54405977e-03
  2.04300672e-02  3.72728490e-03 -1.27377136e-02 -5.62562460e-03
  8.36444021e-04  2.39124412e-02  4.27030871e-02 -1.16443173e-02
  1.13716460e-02 -1.24641241e-02 -8.39635069e-04 -1.72405068e-02
  7.37255984e-03  4.54180858e-03 -2.67636495e-03  9.39507944e-03
  7.59910606e-03 -1.46593933e-02 -2.30513264e-02  4.91286810e-03
  1.38743429e-02  2.52100683e-02  3.54805724e-04  1.65600643e-03
  1.55601254e-02  2.15221740e-02 -5.05478561e-04 -3.49705255e-03
  2.37963231e-02 -1.97742699e-02  2.30538694e-04 -2.77905435e-03
 -2.67226106e-02 -1.37432364e-02  4.16279780e-02  4.81348755e-03
  8.54546283e-03  4.04557699e-03  6.61290619e-02 -1.53336801e-02
  1.55729083e-03  2.34901634e-02 -5.75285685e-03 -8.12215982e-03
  1.87624196e-02  1.84712148e-02 -1.61556216e-02 -3.17048969e-03
  2.70419191e-03  2.94641943e-03 -2.39107320e-03 -1.15409795e-02
 -2.76445038e-02  9.73910405e-03  3.76148927e-02  2.37325140e-03
 -3.07593177e-02 -1.34563069e-02  1.44332123e-02  5.49681937e-03
  3.75279770e-03  1.20613161e-02  4.05487559e-04  6.62640505e-03
  2.59194938e-04  1.48909917e-02 -1.48539212e-02  2.43066675e-03
  1.01025770e+00 -2.28187073e-06  6.59121325e-01  7.23813282e-01]
Best fitness in last gen:
1.1531642387821006e-06
GA calculation time:
148.09586215019226

Initial parameters
population size = 50
number of generations = 1000
Real number of generations = 1000
elitism = 2
crossover_rate = 0.95
mutation rate = 0.01
mutation range = [4.e-02 4.e-02 4.e-02 4.e-02 4.e-02 4.e-02 4.e-02 4.e-02 4.e-02 4.e-02
 4.e-02 4.e-02 4.e-02 4.e-02 4.e-02 4.e-02 4.e-02 4.e-02 4.e-02 4.e-02
 4.e-02 4.e-02 4.e-02 4.e-02 4.e-02 4.e-02 4.e-02 4.e-02 4.e-02 4.e-02
 4.e-02 4.e-02 4.e-02 4.e-02 4.e-02 4.e-02 4.e-02 4.e-02 4.e-02 4.e-02
 4.e-02 4.e-02 4.e-02 4.e-02 4.e-02 4.e-02 4.e-02 4.e-02 4.e-02 4.e-02
 4.e-02 4.e-02 4.e-02 4.e-02 4.e-02 4.e-02 4.e-02 4.e-02 4.e-02 4.e-02
 4.e-02 4.e-02 4.e-02 4.e-02 4.e-02 4.e-02 4.e-02 4.e-02 4.e-02 4.e-02
 4.e-02 4.e-02 4.e-02 4.e-02 4.e-02 4.e-02 4.e-02 4.e-02 4.e-02 4.e-02
 4.e-02 4.e-02 4.e-02 4.e-02 4.e-02 4.e-02 4.e-02 4.e-02 4.e-02 4.e-02
 4.e-02 4.e-02 4.e-02 4.e-02 4.e-02 4.e-02 4.e-02 4.e-02 4.e-02 4.e-02
 4.e-02 4.e-02 4.e-02 4.e-02 4.e-02 4.e-02 4.e-02 4.e-02 4.e-02 4.e-02
 4.e-02 4.e-02 4.e-02 4.e-02 4.e-02 4.e-02 4.e-02 4.e-02 4.e-02 4.e-02
 2.e-02 1.e-06 2.e-02 2.e-02]
order = 5
gene ranges = [(-0.04, 0.04), (-0.04, 0.04), (-0.04, 0.04), (-0.04, 0.04), (-0.04, 0.04), (-0.04, 0.04), (-0.04, 0.04), (-0.04, 0.04), (-0.04, 0.04), (-0.04, 0.04), (-0.04, 0.04), (-0.04, 0.04), (-0.04, 0.04), (-0.04, 0.04), (-0.04, 0.04), (-0.04, 0.04), (-0.04, 0.04), (-0.04, 0.04), (-0.04, 0.04), (-0.04, 0.04), (-0.04, 0.04), (-0.04, 0.04), (-0.04, 0.04), (-0.04, 0.04), (-0.04, 0.04), (-0.04, 0.04), (-0.04, 0.04), (-0.04, 0.04), (-0.04, 0.04), (-0.04, 0.04), (-0.04, 0.04), (-0.04, 0.04), (-0.04, 0.04), (-0.04, 0.04), (-0.04, 0.04), (-0.04, 0.04), (-0.04, 0.04), (-0.04, 0.04), (-0.04, 0.04), (-0.04, 0.04), (-0.04, 0.04), (-0.04, 0.04), (-0.04, 0.04), (-0.04, 0.04), (-0.04, 0.04), (-0.04, 0.04), (-0.04, 0.04), (-0.04, 0.04), (-0.04, 0.04), (-0.04, 0.04), (-0.04, 0.04), (-0.04, 0.04), (-0.04, 0.04), (-0.04, 0.04), (-0.04, 0.04), (-0.04, 0.04), (-0.04, 0.04), (-0.04, 0.04), (-0.04, 0.04), (-0.04, 0.04), (-0.04, 0.04), (-0.04, 0.04), (-0.04, 0.04), (-0.04, 0.04), (-0.04, 0.04), (-0.04, 0.04), (-0.04, 0.04), (-0.04, 0.04), (-0.04, 0.04), (-0.04, 0.04), (-0.04, 0.04), (-0.04, 0.04), (-0.04, 0.04), (-0.04, 0.04), (-0.04, 0.04), (-0.04, 0.04), (-0.04, 0.04), (-0.04, 0.04), (-0.04, 0.04), (-0.04, 0.04), (-0.04, 0.04), (-0.04, 0.04), (-0.04, 0.04), (-0.04, 0.04), (-0.04, 0.04), (-0.04, 0.04), (-0.04, 0.04), (-0.04, 0.04), (-0.04, 0.04), (-0.04, 0.04), (-0.04, 0.04), (-0.04, 0.04), (-0.04, 0.04), (-0.04, 0.04), (-0.04, 0.04), (-0.04, 0.04), (-0.04, 0.04), (-0.04, 0.04), (-0.04, 0.04), (-0.04, 0.04), (-0.04, 0.04), (-0.04, 0.04), (-0.04, 0.04), (-0.04, 0.04), (-0.04, 0.04), (-0.04, 0.04), (-0.04, 0.04), (-0.04, 0.04), (-0.04, 0.04), (-0.04, 0.04), (-0.04, 0.04), (-0.04, 0.04), (-0.04, 0.04), (-0.04, 0.04), (-0.04, 0.04), (-0.04, 0.04), (-0.04, 0.04), (-0.04, 0.04), (-0.04, 0.04), (-0.04, 0.04), (0.98, 1.02), (-1e-05, 1e-05), (0.63, 0.67), (0.71, 0.75)]
