Best in last gen:
[-5.70821676e-03  1.43191649e-03  1.50005130e-02  1.29903725e-02
  2.49198379e-02  2.06581450e-02 -3.89498654e-03  1.10096002e-02
  1.89418911e-02 -5.22052988e-03  1.10705193e-02 -2.21892060e-02
 -2.95220456e-03  5.02965713e-02 -1.84705804e-03 -9.31367438e-03
  1.35577917e-02  1.77149767e-02  1.31759549e-02  3.69088591e-03
 -2.68581233e-03 -3.76557542e-02 -9.42347019e-03 -3.67449777e-03
 -1.11201103e-02  1.42653023e-03  2.76187335e-02  3.29366350e-03
  2.01692733e-02 -1.64621611e-02 -1.46991365e-02  7.77751629e-03
  1.44837156e-02 -4.93181295e-03 -5.34401405e-03  1.35343272e-02
 -1.04480480e-02  1.08170720e-02  7.21015159e-03 -2.48546249e-03
 -3.06936586e-02 -1.08647614e-02 -5.27540033e-03  3.40743257e-02
  1.68396354e-02 -3.20516897e-03 -2.20926974e-03 -2.04218564e-04
  1.15684711e-02  1.76395040e-02 -1.92477041e-02 -1.49515480e-02
  3.00899155e-03 -1.02442818e-02 -4.38562460e-04  4.10809744e-02
  3.33966092e-02 -1.78049437e-02  7.72237117e-03 -9.73066464e-04
  1.53602122e-02  2.28308020e-02  1.72697437e-02 -4.44296121e-02
 -9.38579364e-03  1.84159192e-02  1.06920428e-02  3.63289016e-03
 -1.79620987e-03  1.67364316e-02 -1.55211755e-02 -2.35143260e-02
 -1.63300523e-02 -1.71625592e-03 -1.94523423e-02  1.97540025e-02
  1.30350943e-02 -1.68368439e-02  4.18075870e-03 -8.87870017e-03
 -1.42638003e-02 -1.54069268e-02 -1.16818078e-02  4.70228239e-03
  1.52892733e-02 -1.96297857e-03  1.58027921e-02 -7.63021584e-03
  8.74179706e-03  2.51028128e-03 -3.78281552e-03  3.04664707e-03
  2.16876735e-02 -7.82226844e-03  1.09965632e-02  6.39700501e-05
  4.88164243e-02  7.47756139e-03 -2.33968141e-03  7.07283654e-03
 -1.34860391e-02  1.33828441e-03  3.29417832e-03 -9.17840593e-04
 -1.08500746e-02 -7.90252465e-04  9.77395873e-03  2.90650735e-02
 -1.79126824e-02 -1.96487193e-02  1.10725819e-02  7.02351441e-03
  2.08372953e-03 -1.55741522e-03  5.47564298e-03 -4.11677675e-02
  4.69406997e-02  2.20831733e-02  1.08735601e-02  2.24358979e-02
  9.93679177e-01 -3.12965889e-06  6.36993508e-01  3.57926142e-01]
Best fitness in last gen:
2.194107492649423e-06
GA calculation time:
107.73796916007996

Initial parameters
population size = 50
number of generations = 1000
Real number of generations = 1000
elitism = 2
crossover_rate = 0.95
mutation rate = 0.01
mutation range = [4.e-02 4.e-02 4.e-02 4.e-02 4.e-02 4.e-02 4.e-02 4.e-02 4.e-02 4.e-02
 4.e-02 4.e-02 4.e-02 4.e-02 4.e-02 4.e-02 4.e-02 4.e-02 4.e-02 4.e-02
 4.e-02 4.e-02 4.e-02 4.e-02 4.e-02 4.e-02 4.e-02 4.e-02 4.e-02 4.e-02
 4.e-02 4.e-02 4.e-02 4.e-02 4.e-02 4.e-02 4.e-02 4.e-02 4.e-02 4.e-02
 4.e-02 4.e-02 4.e-02 4.e-02 4.e-02 4.e-02 4.e-02 4.e-02 4.e-02 4.e-02
 4.e-02 4.e-02 4.e-02 4.e-02 4.e-02 4.e-02 4.e-02 4.e-02 4.e-02 4.e-02
 4.e-02 4.e-02 4.e-02 4.e-02 4.e-02 4.e-02 4.e-02 4.e-02 4.e-02 4.e-02
 4.e-02 4.e-02 4.e-02 4.e-02 4.e-02 4.e-02 4.e-02 4.e-02 4.e-02 4.e-02
 4.e-02 4.e-02 4.e-02 4.e-02 4.e-02 4.e-02 4.e-02 4.e-02 4.e-02 4.e-02
 4.e-02 4.e-02 4.e-02 4.e-02 4.e-02 4.e-02 4.e-02 4.e-02 4.e-02 4.e-02
 4.e-02 4.e-02 4.e-02 4.e-02 4.e-02 4.e-02 4.e-02 4.e-02 4.e-02 4.e-02
 4.e-02 4.e-02 4.e-02 4.e-02 4.e-02 4.e-02 4.e-02 4.e-02 4.e-02 4.e-02
 2.e-02 1.e-06 2.e-02 2.e-02]
order = 5
gene ranges = [(-0.04, 0.04), (-0.04, 0.04), (-0.04, 0.04), (-0.04, 0.04), (-0.04, 0.04), (-0.04, 0.04), (-0.04, 0.04), (-0.04, 0.04), (-0.04, 0.04), (-0.04, 0.04), (-0.04, 0.04), (-0.04, 0.04), (-0.04, 0.04), (-0.04, 0.04), (-0.04, 0.04), (-0.04, 0.04), (-0.04, 0.04), (-0.04, 0.04), (-0.04, 0.04), (-0.04, 0.04), (-0.04, 0.04), (-0.04, 0.04), (-0.04, 0.04), (-0.04, 0.04), (-0.04, 0.04), (-0.04, 0.04), (-0.04, 0.04), (-0.04, 0.04), (-0.04, 0.04), (-0.04, 0.04), (-0.04, 0.04), (-0.04, 0.04), (-0.04, 0.04), (-0.04, 0.04), (-0.04, 0.04), (-0.04, 0.04), (-0.04, 0.04), (-0.04, 0.04), (-0.04, 0.04), (-0.04, 0.04), (-0.04, 0.04), (-0.04, 0.04), (-0.04, 0.04), (-0.04, 0.04), (-0.04, 0.04), (-0.04, 0.04), (-0.04, 0.04), (-0.04, 0.04), (-0.04, 0.04), (-0.04, 0.04), (-0.04, 0.04), (-0.04, 0.04), (-0.04, 0.04), (-0.04, 0.04), (-0.04, 0.04), (-0.04, 0.04), (-0.04, 0.04), (-0.04, 0.04), (-0.04, 0.04), (-0.04, 0.04), (-0.04, 0.04), (-0.04, 0.04), (-0.04, 0.04), (-0.04, 0.04), (-0.04, 0.04), (-0.04, 0.04), (-0.04, 0.04), (-0.04, 0.04), (-0.04, 0.04), (-0.04, 0.04), (-0.04, 0.04), (-0.04, 0.04), (-0.04, 0.04), (-0.04, 0.04), (-0.04, 0.04), (-0.04, 0.04), (-0.04, 0.04), (-0.04, 0.04), (-0.04, 0.04), (-0.04, 0.04), (-0.04, 0.04), (-0.04, 0.04), (-0.04, 0.04), (-0.04, 0.04), (-0.04, 0.04), (-0.04, 0.04), (-0.04, 0.04), (-0.04, 0.04), (-0.04, 0.04), (-0.04, 0.04), (-0.04, 0.04), (-0.04, 0.04), (-0.04, 0.04), (-0.04, 0.04), (-0.04, 0.04), (-0.04, 0.04), (-0.04, 0.04), (-0.04, 0.04), (-0.04, 0.04), (-0.04, 0.04), (-0.04, 0.04), (-0.04, 0.04), (-0.04, 0.04), (-0.04, 0.04), (-0.04, 0.04), (-0.04, 0.04), (-0.04, 0.04), (-0.04, 0.04), (-0.04, 0.04), (-0.04, 0.04), (-0.04, 0.04), (-0.04, 0.04), (-0.04, 0.04), (-0.04, 0.04), (-0.04, 0.04), (-0.04, 0.04), (-0.04, 0.04), (-0.04, 0.04), (-0.04, 0.04), (-0.04, 0.04), (0.98, 1.02), (-1e-05, 1e-05), (0.61, 0.65), (0.32, 0.36)]
