Best in last gen:
[ 1.44708102e-02 -2.82389116e-02  1.60143793e-02  2.27102197e-02
 -3.12986860e-03  1.98044254e-02  1.99523253e-02 -7.66623150e-05
  6.42265775e-03  3.22732112e-03  1.45941463e-03 -1.96879058e-02
  8.95803496e-03 -4.10469428e-03  2.24613074e-02 -4.21508860e-03
 -2.08773311e-02  9.97574195e-04  8.45742479e-03 -4.45172550e-03
  6.32165054e-03 -1.96974180e-02  1.76705136e-02  6.17424714e-03
  1.24430679e-02 -2.81223965e-02 -4.84382637e-02  8.04146256e-03
 -4.55850866e-03  1.72672306e-02  2.77646152e-02 -1.04613716e-02
 -4.15758652e-04 -6.02638765e-03 -8.07709426e-04 -3.74242641e-03
  3.75522483e-02  7.37708337e-03  3.60872082e-03  3.78011707e-03
  1.32056193e-02 -2.01044647e-02 -5.00386042e-04 -9.08244629e-04
  1.93164855e-02  3.26787563e-03 -2.18937885e-02  1.15124853e-02
  1.49609064e-02  4.97777310e-03  2.74577529e-03  5.99322997e-03
 -4.51715858e-03  1.82105231e-02 -8.52845139e-03 -8.72129861e-03
  9.50709084e-03  1.65680990e-03 -2.67328496e-02  1.51251843e-02
  1.96254358e-02 -3.61958115e-03 -1.19002967e-02  3.64294587e-02
 -1.84090815e-02 -4.57128089e-02 -2.58600712e-02 -1.72655959e-02
 -3.41815623e-02  2.92893004e-04  1.95212862e-04 -1.64671863e-02
  6.15944707e-04  1.77601662e-02  1.11202930e-02 -4.60582653e-03
  4.68071647e-03  7.28286180e-03  1.85448344e-02  2.10079592e-02
 -4.71177252e-02  2.95728303e-04 -3.84630669e-03  1.52424077e-02
  6.89788820e-03 -2.00980727e-02 -1.18837899e-03  4.75468543e-03
  8.47404326e-03  1.06599107e-02 -2.18497722e-02  2.37262732e-02
 -1.64777136e-02 -5.88175447e-03 -3.39859041e-03  6.29098194e-03
 -4.97814937e-03 -2.48699596e-04 -2.44172641e-03  3.69957205e-03
 -2.33623906e-02  9.27156589e-03 -3.79873842e-04 -3.59788503e-04
 -1.04633244e-02  1.48350420e-02  1.06538274e-02  1.53274245e-02
  6.74250651e-03 -9.99250896e-03  7.94784193e-03 -5.39261079e-03
  2.50343465e-03 -9.70341603e-03 -3.07876734e-02  1.69554209e-02
  5.28922890e-03  3.23774185e-02  2.18742161e-02  8.74845731e-03
  1.00412931e+00  1.91297993e-06  6.89168857e-01  3.88081975e-01]
Best fitness in last gen:
2.591137030873227e-06
GA calculation time:
117.98249793052673

Initial parameters
population size = 50
number of generations = 1000
Real number of generations = 1000
elitism = 2
crossover_rate = 0.95
mutation rate = 0.01
mutation range = [4.e-02 4.e-02 4.e-02 4.e-02 4.e-02 4.e-02 4.e-02 4.e-02 4.e-02 4.e-02
 4.e-02 4.e-02 4.e-02 4.e-02 4.e-02 4.e-02 4.e-02 4.e-02 4.e-02 4.e-02
 4.e-02 4.e-02 4.e-02 4.e-02 4.e-02 4.e-02 4.e-02 4.e-02 4.e-02 4.e-02
 4.e-02 4.e-02 4.e-02 4.e-02 4.e-02 4.e-02 4.e-02 4.e-02 4.e-02 4.e-02
 4.e-02 4.e-02 4.e-02 4.e-02 4.e-02 4.e-02 4.e-02 4.e-02 4.e-02 4.e-02
 4.e-02 4.e-02 4.e-02 4.e-02 4.e-02 4.e-02 4.e-02 4.e-02 4.e-02 4.e-02
 4.e-02 4.e-02 4.e-02 4.e-02 4.e-02 4.e-02 4.e-02 4.e-02 4.e-02 4.e-02
 4.e-02 4.e-02 4.e-02 4.e-02 4.e-02 4.e-02 4.e-02 4.e-02 4.e-02 4.e-02
 4.e-02 4.e-02 4.e-02 4.e-02 4.e-02 4.e-02 4.e-02 4.e-02 4.e-02 4.e-02
 4.e-02 4.e-02 4.e-02 4.e-02 4.e-02 4.e-02 4.e-02 4.e-02 4.e-02 4.e-02
 4.e-02 4.e-02 4.e-02 4.e-02 4.e-02 4.e-02 4.e-02 4.e-02 4.e-02 4.e-02
 4.e-02 4.e-02 4.e-02 4.e-02 4.e-02 4.e-02 4.e-02 4.e-02 4.e-02 4.e-02
 2.e-02 1.e-06 2.e-02 2.e-02]
order = 5
gene ranges = [(-0.04, 0.04), (-0.04, 0.04), (-0.04, 0.04), (-0.04, 0.04), (-0.04, 0.04), (-0.04, 0.04), (-0.04, 0.04), (-0.04, 0.04), (-0.04, 0.04), (-0.04, 0.04), (-0.04, 0.04), (-0.04, 0.04), (-0.04, 0.04), (-0.04, 0.04), (-0.04, 0.04), (-0.04, 0.04), (-0.04, 0.04), (-0.04, 0.04), (-0.04, 0.04), (-0.04, 0.04), (-0.04, 0.04), (-0.04, 0.04), (-0.04, 0.04), (-0.04, 0.04), (-0.04, 0.04), (-0.04, 0.04), (-0.04, 0.04), (-0.04, 0.04), (-0.04, 0.04), (-0.04, 0.04), (-0.04, 0.04), (-0.04, 0.04), (-0.04, 0.04), (-0.04, 0.04), (-0.04, 0.04), (-0.04, 0.04), (-0.04, 0.04), (-0.04, 0.04), (-0.04, 0.04), (-0.04, 0.04), (-0.04, 0.04), (-0.04, 0.04), (-0.04, 0.04), (-0.04, 0.04), (-0.04, 0.04), (-0.04, 0.04), (-0.04, 0.04), (-0.04, 0.04), (-0.04, 0.04), (-0.04, 0.04), (-0.04, 0.04), (-0.04, 0.04), (-0.04, 0.04), (-0.04, 0.04), (-0.04, 0.04), (-0.04, 0.04), (-0.04, 0.04), (-0.04, 0.04), (-0.04, 0.04), (-0.04, 0.04), (-0.04, 0.04), (-0.04, 0.04), (-0.04, 0.04), (-0.04, 0.04), (-0.04, 0.04), (-0.04, 0.04), (-0.04, 0.04), (-0.04, 0.04), (-0.04, 0.04), (-0.04, 0.04), (-0.04, 0.04), (-0.04, 0.04), (-0.04, 0.04), (-0.04, 0.04), (-0.04, 0.04), (-0.04, 0.04), (-0.04, 0.04), (-0.04, 0.04), (-0.04, 0.04), (-0.04, 0.04), (-0.04, 0.04), (-0.04, 0.04), (-0.04, 0.04), (-0.04, 0.04), (-0.04, 0.04), (-0.04, 0.04), (-0.04, 0.04), (-0.04, 0.04), (-0.04, 0.04), (-0.04, 0.04), (-0.04, 0.04), (-0.04, 0.04), (-0.04, 0.04), (-0.04, 0.04), (-0.04, 0.04), (-0.04, 0.04), (-0.04, 0.04), (-0.04, 0.04), (-0.04, 0.04), (-0.04, 0.04), (-0.04, 0.04), (-0.04, 0.04), (-0.04, 0.04), (-0.04, 0.04), (-0.04, 0.04), (-0.04, 0.04), (-0.04, 0.04), (-0.04, 0.04), (-0.04, 0.04), (-0.04, 0.04), (-0.04, 0.04), (-0.04, 0.04), (-0.04, 0.04), (-0.04, 0.04), (-0.04, 0.04), (-0.04, 0.04), (-0.04, 0.04), (-0.04, 0.04), (-0.04, 0.04), (-0.04, 0.04), (0.98, 1.02), (-1e-05, 1e-05), (0.698, 0.7), (0.1, 0.5)]
