Best in last gen:
[-2.72403858e-02  6.10806328e-03  2.01712102e-03  6.76492522e-03
  8.41089754e-03 -1.12124542e-03 -3.13450659e-02  2.45718365e-02
  1.96182062e-02 -3.26512240e-02  2.21170458e-02  3.00237061e-02
  4.82903552e-02  1.04148321e-02 -2.80018891e-02 -1.22228392e-02
  2.19732121e-02 -1.57309027e-02  5.32368808e-03 -7.52970731e-03
  7.29396051e-03 -2.68778407e-02 -2.32154921e-02  2.89638344e-02
  1.47751839e-03 -2.30401935e-03  1.73902224e-02  1.16549381e-02
  1.96058490e-03 -3.31990647e-02  1.88600240e-02  1.64118229e-03
 -1.82399102e-02 -6.26679407e-03 -1.72020426e-02 -5.58730243e-03
  4.07360119e-03 -8.46135222e-03 -7.87725103e-03 -6.05365218e-05
  2.30911287e-03  3.66690541e-03  8.58884349e-03 -6.38578734e-03
  1.96142907e-02  1.72246165e-02  2.57475084e-02 -1.18453912e-02
 -3.06143303e-05  1.22053388e-02 -1.78824884e-03  2.13167383e-02
 -1.00289416e-02 -2.38330906e-02 -3.04749843e-02  2.46179816e-02
 -3.03486660e-04  3.65432312e-03  2.22296700e-02 -1.60114817e-02
 -2.46863519e-02  2.83858233e-02 -1.59916591e-02  2.46876509e-04
  3.69370609e-02 -1.25003241e-02  5.00646228e-03 -1.59311685e-02
 -6.77481615e-03  2.89810878e-03 -9.66061943e-04  2.92798113e-02
  1.98288335e-02  1.38602994e-03 -1.47257934e-02  1.01142446e-02
 -1.14531320e-02  1.87262857e-02  6.92120065e-06  1.19585437e-02
 -4.69364459e-03  2.32501703e-02  8.51414611e-03  9.03977047e-03
 -7.71265602e-03 -1.83924348e-02  4.37439246e-03  1.48903598e-02
  1.82190760e-02 -5.34652542e-04  2.31172636e-02 -2.14950469e-02
  2.74159053e-02  4.69526306e-03  2.19080781e-03 -1.87893896e-02
  1.27850756e-02  1.26606724e-02 -3.35773736e-02 -2.04454084e-02
 -5.50265686e-03 -2.41261110e-02  1.85374115e-02  8.08640874e-03
 -9.45752115e-03  2.88916514e-02 -4.30161642e-02 -3.83380455e-03
  1.30089224e-02 -2.49063368e-03  1.91669227e-02 -6.88493116e-03
 -1.23681090e-02  1.65490072e-02 -4.69672934e-03 -4.95481248e-04
  7.45192762e-03 -1.73200890e-02 -6.05618395e-03 -1.38068881e-02
  1.00641150e+00  1.03357082e-06  8.98316005e-01  1.28940150e+00]
Best fitness in last gen:
6.824012743651712e-07
GA calculation time:
140.58156657218933

Initial parameters
population size = 50
number of generations = 1000
Real number of generations = 1000
elitism = 2
crossover_rate = 0.95
mutation rate = 0.01
mutation range = [4.e-02 4.e-02 4.e-02 4.e-02 4.e-02 4.e-02 4.e-02 4.e-02 4.e-02 4.e-02
 4.e-02 4.e-02 4.e-02 4.e-02 4.e-02 4.e-02 4.e-02 4.e-02 4.e-02 4.e-02
 4.e-02 4.e-02 4.e-02 4.e-02 4.e-02 4.e-02 4.e-02 4.e-02 4.e-02 4.e-02
 4.e-02 4.e-02 4.e-02 4.e-02 4.e-02 4.e-02 4.e-02 4.e-02 4.e-02 4.e-02
 4.e-02 4.e-02 4.e-02 4.e-02 4.e-02 4.e-02 4.e-02 4.e-02 4.e-02 4.e-02
 4.e-02 4.e-02 4.e-02 4.e-02 4.e-02 4.e-02 4.e-02 4.e-02 4.e-02 4.e-02
 4.e-02 4.e-02 4.e-02 4.e-02 4.e-02 4.e-02 4.e-02 4.e-02 4.e-02 4.e-02
 4.e-02 4.e-02 4.e-02 4.e-02 4.e-02 4.e-02 4.e-02 4.e-02 4.e-02 4.e-02
 4.e-02 4.e-02 4.e-02 4.e-02 4.e-02 4.e-02 4.e-02 4.e-02 4.e-02 4.e-02
 4.e-02 4.e-02 4.e-02 4.e-02 4.e-02 4.e-02 4.e-02 4.e-02 4.e-02 4.e-02
 4.e-02 4.e-02 4.e-02 4.e-02 4.e-02 4.e-02 4.e-02 4.e-02 4.e-02 4.e-02
 4.e-02 4.e-02 4.e-02 4.e-02 4.e-02 4.e-02 4.e-02 4.e-02 4.e-02 4.e-02
 2.e-02 1.e-06 2.e-02 2.e-02]
order = 5
gene ranges = [(-0.04, 0.04), (-0.04, 0.04), (-0.04, 0.04), (-0.04, 0.04), (-0.04, 0.04), (-0.04, 0.04), (-0.04, 0.04), (-0.04, 0.04), (-0.04, 0.04), (-0.04, 0.04), (-0.04, 0.04), (-0.04, 0.04), (-0.04, 0.04), (-0.04, 0.04), (-0.04, 0.04), (-0.04, 0.04), (-0.04, 0.04), (-0.04, 0.04), (-0.04, 0.04), (-0.04, 0.04), (-0.04, 0.04), (-0.04, 0.04), (-0.04, 0.04), (-0.04, 0.04), (-0.04, 0.04), (-0.04, 0.04), (-0.04, 0.04), (-0.04, 0.04), (-0.04, 0.04), (-0.04, 0.04), (-0.04, 0.04), (-0.04, 0.04), (-0.04, 0.04), (-0.04, 0.04), (-0.04, 0.04), (-0.04, 0.04), (-0.04, 0.04), (-0.04, 0.04), (-0.04, 0.04), (-0.04, 0.04), (-0.04, 0.04), (-0.04, 0.04), (-0.04, 0.04), (-0.04, 0.04), (-0.04, 0.04), (-0.04, 0.04), (-0.04, 0.04), (-0.04, 0.04), (-0.04, 0.04), (-0.04, 0.04), (-0.04, 0.04), (-0.04, 0.04), (-0.04, 0.04), (-0.04, 0.04), (-0.04, 0.04), (-0.04, 0.04), (-0.04, 0.04), (-0.04, 0.04), (-0.04, 0.04), (-0.04, 0.04), (-0.04, 0.04), (-0.04, 0.04), (-0.04, 0.04), (-0.04, 0.04), (-0.04, 0.04), (-0.04, 0.04), (-0.04, 0.04), (-0.04, 0.04), (-0.04, 0.04), (-0.04, 0.04), (-0.04, 0.04), (-0.04, 0.04), (-0.04, 0.04), (-0.04, 0.04), (-0.04, 0.04), (-0.04, 0.04), (-0.04, 0.04), (-0.04, 0.04), (-0.04, 0.04), (-0.04, 0.04), (-0.04, 0.04), (-0.04, 0.04), (-0.04, 0.04), (-0.04, 0.04), (-0.04, 0.04), (-0.04, 0.04), (-0.04, 0.04), (-0.04, 0.04), (-0.04, 0.04), (-0.04, 0.04), (-0.04, 0.04), (-0.04, 0.04), (-0.04, 0.04), (-0.04, 0.04), (-0.04, 0.04), (-0.04, 0.04), (-0.04, 0.04), (-0.04, 0.04), (-0.04, 0.04), (-0.04, 0.04), (-0.04, 0.04), (-0.04, 0.04), (-0.04, 0.04), (-0.04, 0.04), (-0.04, 0.04), (-0.04, 0.04), (-0.04, 0.04), (-0.04, 0.04), (-0.04, 0.04), (-0.04, 0.04), (-0.04, 0.04), (-0.04, 0.04), (-0.04, 0.04), (-0.04, 0.04), (-0.04, 0.04), (-0.04, 0.04), (-0.04, 0.04), (-0.04, 0.04), (-0.04, 0.04), (-0.04, 0.04), (0.98, 1.02), (-1e-05, 1e-05), (0, 1.5), (0, 1.5)]
