Best in last gen:
[ 6.84799344e-03  8.46227574e-03 -1.87360275e-02 -9.74098416e-03
 -2.29899416e-02 -1.60619088e-02  1.86486568e-02  3.53590679e-03
  1.14440362e-02 -1.43551997e-02  3.88282145e-02 -1.33631458e-02
 -1.62806853e-02  8.46529146e-03  3.31276613e-03  1.94291392e-04
  1.34073445e-02 -1.00038348e-02  3.21403721e-03  1.95567668e-02
 -1.40401968e-02  3.39502873e-03  4.71372338e-03 -1.23442144e-02
 -2.75423252e-03  3.44501522e-02  1.32555691e-02 -3.54514790e-03
  1.99932988e-02  4.05868322e-03  4.88745231e-02 -8.30224906e-04
 -1.19699496e-02 -9.48262149e-03 -1.32011234e-03  1.89979494e-02
 -1.64462725e-02  1.41198677e-02  1.33205619e-02 -2.14650969e-03
  1.44808003e-02  3.90090592e-03  1.12558799e-02  5.26573178e-03
  5.62640383e-03  4.12284957e-03 -8.50867911e-03 -5.18783149e-03
  1.91277019e-02 -9.80131915e-03 -7.33726093e-03  4.63509716e-03
  1.21028477e-02  2.25241398e-02  6.85522204e-03  4.92853083e-03
 -5.08634180e-03 -5.79096341e-03  3.88416497e-02  5.28546452e-02
  3.48060209e-03 -2.29514114e-02  1.42611491e-02  9.77059006e-03
  1.21517321e-02  1.68255776e-02  1.33433073e-02  1.19056565e-03
  1.35896767e-02  4.05300451e-03 -9.27364035e-03 -1.98096418e-02
 -9.93220417e-03 -4.89740758e-02  2.58444963e-03  6.32972158e-03
 -2.22968901e-02 -1.97913804e-02 -5.24055725e-03 -5.48534744e-03
 -6.08122718e-03 -2.32039097e-02  2.00000546e-02 -2.33534794e-02
 -4.34329382e-03 -1.08508680e-03  1.21004779e-03  1.62244099e-03
  1.66166230e-02  3.50566560e-02  5.25179154e-03  1.39496111e-02
 -8.46643923e-04 -1.94324657e-02  1.29598899e-02  3.38649064e-02
 -5.43514317e-03 -1.45163740e-02 -6.06977942e-03  6.89235812e-03
 -8.96594270e-04 -5.43976888e-04  1.52478045e-02 -1.38406104e-03
 -1.90378309e-03  1.59351675e-02  9.34226032e-03 -4.74527805e-03
  2.20677969e-03  7.69094667e-04  9.24173941e-03  2.97679489e-02
  1.61790264e-02  3.93633578e-03  8.16823173e-03  1.36446454e-02
  3.89959208e-03  9.02790516e-03 -2.15316513e-03 -4.46499461e-03
  1.00422584e+00  1.99075693e-07  6.44351103e-01  7.39932065e-01]
Best fitness in last gen:
1.95692456935114e-06
GA calculation time:
139.07541871070862

Initial parameters
population size = 50
number of generations = 1000
Real number of generations = 1000
elitism = 2
crossover_rate = 0.95
mutation rate = 0.01
mutation range = [4.e-02 4.e-02 4.e-02 4.e-02 4.e-02 4.e-02 4.e-02 4.e-02 4.e-02 4.e-02
 4.e-02 4.e-02 4.e-02 4.e-02 4.e-02 4.e-02 4.e-02 4.e-02 4.e-02 4.e-02
 4.e-02 4.e-02 4.e-02 4.e-02 4.e-02 4.e-02 4.e-02 4.e-02 4.e-02 4.e-02
 4.e-02 4.e-02 4.e-02 4.e-02 4.e-02 4.e-02 4.e-02 4.e-02 4.e-02 4.e-02
 4.e-02 4.e-02 4.e-02 4.e-02 4.e-02 4.e-02 4.e-02 4.e-02 4.e-02 4.e-02
 4.e-02 4.e-02 4.e-02 4.e-02 4.e-02 4.e-02 4.e-02 4.e-02 4.e-02 4.e-02
 4.e-02 4.e-02 4.e-02 4.e-02 4.e-02 4.e-02 4.e-02 4.e-02 4.e-02 4.e-02
 4.e-02 4.e-02 4.e-02 4.e-02 4.e-02 4.e-02 4.e-02 4.e-02 4.e-02 4.e-02
 4.e-02 4.e-02 4.e-02 4.e-02 4.e-02 4.e-02 4.e-02 4.e-02 4.e-02 4.e-02
 4.e-02 4.e-02 4.e-02 4.e-02 4.e-02 4.e-02 4.e-02 4.e-02 4.e-02 4.e-02
 4.e-02 4.e-02 4.e-02 4.e-02 4.e-02 4.e-02 4.e-02 4.e-02 4.e-02 4.e-02
 4.e-02 4.e-02 4.e-02 4.e-02 4.e-02 4.e-02 4.e-02 4.e-02 4.e-02 4.e-02
 2.e-02 1.e-06 2.e-02 2.e-02]
order = 5
gene ranges = [(-0.04, 0.04), (-0.04, 0.04), (-0.04, 0.04), (-0.04, 0.04), (-0.04, 0.04), (-0.04, 0.04), (-0.04, 0.04), (-0.04, 0.04), (-0.04, 0.04), (-0.04, 0.04), (-0.04, 0.04), (-0.04, 0.04), (-0.04, 0.04), (-0.04, 0.04), (-0.04, 0.04), (-0.04, 0.04), (-0.04, 0.04), (-0.04, 0.04), (-0.04, 0.04), (-0.04, 0.04), (-0.04, 0.04), (-0.04, 0.04), (-0.04, 0.04), (-0.04, 0.04), (-0.04, 0.04), (-0.04, 0.04), (-0.04, 0.04), (-0.04, 0.04), (-0.04, 0.04), (-0.04, 0.04), (-0.04, 0.04), (-0.04, 0.04), (-0.04, 0.04), (-0.04, 0.04), (-0.04, 0.04), (-0.04, 0.04), (-0.04, 0.04), (-0.04, 0.04), (-0.04, 0.04), (-0.04, 0.04), (-0.04, 0.04), (-0.04, 0.04), (-0.04, 0.04), (-0.04, 0.04), (-0.04, 0.04), (-0.04, 0.04), (-0.04, 0.04), (-0.04, 0.04), (-0.04, 0.04), (-0.04, 0.04), (-0.04, 0.04), (-0.04, 0.04), (-0.04, 0.04), (-0.04, 0.04), (-0.04, 0.04), (-0.04, 0.04), (-0.04, 0.04), (-0.04, 0.04), (-0.04, 0.04), (-0.04, 0.04), (-0.04, 0.04), (-0.04, 0.04), (-0.04, 0.04), (-0.04, 0.04), (-0.04, 0.04), (-0.04, 0.04), (-0.04, 0.04), (-0.04, 0.04), (-0.04, 0.04), (-0.04, 0.04), (-0.04, 0.04), (-0.04, 0.04), (-0.04, 0.04), (-0.04, 0.04), (-0.04, 0.04), (-0.04, 0.04), (-0.04, 0.04), (-0.04, 0.04), (-0.04, 0.04), (-0.04, 0.04), (-0.04, 0.04), (-0.04, 0.04), (-0.04, 0.04), (-0.04, 0.04), (-0.04, 0.04), (-0.04, 0.04), (-0.04, 0.04), (-0.04, 0.04), (-0.04, 0.04), (-0.04, 0.04), (-0.04, 0.04), (-0.04, 0.04), (-0.04, 0.04), (-0.04, 0.04), (-0.04, 0.04), (-0.04, 0.04), (-0.04, 0.04), (-0.04, 0.04), (-0.04, 0.04), (-0.04, 0.04), (-0.04, 0.04), (-0.04, 0.04), (-0.04, 0.04), (-0.04, 0.04), (-0.04, 0.04), (-0.04, 0.04), (-0.04, 0.04), (-0.04, 0.04), (-0.04, 0.04), (-0.04, 0.04), (-0.04, 0.04), (-0.04, 0.04), (-0.04, 0.04), (-0.04, 0.04), (-0.04, 0.04), (-0.04, 0.04), (-0.04, 0.04), (-0.04, 0.04), (-0.04, 0.04), (-0.04, 0.04), (0.98, 1.02), (-1e-05, 1e-05), (0.63, 0.67), (0.71, 0.75)]
