Best in last gen:
[ 2.98959404e-02  8.01484351e-03  3.45709458e-03  3.83988869e-03
 -4.08084373e-03 -7.46158245e-03  3.44637714e-02 -1.08361950e-02
  1.62024614e-02  1.04994663e-02  2.77057262e-02 -2.21616445e-02
 -2.71574485e-03  1.17504010e-02 -1.10030485e-02 -3.21596347e-02
  5.48069496e-03  2.52370757e-02  5.97293087e-03 -1.21459252e-02
 -1.10529108e-03 -1.93170503e-02 -1.24928340e-02  2.13160708e-02
  3.94533700e-03 -3.92225783e-03  1.61799043e-02 -1.11748052e-03
  1.80056571e-02  8.23843487e-03  8.34053666e-03  5.48576074e-03
  1.60150683e-02  9.84050225e-03 -5.36578231e-04 -1.33999764e-02
  3.77640372e-02 -8.82272358e-03 -1.63648294e-03  2.19741319e-03
 -2.95027127e-04  7.31771731e-03  1.03658496e-02 -1.31629196e-02
 -9.71649877e-03 -6.44775697e-03 -6.61593864e-04 -2.55729218e-04
  1.98723305e-02  1.04017195e-02 -6.04711771e-03  4.38718083e-02
 -4.65279082e-03 -4.81549699e-03  2.71526244e-03  1.18276482e-03
  4.12770107e-02 -2.33508648e-02 -8.41827591e-03  1.72641062e-02
  3.83309262e-02  1.44614454e-03  4.60603054e-03 -1.94716349e-02
 -1.85193385e-02  5.03707601e-03  2.92777528e-02  2.93838379e-03
 -5.31369782e-03 -9.28450710e-04 -2.94727146e-03  1.11213490e-02
  1.29088319e-02 -1.49581331e-02  5.59831835e-03  3.22399002e-02
  2.13211107e-02  1.50738745e-04 -1.26810653e-02 -7.61484265e-03
 -1.88902753e-02 -8.46076443e-03  1.73079535e-02 -1.42133340e-02
 -2.20984453e-02 -1.41283099e-02  1.99844404e-02 -4.30679247e-03
  1.80579507e-02  1.24427911e-02 -4.09027885e-03 -4.74640461e-02
  8.19127653e-03  1.84466258e-02 -8.46354685e-04 -3.04236698e-02
  1.24804605e-03 -7.56449589e-03  2.65435856e-02 -7.48690149e-03
  1.09634201e-02 -1.02984364e-03 -9.15486083e-03  9.36026331e-03
 -1.63573851e-02 -8.46371342e-03  9.76481916e-03 -3.43095511e-03
  1.15731181e-02 -6.13813415e-04 -1.03051154e-02  1.13490341e-02
  3.41415176e-03 -7.03539505e-03 -7.44643133e-03 -1.59818444e-02
  1.01633732e-02 -1.11782449e-02  2.00700706e-02  1.98682068e-02
  9.93661755e-01 -6.83296376e-07  2.99966557e-01  3.39135535e-01]
Best fitness in last gen:
1.2799368999955372e-05
GA calculation time:
2240.344755411148

Initial parameters
population size = 100
number of generations = 10000
Real number of generations = 10000
elitism = 2
crossover_rate = 0.95
mutation rate = 0.01
mutation range = [4.e-02 4.e-02 4.e-02 4.e-02 4.e-02 4.e-02 4.e-02 4.e-02 4.e-02 4.e-02
 4.e-02 4.e-02 4.e-02 4.e-02 4.e-02 4.e-02 4.e-02 4.e-02 4.e-02 4.e-02
 4.e-02 4.e-02 4.e-02 4.e-02 4.e-02 4.e-02 4.e-02 4.e-02 4.e-02 4.e-02
 4.e-02 4.e-02 4.e-02 4.e-02 4.e-02 4.e-02 4.e-02 4.e-02 4.e-02 4.e-02
 4.e-02 4.e-02 4.e-02 4.e-02 4.e-02 4.e-02 4.e-02 4.e-02 4.e-02 4.e-02
 4.e-02 4.e-02 4.e-02 4.e-02 4.e-02 4.e-02 4.e-02 4.e-02 4.e-02 4.e-02
 4.e-02 4.e-02 4.e-02 4.e-02 4.e-02 4.e-02 4.e-02 4.e-02 4.e-02 4.e-02
 4.e-02 4.e-02 4.e-02 4.e-02 4.e-02 4.e-02 4.e-02 4.e-02 4.e-02 4.e-02
 4.e-02 4.e-02 4.e-02 4.e-02 4.e-02 4.e-02 4.e-02 4.e-02 4.e-02 4.e-02
 4.e-02 4.e-02 4.e-02 4.e-02 4.e-02 4.e-02 4.e-02 4.e-02 4.e-02 4.e-02
 4.e-02 4.e-02 4.e-02 4.e-02 4.e-02 4.e-02 4.e-02 4.e-02 4.e-02 4.e-02
 4.e-02 4.e-02 4.e-02 4.e-02 4.e-02 4.e-02 4.e-02 4.e-02 4.e-02 4.e-02
 2.e-02 1.e-06 2.e-02 2.e-02]
order = 5
gene ranges = [(-0.04, 0.04), (-0.04, 0.04), (-0.04, 0.04), (-0.04, 0.04), (-0.04, 0.04), (-0.04, 0.04), (-0.04, 0.04), (-0.04, 0.04), (-0.04, 0.04), (-0.04, 0.04), (-0.04, 0.04), (-0.04, 0.04), (-0.04, 0.04), (-0.04, 0.04), (-0.04, 0.04), (-0.04, 0.04), (-0.04, 0.04), (-0.04, 0.04), (-0.04, 0.04), (-0.04, 0.04), (-0.04, 0.04), (-0.04, 0.04), (-0.04, 0.04), (-0.04, 0.04), (-0.04, 0.04), (-0.04, 0.04), (-0.04, 0.04), (-0.04, 0.04), (-0.04, 0.04), (-0.04, 0.04), (-0.04, 0.04), (-0.04, 0.04), (-0.04, 0.04), (-0.04, 0.04), (-0.04, 0.04), (-0.04, 0.04), (-0.04, 0.04), (-0.04, 0.04), (-0.04, 0.04), (-0.04, 0.04), (-0.04, 0.04), (-0.04, 0.04), (-0.04, 0.04), (-0.04, 0.04), (-0.04, 0.04), (-0.04, 0.04), (-0.04, 0.04), (-0.04, 0.04), (-0.04, 0.04), (-0.04, 0.04), (-0.04, 0.04), (-0.04, 0.04), (-0.04, 0.04), (-0.04, 0.04), (-0.04, 0.04), (-0.04, 0.04), (-0.04, 0.04), (-0.04, 0.04), (-0.04, 0.04), (-0.04, 0.04), (-0.04, 0.04), (-0.04, 0.04), (-0.04, 0.04), (-0.04, 0.04), (-0.04, 0.04), (-0.04, 0.04), (-0.04, 0.04), (-0.04, 0.04), (-0.04, 0.04), (-0.04, 0.04), (-0.04, 0.04), (-0.04, 0.04), (-0.04, 0.04), (-0.04, 0.04), (-0.04, 0.04), (-0.04, 0.04), (-0.04, 0.04), (-0.04, 0.04), (-0.04, 0.04), (-0.04, 0.04), (-0.04, 0.04), (-0.04, 0.04), (-0.04, 0.04), (-0.04, 0.04), (-0.04, 0.04), (-0.04, 0.04), (-0.04, 0.04), (-0.04, 0.04), (-0.04, 0.04), (-0.04, 0.04), (-0.04, 0.04), (-0.04, 0.04), (-0.04, 0.04), (-0.04, 0.04), (-0.04, 0.04), (-0.04, 0.04), (-0.04, 0.04), (-0.04, 0.04), (-0.04, 0.04), (-0.04, 0.04), (-0.04, 0.04), (-0.04, 0.04), (-0.04, 0.04), (-0.04, 0.04), (-0.04, 0.04), (-0.04, 0.04), (-0.04, 0.04), (-0.04, 0.04), (-0.04, 0.04), (-0.04, 0.04), (-0.04, 0.04), (-0.04, 0.04), (-0.04, 0.04), (-0.04, 0.04), (-0.04, 0.04), (-0.04, 0.04), (-0.04, 0.04), (-0.04, 0.04), (-0.04, 0.04), (-0.04, 0.04), (0.98, 1.02), (-1e-05, 1e-05), (0.27, 0.31), (0.32, 0.36)]
