Best in last gen:
[ 9.17445161e-03  1.93755594e-02  8.86382801e-03  1.82439921e-02
  1.82697713e-03  9.34477281e-03 -7.38605054e-03 -1.21692808e-02
  9.08118678e-03 -9.27900668e-03 -5.18189605e-02  8.48594789e-03
 -3.16245545e-02  6.73746738e-02 -1.12055070e-02  3.91267960e-03
  2.47428672e-02 -9.23245457e-03  1.31107686e-04  5.58664552e-03
 -1.60915583e-02  1.66116029e-02 -5.50271320e-02  1.28080846e-02
  2.64646226e-02 -1.70435141e-02  9.04783848e-03 -1.86548010e-03
 -3.31234189e-02  9.42671439e-03  1.61169902e-02  1.59280646e-02
  8.95826889e-03 -1.73658875e-02  1.03842860e-02 -2.89185815e-02
  2.15221251e-03  1.38996847e-02 -3.36572704e-03  9.70630356e-03
 -5.16016169e-04  2.26321025e-02  2.24641051e-02  1.78495073e-02
  1.14461275e-02 -4.29261994e-03  4.92579368e-03 -6.64906130e-03
  1.67244645e-02 -7.99470439e-03  5.46408807e-03 -2.84123873e-03
  2.18286605e-03 -5.82900844e-03  4.08319428e-02 -1.27514931e-02
 -9.60791966e-04  4.56726612e-03  3.73901526e-02 -4.16797568e-02
  1.75077354e-02 -1.23240256e-02 -1.43636677e-02 -3.30547147e-02
  1.19187940e-03  3.19098513e-02 -4.25232686e-03  2.76329689e-02
  1.17458272e-02 -7.11743397e-03 -2.17882963e-02 -1.94231959e-02
 -3.32292550e-02 -1.73669415e-02 -1.26718411e-03 -2.90644827e-02
 -7.77686109e-03 -6.92354829e-03  1.96498954e-03  1.99612442e-02
 -1.14653639e-03  1.86420694e-02  1.42395405e-02  1.32136164e-02
  3.95140873e-02 -1.41706802e-03  1.79502335e-02  1.33768445e-02
 -1.07220131e-02  1.20071207e-02  1.62386851e-02  7.04132105e-03
  1.43185903e-02  7.48133459e-03  6.43224910e-03  3.78414654e-03
  1.94369931e-02  1.83107129e-02  2.65661360e-02  2.42978470e-03
  2.47409666e-02 -1.14859284e-02  4.40663304e-02 -1.27703066e-02
  2.87523765e-02 -4.63318892e-03 -2.57891022e-02 -1.19879136e-02
 -1.03489064e-02 -7.61994940e-04  1.66464970e-03 -7.27113919e-03
 -5.14732852e-03 -2.62964588e-02 -2.72378647e-02 -8.12151098e-03
  5.87438498e-03 -2.86076041e-03 -9.64299807e-04  8.09524314e-03
  1.00262474e+00 -4.01910731e-06  6.10037509e-01  4.34312479e-01]
Best fitness in last gen:
1.5124804153918596e-06
GA calculation time:
116.58511757850647

Initial parameters
population size = 50
number of generations = 1000
Real number of generations = 1000
elitism = 2
crossover_rate = 0.95
mutation rate = 0.01
mutation range = [4.e-02 4.e-02 4.e-02 4.e-02 4.e-02 4.e-02 4.e-02 4.e-02 4.e-02 4.e-02
 4.e-02 4.e-02 4.e-02 4.e-02 4.e-02 4.e-02 4.e-02 4.e-02 4.e-02 4.e-02
 4.e-02 4.e-02 4.e-02 4.e-02 4.e-02 4.e-02 4.e-02 4.e-02 4.e-02 4.e-02
 4.e-02 4.e-02 4.e-02 4.e-02 4.e-02 4.e-02 4.e-02 4.e-02 4.e-02 4.e-02
 4.e-02 4.e-02 4.e-02 4.e-02 4.e-02 4.e-02 4.e-02 4.e-02 4.e-02 4.e-02
 4.e-02 4.e-02 4.e-02 4.e-02 4.e-02 4.e-02 4.e-02 4.e-02 4.e-02 4.e-02
 4.e-02 4.e-02 4.e-02 4.e-02 4.e-02 4.e-02 4.e-02 4.e-02 4.e-02 4.e-02
 4.e-02 4.e-02 4.e-02 4.e-02 4.e-02 4.e-02 4.e-02 4.e-02 4.e-02 4.e-02
 4.e-02 4.e-02 4.e-02 4.e-02 4.e-02 4.e-02 4.e-02 4.e-02 4.e-02 4.e-02
 4.e-02 4.e-02 4.e-02 4.e-02 4.e-02 4.e-02 4.e-02 4.e-02 4.e-02 4.e-02
 4.e-02 4.e-02 4.e-02 4.e-02 4.e-02 4.e-02 4.e-02 4.e-02 4.e-02 4.e-02
 4.e-02 4.e-02 4.e-02 4.e-02 4.e-02 4.e-02 4.e-02 4.e-02 4.e-02 4.e-02
 2.e-02 1.e-06 2.e-02 2.e-02]
order = 5
gene ranges = [(-0.04, 0.04), (-0.04, 0.04), (-0.04, 0.04), (-0.04, 0.04), (-0.04, 0.04), (-0.04, 0.04), (-0.04, 0.04), (-0.04, 0.04), (-0.04, 0.04), (-0.04, 0.04), (-0.04, 0.04), (-0.04, 0.04), (-0.04, 0.04), (-0.04, 0.04), (-0.04, 0.04), (-0.04, 0.04), (-0.04, 0.04), (-0.04, 0.04), (-0.04, 0.04), (-0.04, 0.04), (-0.04, 0.04), (-0.04, 0.04), (-0.04, 0.04), (-0.04, 0.04), (-0.04, 0.04), (-0.04, 0.04), (-0.04, 0.04), (-0.04, 0.04), (-0.04, 0.04), (-0.04, 0.04), (-0.04, 0.04), (-0.04, 0.04), (-0.04, 0.04), (-0.04, 0.04), (-0.04, 0.04), (-0.04, 0.04), (-0.04, 0.04), (-0.04, 0.04), (-0.04, 0.04), (-0.04, 0.04), (-0.04, 0.04), (-0.04, 0.04), (-0.04, 0.04), (-0.04, 0.04), (-0.04, 0.04), (-0.04, 0.04), (-0.04, 0.04), (-0.04, 0.04), (-0.04, 0.04), (-0.04, 0.04), (-0.04, 0.04), (-0.04, 0.04), (-0.04, 0.04), (-0.04, 0.04), (-0.04, 0.04), (-0.04, 0.04), (-0.04, 0.04), (-0.04, 0.04), (-0.04, 0.04), (-0.04, 0.04), (-0.04, 0.04), (-0.04, 0.04), (-0.04, 0.04), (-0.04, 0.04), (-0.04, 0.04), (-0.04, 0.04), (-0.04, 0.04), (-0.04, 0.04), (-0.04, 0.04), (-0.04, 0.04), (-0.04, 0.04), (-0.04, 0.04), (-0.04, 0.04), (-0.04, 0.04), (-0.04, 0.04), (-0.04, 0.04), (-0.04, 0.04), (-0.04, 0.04), (-0.04, 0.04), (-0.04, 0.04), (-0.04, 0.04), (-0.04, 0.04), (-0.04, 0.04), (-0.04, 0.04), (-0.04, 0.04), (-0.04, 0.04), (-0.04, 0.04), (-0.04, 0.04), (-0.04, 0.04), (-0.04, 0.04), (-0.04, 0.04), (-0.04, 0.04), (-0.04, 0.04), (-0.04, 0.04), (-0.04, 0.04), (-0.04, 0.04), (-0.04, 0.04), (-0.04, 0.04), (-0.04, 0.04), (-0.04, 0.04), (-0.04, 0.04), (-0.04, 0.04), (-0.04, 0.04), (-0.04, 0.04), (-0.04, 0.04), (-0.04, 0.04), (-0.04, 0.04), (-0.04, 0.04), (-0.04, 0.04), (-0.04, 0.04), (-0.04, 0.04), (-0.04, 0.04), (-0.04, 0.04), (-0.04, 0.04), (-0.04, 0.04), (-0.04, 0.04), (-0.04, 0.04), (-0.04, 0.04), (-0.04, 0.04), (-0.04, 0.04), (0.98, 1.02), (-1e-05, 1e-05), (0, 1.0), (0, 1.0)]
