Best in last gen:
[-2.03571368e-02  3.57483370e-02 -1.35791676e-02  8.35554077e-03
  5.38286925e-03 -1.25235848e-05  2.99691727e-02 -1.09540912e-02
  4.86112650e-04  6.04001054e-03  2.62004037e-02 -1.31212728e-02
  4.26872869e-03  3.00633142e-02 -1.51705492e-02  2.80715527e-02
 -2.26458580e-02 -2.49304779e-02  3.82545391e-02 -4.46807806e-02
  3.83888261e-03 -8.76145218e-03 -1.40635494e-02 -1.27392869e-03
  1.75456182e-02  1.07105675e-02 -7.17466307e-03  2.40263494e-02
 -2.69441162e-03 -1.21306904e-02 -1.16716917e-02  2.89443282e-03
  2.62032151e-02  1.98814956e-03 -2.59369164e-03 -1.44136626e-02
  6.88308385e-03 -1.34121595e-02  8.18511302e-03  1.92769730e-02
  7.42858634e-03 -1.38815963e-03  5.12410168e-02  3.84027711e-02
  2.17637438e-02  6.45351747e-03 -2.04813230e-02  2.16615825e-02
  3.22230043e-03 -2.59777245e-02  8.05572335e-03 -5.38668471e-03
  2.47927790e-03 -2.08821283e-02  1.97675521e-02 -1.99741212e-02
 -1.26018160e-02 -2.07905681e-02 -2.38370925e-02  2.02869347e-02
  5.43237312e-03  9.12409361e-03  1.10963563e-03 -4.34110495e-02
 -9.81512797e-03 -1.19961301e-02 -1.03695597e-03  2.64609531e-03
 -7.17738000e-03  2.10930231e-02 -3.69669960e-02 -2.03513431e-02
 -3.90017822e-03  5.88859779e-03  1.22369607e-02 -2.08223872e-02
  9.55779340e-03 -2.21748509e-02  1.57565395e-02 -6.43341628e-03
  1.08396453e-02 -4.19556265e-02 -1.42961578e-02 -1.89484056e-02
  1.11412399e-02  4.67572155e-04 -1.16803776e-02  3.52071744e-03
 -8.88658362e-03  7.69213331e-03 -2.40575007e-02 -1.88731140e-02
 -2.11003639e-02 -1.41536095e-02 -2.41357055e-02  8.91169952e-03
 -8.80172941e-03  5.21233177e-03 -2.27654570e-03  1.26584534e-02
  3.51497360e-02  8.31820704e-04 -2.19180587e-02  2.74015188e-02
  1.88610371e-02  3.84056937e-03  2.37287297e-02  5.88691349e-03
  1.84662663e-02 -7.48356773e-03  3.45865549e-03 -5.48829057e-03
 -1.37712031e-02  1.71203417e-03 -1.70083046e-02  9.94767720e-03
  1.52297858e-02  6.56286139e-03 -4.54430843e-04 -1.63348947e-02
  1.00123938e+00  1.46678903e-06  3.67517233e-01  1.92295295e-01]
Best fitness in last gen:
9.106790098010014e-07
GA calculation time:
112.90563535690308

Initial parameters
population size = 50
number of generations = 1000
Real number of generations = 1000
elitism = 2
crossover_rate = 0.95
mutation rate = 0.01
mutation range = [4.e-02 4.e-02 4.e-02 4.e-02 4.e-02 4.e-02 4.e-02 4.e-02 4.e-02 4.e-02
 4.e-02 4.e-02 4.e-02 4.e-02 4.e-02 4.e-02 4.e-02 4.e-02 4.e-02 4.e-02
 4.e-02 4.e-02 4.e-02 4.e-02 4.e-02 4.e-02 4.e-02 4.e-02 4.e-02 4.e-02
 4.e-02 4.e-02 4.e-02 4.e-02 4.e-02 4.e-02 4.e-02 4.e-02 4.e-02 4.e-02
 4.e-02 4.e-02 4.e-02 4.e-02 4.e-02 4.e-02 4.e-02 4.e-02 4.e-02 4.e-02
 4.e-02 4.e-02 4.e-02 4.e-02 4.e-02 4.e-02 4.e-02 4.e-02 4.e-02 4.e-02
 4.e-02 4.e-02 4.e-02 4.e-02 4.e-02 4.e-02 4.e-02 4.e-02 4.e-02 4.e-02
 4.e-02 4.e-02 4.e-02 4.e-02 4.e-02 4.e-02 4.e-02 4.e-02 4.e-02 4.e-02
 4.e-02 4.e-02 4.e-02 4.e-02 4.e-02 4.e-02 4.e-02 4.e-02 4.e-02 4.e-02
 4.e-02 4.e-02 4.e-02 4.e-02 4.e-02 4.e-02 4.e-02 4.e-02 4.e-02 4.e-02
 4.e-02 4.e-02 4.e-02 4.e-02 4.e-02 4.e-02 4.e-02 4.e-02 4.e-02 4.e-02
 4.e-02 4.e-02 4.e-02 4.e-02 4.e-02 4.e-02 4.e-02 4.e-02 4.e-02 4.e-02
 2.e-02 1.e-06 2.e-02 2.e-02]
order = 5
gene ranges = [(-0.04, 0.04), (-0.04, 0.04), (-0.04, 0.04), (-0.04, 0.04), (-0.04, 0.04), (-0.04, 0.04), (-0.04, 0.04), (-0.04, 0.04), (-0.04, 0.04), (-0.04, 0.04), (-0.04, 0.04), (-0.04, 0.04), (-0.04, 0.04), (-0.04, 0.04), (-0.04, 0.04), (-0.04, 0.04), (-0.04, 0.04), (-0.04, 0.04), (-0.04, 0.04), (-0.04, 0.04), (-0.04, 0.04), (-0.04, 0.04), (-0.04, 0.04), (-0.04, 0.04), (-0.04, 0.04), (-0.04, 0.04), (-0.04, 0.04), (-0.04, 0.04), (-0.04, 0.04), (-0.04, 0.04), (-0.04, 0.04), (-0.04, 0.04), (-0.04, 0.04), (-0.04, 0.04), (-0.04, 0.04), (-0.04, 0.04), (-0.04, 0.04), (-0.04, 0.04), (-0.04, 0.04), (-0.04, 0.04), (-0.04, 0.04), (-0.04, 0.04), (-0.04, 0.04), (-0.04, 0.04), (-0.04, 0.04), (-0.04, 0.04), (-0.04, 0.04), (-0.04, 0.04), (-0.04, 0.04), (-0.04, 0.04), (-0.04, 0.04), (-0.04, 0.04), (-0.04, 0.04), (-0.04, 0.04), (-0.04, 0.04), (-0.04, 0.04), (-0.04, 0.04), (-0.04, 0.04), (-0.04, 0.04), (-0.04, 0.04), (-0.04, 0.04), (-0.04, 0.04), (-0.04, 0.04), (-0.04, 0.04), (-0.04, 0.04), (-0.04, 0.04), (-0.04, 0.04), (-0.04, 0.04), (-0.04, 0.04), (-0.04, 0.04), (-0.04, 0.04), (-0.04, 0.04), (-0.04, 0.04), (-0.04, 0.04), (-0.04, 0.04), (-0.04, 0.04), (-0.04, 0.04), (-0.04, 0.04), (-0.04, 0.04), (-0.04, 0.04), (-0.04, 0.04), (-0.04, 0.04), (-0.04, 0.04), (-0.04, 0.04), (-0.04, 0.04), (-0.04, 0.04), (-0.04, 0.04), (-0.04, 0.04), (-0.04, 0.04), (-0.04, 0.04), (-0.04, 0.04), (-0.04, 0.04), (-0.04, 0.04), (-0.04, 0.04), (-0.04, 0.04), (-0.04, 0.04), (-0.04, 0.04), (-0.04, 0.04), (-0.04, 0.04), (-0.04, 0.04), (-0.04, 0.04), (-0.04, 0.04), (-0.04, 0.04), (-0.04, 0.04), (-0.04, 0.04), (-0.04, 0.04), (-0.04, 0.04), (-0.04, 0.04), (-0.04, 0.04), (-0.04, 0.04), (-0.04, 0.04), (-0.04, 0.04), (-0.04, 0.04), (-0.04, 0.04), (-0.04, 0.04), (-0.04, 0.04), (-0.04, 0.04), (-0.04, 0.04), (-0.04, 0.04), (-0.04, 0.04), (0.98, 1.02), (-1e-05, 1e-05), (0.34, 0.38), (0.17, 0.21)]
