Best in last gen:
[-1.21177996e-02  1.50028956e-02 -1.29041638e-02  7.13768011e-03
 -1.63308899e-02  3.53448982e-02  2.16838948e-02  1.73026221e-02
  3.98110844e-03 -6.44299737e-03 -3.60067924e-02  3.53074769e-02
  3.20037199e-02  3.95104010e-03  1.42467397e-02  2.18348776e-02
  5.81599971e-02  8.09941179e-03 -1.07510262e-02 -1.93355983e-02
  1.86651627e-02  5.45249875e-03  1.66124772e-02 -8.67340926e-02
  3.55468152e-02  1.90502172e-02  8.81800717e-03 -1.56240516e-02
  1.40812984e-02  6.17178551e-03 -8.65569777e-03  2.25585696e-02
 -3.51860140e-03 -1.37037800e-02  3.90767765e-03  1.08777887e-02
  1.36419600e-02  3.48623722e-02 -7.53986454e-03 -1.57198364e-02
  1.01742115e-02  1.37758727e-02  1.98241658e-02 -3.14852968e-02
 -1.12711850e-02 -4.62922284e-03  1.78989063e-02 -3.83488552e-02
  1.00372550e+00 -1.28754695e-06  6.95133196e-01  4.57650809e-01]
Best fitness in last gen:
1.4886802045353915e-06
GA calculation time:
94.28676676750183

Initial parameters
population size = 50
number of generations = 1000
Real number of generations = 1000
elitism = 2
crossover_rate = 0.95
mutation rate = 0.01
mutation range = [4.e-02 4.e-02 4.e-02 4.e-02 4.e-02 4.e-02 4.e-02 4.e-02 4.e-02 4.e-02
 4.e-02 4.e-02 4.e-02 4.e-02 4.e-02 4.e-02 4.e-02 4.e-02 4.e-02 4.e-02
 4.e-02 4.e-02 4.e-02 4.e-02 4.e-02 4.e-02 4.e-02 4.e-02 4.e-02 4.e-02
 4.e-02 4.e-02 4.e-02 4.e-02 4.e-02 4.e-02 4.e-02 4.e-02 4.e-02 4.e-02
 4.e-02 4.e-02 4.e-02 4.e-02 4.e-02 4.e-02 4.e-02 4.e-02 2.e-02 1.e-06
 2.e-02 2.e-02]
order = 3
gene ranges = [(-0.04, 0.04), (-0.04, 0.04), (-0.04, 0.04), (-0.04, 0.04), (-0.04, 0.04), (-0.04, 0.04), (-0.04, 0.04), (-0.04, 0.04), (-0.04, 0.04), (-0.04, 0.04), (-0.04, 0.04), (-0.04, 0.04), (-0.04, 0.04), (-0.04, 0.04), (-0.04, 0.04), (-0.04, 0.04), (-0.04, 0.04), (-0.04, 0.04), (-0.04, 0.04), (-0.04, 0.04), (-0.04, 0.04), (-0.04, 0.04), (-0.04, 0.04), (-0.04, 0.04), (-0.04, 0.04), (-0.04, 0.04), (-0.04, 0.04), (-0.04, 0.04), (-0.04, 0.04), (-0.04, 0.04), (-0.04, 0.04), (-0.04, 0.04), (-0.04, 0.04), (-0.04, 0.04), (-0.04, 0.04), (-0.04, 0.04), (-0.04, 0.04), (-0.04, 0.04), (-0.04, 0.04), (-0.04, 0.04), (-0.04, 0.04), (-0.04, 0.04), (-0.04, 0.04), (-0.04, 0.04), (-0.04, 0.04), (-0.04, 0.04), (-0.04, 0.04), (-0.04, 0.04), (0.98, 1.02), (-1e-05, 1e-05), (0.69, 0.71), (0.46, 0.48)]
