Best in last gen:
[-7.77709988e-03  2.64784195e-03  2.84089129e-03  4.41115940e-03
 -5.43982371e-03 -7.80045106e-03 -1.99747766e-03  2.44605115e-03
 -1.51587322e-03  2.50709931e-03 -5.44343273e-03 -1.31571239e-03
  3.91512100e-03  5.48439078e-03 -2.48989066e-03  6.17444915e-03
 -3.87698120e-03 -3.58561946e-03  1.13138451e-04 -2.05651353e-04
 -4.89934406e-03  1.29735538e-02 -4.09772332e-03 -2.00383306e-03
  3.60172411e-03  1.38474137e-03  1.42929294e-03  5.35352654e-03
  1.69237884e-03 -4.63402519e-03  1.56586227e-03 -4.15897437e-03
  1.54160620e-03 -6.18953332e-04  2.29938898e-03 -1.86442257e-03
  5.10805390e-03  5.42519007e-04 -1.66440189e-03 -2.18671349e-03
 -5.02489610e-03  1.97090933e-04 -1.11017685e-03 -3.32354055e-03
  2.75981701e-03 -1.96576535e-04 -8.20834881e-04 -8.41802871e-04
  1.02385240e+00 -3.94135434e-07  1.68913417e+02  5.19138006e+01]
Best fitness in last gen:
1.0495885076795426e-06
GA calculation time:
199.76287126541138

Initial parameters
population size = 400
number of generations = 200
Real number of generations = 200
elitism = 2
crossover_rate = 0.95
mutation rate = 0.01
mutation range = [5.e-02 5.e-02 5.e-02 5.e-02 5.e-02 5.e-02 5.e-02 5.e-02 5.e-02 5.e-02
 5.e-02 5.e-02 5.e-02 5.e-02 5.e-02 5.e-02 5.e-02 5.e-02 5.e-02 5.e-02
 5.e-02 5.e-02 5.e-02 5.e-02 5.e-02 5.e-02 5.e-02 5.e-02 5.e-02 5.e-02
 5.e-02 5.e-02 5.e-02 5.e-02 5.e-02 5.e-02 5.e-02 5.e-02 5.e-02 5.e-02
 5.e-02 5.e-02 5.e-02 5.e-02 5.e-02 5.e-02 5.e-02 5.e-02 2.e-02 1.e-06
 1.e+00 1.e+00]
order = 3
gene ranges = [(-0.05, 0.05), (-0.05, 0.05), (-0.05, 0.05), (-0.05, 0.05), (-0.05, 0.05), (-0.05, 0.05), (-0.05, 0.05), (-0.05, 0.05), (-0.05, 0.05), (-0.05, 0.05), (-0.05, 0.05), (-0.05, 0.05), (-0.05, 0.05), (-0.05, 0.05), (-0.05, 0.05), (-0.05, 0.05), (-0.05, 0.05), (-0.05, 0.05), (-0.05, 0.05), (-0.05, 0.05), (-0.05, 0.05), (-0.05, 0.05), (-0.05, 0.05), (-0.05, 0.05), (-0.05, 0.05), (-0.05, 0.05), (-0.05, 0.05), (-0.05, 0.05), (-0.05, 0.05), (-0.05, 0.05), (-0.05, 0.05), (-0.05, 0.05), (-0.05, 0.05), (-0.05, 0.05), (-0.05, 0.05), (-0.05, 0.05), (-0.05, 0.05), (-0.05, 0.05), (-0.05, 0.05), (-0.05, 0.05), (-0.05, 0.05), (-0.05, 0.05), (-0.05, 0.05), (-0.05, 0.05), (-0.05, 0.05), (-0.05, 0.05), (-0.05, 0.05), (-0.05, 0.05), (0.98, 1.02), (-1e-05, 1e-05), (168, 170), (51, 53)]
