Best in last gen:
[-2.75833830e-03 -7.42509738e-03 -1.90237924e-02  2.14325380e-02
  2.84999381e-01 -3.15258593e-02 -7.05077377e-02 -2.04627103e-02
 -1.01279676e-03 -2.01174027e-02 -4.86375441e-02 -1.04819957e-02
 -2.08853972e-02 -2.09487439e-02 -2.00907024e-02 -2.96393623e-02
 -4.04474924e-03 -1.52311118e-02 -2.68439668e-02  2.01202722e-02
 -2.79745371e-03 -1.57806020e-02 -1.38136792e-02  7.04064174e-03
 -6.94255287e-03 -6.40338141e-02 -1.97151480e-02 -2.63629214e-02
 -1.63317328e-02  7.31838583e-03 -6.29077696e-02 -1.39662699e-01
  4.89432952e-03 -4.05834943e-03  1.06650196e-02 -1.48841976e-02
 -9.05524837e-03  8.80640513e-03  2.10842055e-03  1.61649956e-02
 -1.16885136e-02  4.24009571e-03 -2.03388902e-02 -9.90222218e-02
 -8.76103541e-03  2.50176776e-03 -1.42313417e-02 -6.08394488e-03
  1.01268866e+00 -2.71581688e-06  7.08327028e+00  2.17774590e+00]
Best fitness in last gen:
0.00019127943393672562
GA calculation time:
152.09823513031006

Initial parameters
population size = 10
number of generations = 10000
Real number of generations = 10000
elitism = 2
crossover_rate = 0.95
mutation rate = 0.01
mutation range = [5.e-02 5.e-02 5.e-02 5.e-02 5.e-02 5.e-02 5.e-02 5.e-02 5.e-02 5.e-02
 5.e-02 5.e-02 5.e-02 5.e-02 5.e-02 5.e-02 5.e-02 5.e-02 5.e-02 5.e-02
 5.e-02 5.e-02 5.e-02 5.e-02 5.e-02 5.e-02 5.e-02 5.e-02 5.e-02 5.e-02
 5.e-02 5.e-02 5.e-02 5.e-02 5.e-02 5.e-02 5.e-02 5.e-02 5.e-02 5.e-02
 5.e-02 5.e-02 5.e-02 5.e-02 5.e-02 5.e-02 5.e-02 5.e-02 2.e-02 1.e-06
 4.e-02 4.e-02]
order = 3
gene ranges = [(-0.04, 0.04), (-0.04, 0.04), (-0.04, 0.04), (-0.04, 0.04), (-0.04, 0.04), (-0.04, 0.04), (-0.04, 0.04), (-0.04, 0.04), (-0.04, 0.04), (-0.04, 0.04), (-0.04, 0.04), (-0.04, 0.04), (-0.04, 0.04), (-0.04, 0.04), (-0.04, 0.04), (-0.04, 0.04), (-0.04, 0.04), (-0.04, 0.04), (-0.04, 0.04), (-0.04, 0.04), (-0.04, 0.04), (-0.04, 0.04), (-0.04, 0.04), (-0.04, 0.04), (-0.04, 0.04), (-0.04, 0.04), (-0.04, 0.04), (-0.04, 0.04), (-0.04, 0.04), (-0.04, 0.04), (-0.04, 0.04), (-0.04, 0.04), (-0.04, 0.04), (-0.04, 0.04), (-0.04, 0.04), (-0.04, 0.04), (-0.04, 0.04), (-0.04, 0.04), (-0.04, 0.04), (-0.04, 0.04), (-0.04, 0.04), (-0.04, 0.04), (-0.04, 0.04), (-0.04, 0.04), (-0.04, 0.04), (-0.04, 0.04), (-0.04, 0.04), (-0.04, 0.04), (0.98, 1.02), (-1e-05, 1e-05), (7.03, 7.13), (2.13, 2.23)]
