Best in last gen:
[ 4.34108552e-03  5.76706381e-02 -4.95608902e-02 -3.16983791e-02
  7.31644685e-02  2.04076831e-02 -8.79618450e-02 -2.73502215e-02
 -8.00387193e-02 -3.27124585e-02  2.69518792e-02  1.09290515e-02
  1.85637852e-02  1.83288128e-02 -6.46392743e-02 -2.18549910e-02
 -2.70299897e-02  3.84575080e-03 -7.64941990e-02 -7.66955932e-02
 -4.84479358e-02  9.96438477e-02  4.10320961e-02  4.58291821e-02
 -1.10148699e-02 -7.93743702e-03 -9.97105949e-02  2.77500400e-03
 -5.48038325e-02  6.21163803e-02 -1.18305194e-01 -6.79400356e-02
  6.23907955e-03 -4.04186078e-02  4.57520346e-02 -6.85779242e-02
  5.95844539e-02 -6.32475376e-02  8.51435137e-02  3.12812790e-02
  5.11137044e-02  1.51225420e-02 -1.42174993e-02 -7.06102880e-02
  1.24664387e-01 -6.45333588e-02 -1.64476366e-02  6.05632628e-02
  9.98940308e-01 -1.65963354e-07  6.98558050e-02  2.25915663e-02]
Best fitness in last gen:
4.61710079807803e-07
GA calculation time:
322.05282282829285

Initial parameters
population size = 400
number of generations = 200
Real number of generations = 200
elitism = 2
crossover_rate = 0.95
mutation rate = 0.01
mutation range = [5.e-02 5.e-02 5.e-02 5.e-02 5.e-02 5.e-02 5.e-02 5.e-02 5.e-02 5.e-02
 5.e-02 5.e-02 5.e-02 5.e-02 5.e-02 5.e-02 5.e-02 5.e-02 5.e-02 5.e-02
 5.e-02 5.e-02 5.e-02 5.e-02 5.e-02 5.e-02 5.e-02 5.e-02 5.e-02 5.e-02
 5.e-02 5.e-02 5.e-02 5.e-02 5.e-02 5.e-02 5.e-02 5.e-02 5.e-02 5.e-02
 5.e-02 5.e-02 5.e-02 5.e-02 5.e-02 5.e-02 5.e-02 5.e-02 2.e-02 1.e-06
 1.e-02 1.e-02]
order = 3
gene ranges = [(-1, 1), (-1, 1), (-1, 1), (-1, 1), (-1, 1), (-1, 1), (-1, 1), (-1, 1), (-1, 1), (-1, 1), (-1, 1), (-1, 1), (-1, 1), (-1, 1), (-1, 1), (-1, 1), (-1, 1), (-1, 1), (-1, 1), (-1, 1), (-1, 1), (-1, 1), (-1, 1), (-1, 1), (-1, 1), (-1, 1), (-1, 1), (-1, 1), (-1, 1), (-1, 1), (-1, 1), (-1, 1), (-1, 1), (-1, 1), (-1, 1), (-1, 1), (-1, 1), (-1, 1), (-1, 1), (-1, 1), (-1, 1), (-1, 1), (-1, 1), (-1, 1), (-1, 1), (-1, 1), (-1, 1), (-1, 1), (0.98, 1.02), (-1e-05, 1e-05), (0.07, 0.08), (0.01, 0.03)]
