Best in last gen:
[-1.79413825e-02 -1.12577387e-02 -5.56945066e-03  4.47006920e-02
 -3.03891670e-02  1.64903133e-02  1.59892180e-02 -4.80571824e-03
 -6.09326946e-02  1.96777810e-02  4.90132969e-04  2.42627426e-02
 -2.87030954e-03  5.52010085e-02  1.17808456e-02 -4.13959734e-02
  4.56665225e-02 -4.17547282e-03  6.58064961e-02  1.88440352e-02
  2.27713289e-02  1.88790437e-03  5.28374855e-02 -2.75792144e-02
 -5.91506036e-02 -1.09970608e-02  5.22976851e-02  1.01846084e-02
 -6.85628318e-03 -2.07821936e-02 -2.20973005e-02 -3.12636111e-02
 -3.18158410e-02 -4.15031682e-02 -5.02351468e-02 -7.37683249e-03
 -1.38726267e-02  1.33076408e-03 -3.54411366e-02 -1.88558380e-02
  2.07952572e-02  3.82644042e-02 -3.79969486e-02  2.82201503e-02
  5.81743400e-02 -3.60037059e-02 -3.33931381e-02  3.86959848e-02
  1.00225303e+00  4.73445069e-07  8.89837720e+02  8.70210214e+02]
Best fitness in last gen:
8.181645253486062e-07
GA calculation time:
207.6418161392212

Initial parameters
population size = 400
number of generations = 200
Real number of generations = 200
elitism = 2
crossover_rate = 0.95
mutation rate = 0.01
mutation range = [5.e-02 5.e-02 5.e-02 5.e-02 5.e-02 5.e-02 5.e-02 5.e-02 5.e-02 5.e-02
 5.e-02 5.e-02 5.e-02 5.e-02 5.e-02 5.e-02 5.e-02 5.e-02 5.e-02 5.e-02
 5.e-02 5.e-02 5.e-02 5.e-02 5.e-02 5.e-02 5.e-02 5.e-02 5.e-02 5.e-02
 5.e-02 5.e-02 5.e-02 5.e-02 5.e-02 5.e-02 5.e-02 5.e-02 5.e-02 5.e-02
 5.e-02 5.e-02 5.e-02 5.e-02 5.e-02 5.e-02 5.e-02 5.e-02 2.e-02 1.e-06
 1.e+00 1.e+00]
order = 3
gene ranges = [(-1, 1), (-1, 1), (-1, 1), (-1, 1), (-1, 1), (-1, 1), (-1, 1), (-1, 1), (-1, 1), (-1, 1), (-1, 1), (-1, 1), (-1, 1), (-1, 1), (-1, 1), (-1, 1), (-1, 1), (-1, 1), (-1, 1), (-1, 1), (-1, 1), (-1, 1), (-1, 1), (-1, 1), (-1, 1), (-1, 1), (-1, 1), (-1, 1), (-1, 1), (-1, 1), (-1, 1), (-1, 1), (-1, 1), (-1, 1), (-1, 1), (-1, 1), (-1, 1), (-1, 1), (-1, 1), (-1, 1), (-1, 1), (-1, 1), (-1, 1), (-1, 1), (-1, 1), (-1, 1), (-1, 1), (-1, 1), (0.98, 1.02), (-1e-05, 1e-05), (885, 895), (865, 875)]
