Best in last gen:
[ 3.52755010e-02  8.04392619e-03 -6.45559807e-04  4.91185645e-02
  2.86233326e-02  8.50387398e-02  6.09174122e-02  7.54829926e-02
  8.15724402e-02  2.63754152e-02 -3.68612221e-02  4.57329755e-02
 -1.26245083e-02  1.19992723e-01 -6.47143301e-02 -4.76376452e-02
  1.98167960e-02  9.17977885e-02 -5.33630864e-02 -4.17410759e-02
  3.87033314e-02  4.13602558e-02 -1.25505162e-02 -8.07476689e-03
 -1.16141588e-02 -3.13727060e-02 -5.18933866e-02 -3.32895145e-05
  4.45222265e-02  2.77142821e-02 -6.69230383e-02  8.24903039e-02
  3.48032723e-02 -8.01630413e-02 -3.29164555e-02 -1.66069181e-02
 -1.08934049e-02 -6.05356938e-02  8.67300800e-02  4.05130688e-02
 -7.27727888e-02  7.64009558e-02  2.24832342e-02  1.41735482e-02
  8.14955634e-02 -3.98630303e-02  2.22611122e-02 -3.13875619e-02
  9.99364054e-01 -3.04648050e-07  8.85217496e-01  1.05555535e-01]
Best fitness in last gen:
5.658551516386757e-07
GA calculation time:
192.844957113266

Initial parameters
population size = 400
number of generations = 200
Real number of generations = 200
elitism = 2
crossover_rate = 0.95
mutation rate = 0.01
mutation range = [5.e-02 5.e-02 5.e-02 5.e-02 5.e-02 5.e-02 5.e-02 5.e-02 5.e-02 5.e-02
 5.e-02 5.e-02 5.e-02 5.e-02 5.e-02 5.e-02 5.e-02 5.e-02 5.e-02 5.e-02
 5.e-02 5.e-02 5.e-02 5.e-02 5.e-02 5.e-02 5.e-02 5.e-02 5.e-02 5.e-02
 5.e-02 5.e-02 5.e-02 5.e-02 5.e-02 5.e-02 5.e-02 5.e-02 5.e-02 5.e-02
 5.e-02 5.e-02 5.e-02 5.e-02 5.e-02 5.e-02 5.e-02 5.e-02 2.e-02 1.e-06
 5.e-02 5.e-02]
order = 3
gene ranges = [(-1, 1), (-1, 1), (-1, 1), (-1, 1), (-1, 1), (-1, 1), (-1, 1), (-1, 1), (-1, 1), (-1, 1), (-1, 1), (-1, 1), (-1, 1), (-1, 1), (-1, 1), (-1, 1), (-1, 1), (-1, 1), (-1, 1), (-1, 1), (-1, 1), (-1, 1), (-1, 1), (-1, 1), (-1, 1), (-1, 1), (-1, 1), (-1, 1), (-1, 1), (-1, 1), (-1, 1), (-1, 1), (-1, 1), (-1, 1), (-1, 1), (-1, 1), (-1, 1), (-1, 1), (-1, 1), (-1, 1), (-1, 1), (-1, 1), (-1, 1), (-1, 1), (-1, 1), (-1, 1), (-1, 1), (-1, 1), (0.98, 1.02), (-1e-05, 1e-05), (0.83, 0.93), (0.04, 0.14)]
