Best in last gen:
[ 5.03400470e-02  4.77361207e-02  6.22535383e-03 -1.36884759e-02
 -1.33232237e-02 -4.84455356e-02  4.07574911e-02  3.72710779e-02
  6.49630699e-02 -5.67601947e-03 -5.71616716e-03 -8.40097838e-03
  2.16516005e-02  3.64924322e-02 -2.90693702e-02  1.09735519e-02
 -4.27691879e-02 -2.28738952e-02 -7.31215660e-02  3.34644451e-02
 -2.96387106e-02 -5.16407300e-02  1.28320088e-02  6.60275658e-03
  5.30008567e-02  4.47544276e-02  9.40615451e-03  1.59512576e-03
 -4.13029515e-04 -6.66556370e-02  8.66999428e-04 -3.43363523e-02
  4.59611430e-03 -5.82015625e-03  3.44903244e-02  2.52442556e-02
 -1.15976026e-03 -4.09562082e-03 -2.81226278e-03  4.69032716e-03
 -2.08765932e-02  3.71325209e-02  6.11621706e-02  3.22401048e-02
  1.63360911e-02 -7.29918261e-02  1.61489049e-02  2.05064603e-02
  1.00197925e+00 -3.74912432e-08  1.68825772e+02  5.19342050e+01]
Best fitness in last gen:
6.847256278337535e-07
GA calculation time:
270.6271781921387

Initial parameters
population size = 400
number of generations = 200
Real number of generations = 200
elitism = 2
crossover_rate = 0.95
mutation rate = 0.01
mutation range = [5.e-02 5.e-02 5.e-02 5.e-02 5.e-02 5.e-02 5.e-02 5.e-02 5.e-02 5.e-02
 5.e-02 5.e-02 5.e-02 5.e-02 5.e-02 5.e-02 5.e-02 5.e-02 5.e-02 5.e-02
 5.e-02 5.e-02 5.e-02 5.e-02 5.e-02 5.e-02 5.e-02 5.e-02 5.e-02 5.e-02
 5.e-02 5.e-02 5.e-02 5.e-02 5.e-02 5.e-02 5.e-02 5.e-02 5.e-02 5.e-02
 5.e-02 5.e-02 5.e-02 5.e-02 5.e-02 5.e-02 5.e-02 5.e-02 2.e-02 1.e-06
 1.e+00 1.e+00]
order = 3
gene ranges = [(-1, 1), (-1, 1), (-1, 1), (-1, 1), (-1, 1), (-1, 1), (-1, 1), (-1, 1), (-1, 1), (-1, 1), (-1, 1), (-1, 1), (-1, 1), (-1, 1), (-1, 1), (-1, 1), (-1, 1), (-1, 1), (-1, 1), (-1, 1), (-1, 1), (-1, 1), (-1, 1), (-1, 1), (-1, 1), (-1, 1), (-1, 1), (-1, 1), (-1, 1), (-1, 1), (-1, 1), (-1, 1), (-1, 1), (-1, 1), (-1, 1), (-1, 1), (-1, 1), (-1, 1), (-1, 1), (-1, 1), (-1, 1), (-1, 1), (-1, 1), (-1, 1), (-1, 1), (-1, 1), (-1, 1), (-1, 1), (0.98, 1.02), (-1e-05, 1e-05), (168, 170), (51, 53)]
