Best in last gen:
[ 2.76518105e-02  2.37512355e-02 -7.29217281e-02  4.53920143e-02
 -4.79344220e-02 -1.09346529e-01  2.36262620e-03 -6.63218709e-02
  7.33033683e-02  2.49322935e-02  1.02059172e-02  9.33076299e-02
 -2.38603417e-02 -1.40631033e-02 -5.16646094e-02 -8.38119477e-02
  1.89879389e-02  7.80575179e-02 -4.76395344e-02  1.23968786e-02
  8.22154474e-02 -2.27325001e-02 -1.10753207e-02  5.52189271e-02
 -3.95124746e-03 -4.94286721e-02  4.95004562e-02  6.83693403e-02
  5.49165658e-02  3.63897833e-02 -1.73936621e-02 -3.40243541e-02
  4.46057237e-02 -4.66916184e-03 -8.70579431e-02 -2.33835186e-02
 -1.02014711e-02  3.18492316e-02  2.51397288e-02  4.38813945e-02
  2.93345760e-02  6.38862794e-02  6.88661305e-02 -4.62732145e-02
  2.09455329e-02 -7.60449135e-03  7.73725314e-02  2.19101835e-02
  1.00118463e+00 -3.31145129e-07  7.93652247e-02  2.03907587e-02]
Best fitness in last gen:
3.706708801344238e-06
GA calculation time:
378.3534719944

Initial parameters
population size = 400
number of generations = 200
Real number of generations = 200
elitism = 2
crossover_rate = 0.95
mutation rate = 0.01
mutation range = [5.e-02 5.e-02 5.e-02 5.e-02 5.e-02 5.e-02 5.e-02 5.e-02 5.e-02 5.e-02
 5.e-02 5.e-02 5.e-02 5.e-02 5.e-02 5.e-02 5.e-02 5.e-02 5.e-02 5.e-02
 5.e-02 5.e-02 5.e-02 5.e-02 5.e-02 5.e-02 5.e-02 5.e-02 5.e-02 5.e-02
 5.e-02 5.e-02 5.e-02 5.e-02 5.e-02 5.e-02 5.e-02 5.e-02 5.e-02 5.e-02
 5.e-02 5.e-02 5.e-02 5.e-02 5.e-02 5.e-02 5.e-02 5.e-02 2.e-02 1.e-06
 1.e-02 1.e-02]
order = 3
gene ranges = [(-1, 1), (-1, 1), (-1, 1), (-1, 1), (-1, 1), (-1, 1), (-1, 1), (-1, 1), (-1, 1), (-1, 1), (-1, 1), (-1, 1), (-1, 1), (-1, 1), (-1, 1), (-1, 1), (-1, 1), (-1, 1), (-1, 1), (-1, 1), (-1, 1), (-1, 1), (-1, 1), (-1, 1), (-1, 1), (-1, 1), (-1, 1), (-1, 1), (-1, 1), (-1, 1), (-1, 1), (-1, 1), (-1, 1), (-1, 1), (-1, 1), (-1, 1), (-1, 1), (-1, 1), (-1, 1), (-1, 1), (-1, 1), (-1, 1), (-1, 1), (-1, 1), (-1, 1), (-1, 1), (-1, 1), (-1, 1), (0.98, 1.02), (-1e-05, 1e-05), (0.07, 0.08), (0.01, 0.03)]
