Best in last gen:
[ 1.68273215e-02 -6.98669384e-03 -1.09826575e-02 -4.92538271e-03
 -2.75263396e-02  5.01515348e-03  5.65754166e-03  2.65282931e-03
  4.96675908e-03  4.14300522e-02  2.57439796e-02 -8.99130427e-03
  1.64949273e-01  2.81403986e-02  2.26483666e-01  4.21227572e-03
  5.77213534e-03  5.01825167e-03 -9.93086737e-03  7.18097261e-03
 -5.97200656e-03 -1.12847398e-02  1.77557090e-04 -1.21740591e-02
 -6.70258848e-03  3.66708593e-03  1.19878603e-02  3.42830033e-02
  1.18286081e-03 -5.38176730e-03 -1.18066172e-02 -4.98989529e-02
 -5.55058686e-03 -6.42151749e-02  2.46372768e-02 -6.78312286e-02
 -1.50273638e-02 -2.83269454e-02  1.31408917e-02 -1.68250419e-03
 -4.31729556e-04 -1.15233826e-02  1.30502966e-02  3.65891145e-03
 -4.12572345e-03 -5.21098225e-03  1.51327912e-02 -1.93114233e-02
  1.01895005e+00  3.11423333e-06  6.00858168e-01  6.48664922e-01]
Best fitness in last gen:
8.404563211723685e-05
GA calculation time:
212.92985725402832

Initial parameters
population size = 10
number of generations = 10000
Real number of generations = 10000
elitism = 2
crossover_rate = 0.95
mutation rate = 0.01
mutation range = [5.e-02 5.e-02 5.e-02 5.e-02 5.e-02 5.e-02 5.e-02 5.e-02 5.e-02 5.e-02
 5.e-02 5.e-02 5.e-02 5.e-02 5.e-02 5.e-02 5.e-02 5.e-02 5.e-02 5.e-02
 5.e-02 5.e-02 5.e-02 5.e-02 5.e-02 5.e-02 5.e-02 5.e-02 5.e-02 5.e-02
 5.e-02 5.e-02 5.e-02 5.e-02 5.e-02 5.e-02 5.e-02 5.e-02 5.e-02 5.e-02
 5.e-02 5.e-02 5.e-02 5.e-02 5.e-02 5.e-02 5.e-02 5.e-02 2.e-02 1.e-06
 4.e-02 4.e-02]
order = 3
gene ranges = [(-0.04, 0.04), (-0.04, 0.04), (-0.04, 0.04), (-0.04, 0.04), (-0.04, 0.04), (-0.04, 0.04), (-0.04, 0.04), (-0.04, 0.04), (-0.04, 0.04), (-0.04, 0.04), (-0.04, 0.04), (-0.04, 0.04), (-0.04, 0.04), (-0.04, 0.04), (-0.04, 0.04), (-0.04, 0.04), (-0.04, 0.04), (-0.04, 0.04), (-0.04, 0.04), (-0.04, 0.04), (-0.04, 0.04), (-0.04, 0.04), (-0.04, 0.04), (-0.04, 0.04), (-0.04, 0.04), (-0.04, 0.04), (-0.04, 0.04), (-0.04, 0.04), (-0.04, 0.04), (-0.04, 0.04), (-0.04, 0.04), (-0.04, 0.04), (-0.04, 0.04), (-0.04, 0.04), (-0.04, 0.04), (-0.04, 0.04), (-0.04, 0.04), (-0.04, 0.04), (-0.04, 0.04), (-0.04, 0.04), (-0.04, 0.04), (-0.04, 0.04), (-0.04, 0.04), (-0.04, 0.04), (-0.04, 0.04), (-0.04, 0.04), (-0.04, 0.04), (-0.04, 0.04), (0.98, 1.02), (-1e-05, 1e-05), (0.57, 0.67), (0.56, 0.66)]
