Best in last gen:
[ 6.32852814e-02  7.97860142e-02  9.33000934e-02 -1.83208435e-02
 -1.24649077e-01 -1.44256356e-02  3.64731087e-02 -1.22324752e-02
  4.03001716e-02 -2.88268907e-02 -9.47371053e-02 -7.66390782e-02
  1.26433886e-02  9.40177373e-02  2.76819107e-02  4.34077035e-02
 -5.77799002e-02 -1.19793774e-01 -5.46332711e-02  1.08519973e-01
 -2.16793596e-02 -4.55448244e-02  1.19754121e-02  5.35891160e-02
  5.59490982e-02 -3.06426751e-02  8.91213890e-02 -6.80502140e-04
 -7.90116354e-02 -2.04302882e-02  7.41724492e-03 -6.85885717e-02
  4.68424327e-03  2.94952756e-02  4.25395264e-02 -2.15458794e-03
 -4.90504390e-02 -1.12338523e-02  2.37405593e-02  6.37184524e-02
 -9.31637332e-03 -7.33550305e-02  2.49321589e-02  1.00672398e-02
  2.92928322e-02  5.90864279e-02  1.93637517e-02  4.48501880e-02
  9.99194747e-01 -4.94656243e-07  7.54283716e-02  1.94128316e-02]
Best fitness in last gen:
7.7011721299927e-07
GA calculation time:
245.12310004234314

Initial parameters
population size = 400
number of generations = 200
Real number of generations = 200
elitism = 2
crossover_rate = 0.95
mutation rate = 0.01
mutation range = [5.e-02 5.e-02 5.e-02 5.e-02 5.e-02 5.e-02 5.e-02 5.e-02 5.e-02 5.e-02
 5.e-02 5.e-02 5.e-02 5.e-02 5.e-02 5.e-02 5.e-02 5.e-02 5.e-02 5.e-02
 5.e-02 5.e-02 5.e-02 5.e-02 5.e-02 5.e-02 5.e-02 5.e-02 5.e-02 5.e-02
 5.e-02 5.e-02 5.e-02 5.e-02 5.e-02 5.e-02 5.e-02 5.e-02 5.e-02 5.e-02
 5.e-02 5.e-02 5.e-02 5.e-02 5.e-02 5.e-02 5.e-02 5.e-02 2.e-02 1.e-06
 1.e-02 1.e-02]
order = 3
gene ranges = [(-1, 1), (-1, 1), (-1, 1), (-1, 1), (-1, 1), (-1, 1), (-1, 1), (-1, 1), (-1, 1), (-1, 1), (-1, 1), (-1, 1), (-1, 1), (-1, 1), (-1, 1), (-1, 1), (-1, 1), (-1, 1), (-1, 1), (-1, 1), (-1, 1), (-1, 1), (-1, 1), (-1, 1), (-1, 1), (-1, 1), (-1, 1), (-1, 1), (-1, 1), (-1, 1), (-1, 1), (-1, 1), (-1, 1), (-1, 1), (-1, 1), (-1, 1), (-1, 1), (-1, 1), (-1, 1), (-1, 1), (-1, 1), (-1, 1), (-1, 1), (-1, 1), (-1, 1), (-1, 1), (-1, 1), (-1, 1), (0.98, 1.02), (-1e-05, 1e-05), (0.07, 0.08), (0.01, 0.03)]
