Best in last gen:
[-4.63120701e-02 -3.34544435e-02  4.49651348e-02 -1.28711657e-02
 -3.56728355e-02 -2.61714836e-03 -2.64212662e-02 -6.45455061e-02
 -5.11244447e-02 -6.73775251e-03 -1.22576304e-03  2.13785049e-03
  1.04538535e-02  8.39167129e-02 -4.46467228e-02  1.76790548e-02
 -4.62012826e-02 -3.35406381e-02  2.40243675e-02  1.25233487e-02
 -3.87177110e-02  1.98742998e-02 -1.54602330e-01  8.87323965e-02
  3.38520059e-02 -8.77472851e-03  2.62574886e-02 -2.07563506e-02
  5.99871022e-03 -6.64421098e-02  6.79877163e-02 -1.54968500e-02
  4.64520762e-02  1.05293913e-02 -2.22068563e-02 -5.94535649e-02
  9.16464087e-03  4.30374306e-02  3.82665195e-02  2.53219067e-02
  8.00004627e-02 -1.35703775e-01  3.31187167e-02  3.67845720e-02
 -2.08095439e-02  1.99694294e-02 -4.07656115e-02  2.05957587e-02
  1.00107905e+00 -1.75931036e-07 -3.61683953e-03  3.25952042e-03]
Best fitness in last gen:
1.0490890268871464e-06
GA calculation time:
205.82657551765442

Initial parameters
population size = 400
number of generations = 200
Real number of generations = 200
elitism = 2
crossover_rate = 0.95
mutation rate = 0.01
mutation range = [5.e-02 5.e-02 5.e-02 5.e-02 5.e-02 5.e-02 5.e-02 5.e-02 5.e-02 5.e-02
 5.e-02 5.e-02 5.e-02 5.e-02 5.e-02 5.e-02 5.e-02 5.e-02 5.e-02 5.e-02
 5.e-02 5.e-02 5.e-02 5.e-02 5.e-02 5.e-02 5.e-02 5.e-02 5.e-02 5.e-02
 5.e-02 5.e-02 5.e-02 5.e-02 5.e-02 5.e-02 5.e-02 5.e-02 5.e-02 5.e-02
 5.e-02 5.e-02 5.e-02 5.e-02 5.e-02 5.e-02 5.e-02 5.e-02 2.e-02 1.e-06
 1.e+00 1.e+00]
order = 3
gene ranges = [(-1, 1), (-1, 1), (-1, 1), (-1, 1), (-1, 1), (-1, 1), (-1, 1), (-1, 1), (-1, 1), (-1, 1), (-1, 1), (-1, 1), (-1, 1), (-1, 1), (-1, 1), (-1, 1), (-1, 1), (-1, 1), (-1, 1), (-1, 1), (-1, 1), (-1, 1), (-1, 1), (-1, 1), (-1, 1), (-1, 1), (-1, 1), (-1, 1), (-1, 1), (-1, 1), (-1, 1), (-1, 1), (-1, 1), (-1, 1), (-1, 1), (-1, 1), (-1, 1), (-1, 1), (-1, 1), (-1, 1), (-1, 1), (-1, 1), (-1, 1), (-1, 1), (-1, 1), (-1, 1), (-1, 1), (-1, 1), (0.98, 1.02), (-1e-05, 1e-05), (0.83, 0.93), (0.04, 0.14)]
