Best in last gen:
[ 3.32243848e-02 -1.32198933e-02  2.37579194e-02  8.07946132e-03
 -2.09564369e-03  1.37664086e-02 -1.76762625e-02  1.86498295e-02
  7.94225821e-02 -6.81632096e-03  2.65564400e-02 -2.41297346e-02
  1.49482357e-02 -6.89779305e-03 -4.40937624e-03  1.86396800e-02
  1.91786367e-02  1.18012749e-02  1.66758498e-02 -2.20833590e-02
 -4.75618233e-03  5.67495097e-03 -3.48372536e-02  1.93443986e-02
 -2.52650440e-02 -1.36980033e-02 -4.45485606e-03  2.74871422e-02
  2.19036566e-02 -1.70572200e-02 -2.97463298e-02  1.42974149e-02
 -3.24884608e-02  3.15189830e-02  2.10666245e-02 -3.90651595e-02
 -1.04731454e-02 -6.84045681e-02 -2.07277738e-02  1.74520886e-02
  2.46240382e-02 -1.08222644e-02 -9.52215800e-03  3.50824882e-02
  2.77786350e-02 -2.11476266e-02  1.95307817e-03 -6.19332486e-04
  9.97082390e-01  6.67943857e-06  8.86553988e+02  8.74440232e+02]
Best fitness in last gen:
1.3156310451028186e-06
GA calculation time:
54.57162833213806

Initial parameters
population size = 10000
number of generations = 1
Real number of generations = 1
elitism = 2
crossover_rate = 0.95
mutation rate = 0.01
mutation range = [5.e-02 5.e-02 5.e-02 5.e-02 5.e-02 5.e-02 5.e-02 5.e-02 5.e-02 5.e-02
 5.e-02 5.e-02 5.e-02 5.e-02 5.e-02 5.e-02 5.e-02 5.e-02 5.e-02 5.e-02
 5.e-02 5.e-02 5.e-02 5.e-02 5.e-02 5.e-02 5.e-02 5.e-02 5.e-02 5.e-02
 5.e-02 5.e-02 5.e-02 5.e-02 5.e-02 5.e-02 5.e-02 5.e-02 5.e-02 5.e-02
 5.e-02 5.e-02 5.e-02 5.e-02 5.e-02 5.e-02 5.e-02 5.e-02 2.e-02 1.e-06
 4.e-02 4.e-02]
order = 3
gene ranges = [(-0.04, 0.04), (-0.04, 0.04), (-0.04, 0.04), (-0.04, 0.04), (-0.04, 0.04), (-0.04, 0.04), (-0.04, 0.04), (-0.04, 0.04), (-0.04, 0.04), (-0.04, 0.04), (-0.04, 0.04), (-0.04, 0.04), (-0.04, 0.04), (-0.04, 0.04), (-0.04, 0.04), (-0.04, 0.04), (-0.04, 0.04), (-0.04, 0.04), (-0.04, 0.04), (-0.04, 0.04), (-0.04, 0.04), (-0.04, 0.04), (-0.04, 0.04), (-0.04, 0.04), (-0.04, 0.04), (-0.04, 0.04), (-0.04, 0.04), (-0.04, 0.04), (-0.04, 0.04), (-0.04, 0.04), (-0.04, 0.04), (-0.04, 0.04), (-0.04, 0.04), (-0.04, 0.04), (-0.04, 0.04), (-0.04, 0.04), (-0.04, 0.04), (-0.04, 0.04), (-0.04, 0.04), (-0.04, 0.04), (-0.04, 0.04), (-0.04, 0.04), (-0.04, 0.04), (-0.04, 0.04), (-0.04, 0.04), (-0.04, 0.04), (-0.04, 0.04), (-0.04, 0.04), (0.98, 1.02), (-1e-05, 1e-05), (885, 895), (865, 875)]
