Best in last gen:
[-3.78397552e-03  3.95031745e-02 -2.44335482e-03  2.04585604e-02
 -1.78162791e-02  1.00951241e-03 -3.27406606e-02  3.54344482e-02
  7.62482738e-03 -1.89196155e-02  1.82044676e-02 -8.07313756e-03
 -2.00736052e-02  7.19692790e-03  2.32499620e-02  2.52154934e-02
  2.82306117e-02 -1.09851013e-02  2.86504057e-02 -1.53005067e-02
  7.60818775e-03 -1.89142713e-02 -1.26772489e-02 -2.38444377e-03
  1.38055412e-02  2.50353600e-03  3.61521115e-03  2.27536655e-02
  3.71281243e-02  2.43989539e-02  3.95500351e-02 -3.08149845e-02
  3.88786963e-02  2.86788573e-02 -1.10615066e-02 -3.27535040e-02
 -3.38351664e-02 -3.58972336e-02 -1.90463013e-02 -3.72061915e-02
  3.52384986e-02 -1.94400651e-02 -3.83493850e-02  5.04259802e-03
 -1.54467699e-02  2.31828050e-03  2.97266092e-02 -8.25691345e-03
  1.00036987e+00 -8.50668221e-06  8.90609723e+02  8.70203045e+02]
Best fitness in last gen:
1.272550710829895e-06
GA calculation time:
61.83962845802307

Initial parameters
population size = 10000
number of generations = 1
Real number of generations = 1
elitism = 2
crossover_rate = 0.95
mutation rate = 0.01
mutation range = [5.e-02 5.e-02 5.e-02 5.e-02 5.e-02 5.e-02 5.e-02 5.e-02 5.e-02 5.e-02
 5.e-02 5.e-02 5.e-02 5.e-02 5.e-02 5.e-02 5.e-02 5.e-02 5.e-02 5.e-02
 5.e-02 5.e-02 5.e-02 5.e-02 5.e-02 5.e-02 5.e-02 5.e-02 5.e-02 5.e-02
 5.e-02 5.e-02 5.e-02 5.e-02 5.e-02 5.e-02 5.e-02 5.e-02 5.e-02 5.e-02
 5.e-02 5.e-02 5.e-02 5.e-02 5.e-02 5.e-02 5.e-02 5.e-02 2.e-02 1.e-06
 4.e-02 4.e-02]
order = 3
gene ranges = [(-0.04, 0.04), (-0.04, 0.04), (-0.04, 0.04), (-0.04, 0.04), (-0.04, 0.04), (-0.04, 0.04), (-0.04, 0.04), (-0.04, 0.04), (-0.04, 0.04), (-0.04, 0.04), (-0.04, 0.04), (-0.04, 0.04), (-0.04, 0.04), (-0.04, 0.04), (-0.04, 0.04), (-0.04, 0.04), (-0.04, 0.04), (-0.04, 0.04), (-0.04, 0.04), (-0.04, 0.04), (-0.04, 0.04), (-0.04, 0.04), (-0.04, 0.04), (-0.04, 0.04), (-0.04, 0.04), (-0.04, 0.04), (-0.04, 0.04), (-0.04, 0.04), (-0.04, 0.04), (-0.04, 0.04), (-0.04, 0.04), (-0.04, 0.04), (-0.04, 0.04), (-0.04, 0.04), (-0.04, 0.04), (-0.04, 0.04), (-0.04, 0.04), (-0.04, 0.04), (-0.04, 0.04), (-0.04, 0.04), (-0.04, 0.04), (-0.04, 0.04), (-0.04, 0.04), (-0.04, 0.04), (-0.04, 0.04), (-0.04, 0.04), (-0.04, 0.04), (-0.04, 0.04), (0.98, 1.02), (-1e-05, 1e-05), (885, 895), (865, 875)]
