Best in last gen:
[-5.85480572e-03 -2.67301208e-03 -2.37822827e-03 -3.19408212e-03
  1.84522485e-03  4.33259522e-03 -9.42090090e-03  1.48326628e-03
  2.74410780e-02 -1.25808507e-02  2.28442395e-01  7.83098494e-03
 -5.39527506e-02 -1.51220097e-03 -7.34275513e-04 -1.28290281e-03
  1.49350220e-01 -3.31278480e-03  5.30620733e-03 -1.07373936e-02
 -1.40292901e-02  1.37432500e-02  2.60421658e-03  2.25822938e-03
  1.25685141e-04 -1.23621071e-02  1.09241587e-02 -3.28718179e-03
  1.42431862e-02  1.14866337e-02  2.32805143e-02 -4.99457729e-02
 -5.12192325e-03  3.65231494e-02  3.30805216e-02 -7.53918709e-04
 -2.05343182e-02 -1.01683832e-01 -5.64091427e-03 -1.40682117e-02
 -1.38074566e-02 -1.28355685e-02 -8.58815258e-03 -2.92311916e-02
 -1.39642924e-03  5.69988581e-03  8.67344259e-02 -1.10921009e-02
  1.03583220e+00 -8.91223435e-07  6.20188369e-01  6.03240526e-01]
Best fitness in last gen:
1.2522913147226475e-05
GA calculation time:
333.0501823425293

Initial parameters
population size = 10
number of generations = 10000
Real number of generations = 10000
elitism = 2
crossover_rate = 0.95
mutation rate = 0.01
mutation range = [5.e-02 5.e-02 5.e-02 5.e-02 5.e-02 5.e-02 5.e-02 5.e-02 5.e-02 5.e-02
 5.e-02 5.e-02 5.e-02 5.e-02 5.e-02 5.e-02 5.e-02 5.e-02 5.e-02 5.e-02
 5.e-02 5.e-02 5.e-02 5.e-02 5.e-02 5.e-02 5.e-02 5.e-02 5.e-02 5.e-02
 5.e-02 5.e-02 5.e-02 5.e-02 5.e-02 5.e-02 5.e-02 5.e-02 5.e-02 5.e-02
 5.e-02 5.e-02 5.e-02 5.e-02 5.e-02 5.e-02 5.e-02 5.e-02 2.e-02 1.e-06
 4.e-02 4.e-02]
order = 3
gene ranges = [(-0.04, 0.04), (-0.04, 0.04), (-0.04, 0.04), (-0.04, 0.04), (-0.04, 0.04), (-0.04, 0.04), (-0.04, 0.04), (-0.04, 0.04), (-0.04, 0.04), (-0.04, 0.04), (-0.04, 0.04), (-0.04, 0.04), (-0.04, 0.04), (-0.04, 0.04), (-0.04, 0.04), (-0.04, 0.04), (-0.04, 0.04), (-0.04, 0.04), (-0.04, 0.04), (-0.04, 0.04), (-0.04, 0.04), (-0.04, 0.04), (-0.04, 0.04), (-0.04, 0.04), (-0.04, 0.04), (-0.04, 0.04), (-0.04, 0.04), (-0.04, 0.04), (-0.04, 0.04), (-0.04, 0.04), (-0.04, 0.04), (-0.04, 0.04), (-0.04, 0.04), (-0.04, 0.04), (-0.04, 0.04), (-0.04, 0.04), (-0.04, 0.04), (-0.04, 0.04), (-0.04, 0.04), (-0.04, 0.04), (-0.04, 0.04), (-0.04, 0.04), (-0.04, 0.04), (-0.04, 0.04), (-0.04, 0.04), (-0.04, 0.04), (-0.04, 0.04), (-0.04, 0.04), (0.98, 1.02), (-1e-05, 1e-05), (0.57, 0.67), (0.56, 0.66)]
