Best in last gen:
[-9.78279534e-03 -5.60995834e-03  6.03054231e-03 -5.63608165e-03
  4.88564420e-04 -1.93184862e-03 -1.43120030e-02 -1.79671921e-03
 -8.78661381e-03 -4.60843137e-03  9.32308953e-03 -4.94487833e-03
  4.71005121e-02  1.14030348e-03  4.53562691e-03  2.08724800e-02
  1.23320986e-02  5.48396097e-03  1.23462469e-01  4.48068842e-03
 -2.76929259e-03  1.60907304e-02 -2.92034907e-04  3.19576291e-03
  3.95461803e-03  5.45505322e-03 -6.76249272e-03 -1.52395535e-02
  8.98419669e-04 -1.44847529e-03 -1.26516288e-02  5.60127983e-03
  1.45766182e-03 -2.16503603e-01 -6.85786237e-03  5.59417252e-03
  2.67465830e-02  1.39865611e-02  2.30932481e-03 -1.19445308e-01
  2.44159544e-03 -3.57898404e-03 -9.12738135e-03  5.23650983e-02
 -4.21276673e-03  1.57119473e-02  6.51752418e-02  1.22992532e-02
  1.02867063e+00 -1.75031680e-06  6.31154650e-01  6.05201613e-01]
Best fitness in last gen:
7.026854883111367e-06
GA calculation time:
49.76531147956848

Initial parameters
population size = 10
number of generations = 1000
Real number of generations = 1000
elitism = 2
crossover_rate = 0.95
mutation rate = 0.01
mutation range = [5.e-02 5.e-02 5.e-02 5.e-02 5.e-02 5.e-02 5.e-02 5.e-02 5.e-02 5.e-02
 5.e-02 5.e-02 5.e-02 5.e-02 5.e-02 5.e-02 5.e-02 5.e-02 5.e-02 5.e-02
 5.e-02 5.e-02 5.e-02 5.e-02 5.e-02 5.e-02 5.e-02 5.e-02 5.e-02 5.e-02
 5.e-02 5.e-02 5.e-02 5.e-02 5.e-02 5.e-02 5.e-02 5.e-02 5.e-02 5.e-02
 5.e-02 5.e-02 5.e-02 5.e-02 5.e-02 5.e-02 5.e-02 5.e-02 2.e-02 1.e-06
 4.e-02 4.e-02]
order = 3
gene ranges = [(-0.04, 0.04), (-0.04, 0.04), (-0.04, 0.04), (-0.04, 0.04), (-0.04, 0.04), (-0.04, 0.04), (-0.04, 0.04), (-0.04, 0.04), (-0.04, 0.04), (-0.04, 0.04), (-0.04, 0.04), (-0.04, 0.04), (-0.04, 0.04), (-0.04, 0.04), (-0.04, 0.04), (-0.04, 0.04), (-0.04, 0.04), (-0.04, 0.04), (-0.04, 0.04), (-0.04, 0.04), (-0.04, 0.04), (-0.04, 0.04), (-0.04, 0.04), (-0.04, 0.04), (-0.04, 0.04), (-0.04, 0.04), (-0.04, 0.04), (-0.04, 0.04), (-0.04, 0.04), (-0.04, 0.04), (-0.04, 0.04), (-0.04, 0.04), (-0.04, 0.04), (-0.04, 0.04), (-0.04, 0.04), (-0.04, 0.04), (-0.04, 0.04), (-0.04, 0.04), (-0.04, 0.04), (-0.04, 0.04), (-0.04, 0.04), (-0.04, 0.04), (-0.04, 0.04), (-0.04, 0.04), (-0.04, 0.04), (-0.04, 0.04), (-0.04, 0.04), (-0.04, 0.04), (0.98, 1.02), (-1e-05, 1e-05), (0.57, 0.67), (0.56, 0.66)]
