Best in last gen:
[-2.45524493e-02 -2.14108677e-02  5.25758627e-03 -1.62026099e-02
  2.99408205e-02  3.08362558e-03 -3.88863977e-03  2.18427612e-02
  3.01719460e-02  5.71889758e-03 -1.42660275e-02  1.17397993e-03
  3.91742578e-02  1.12173691e-02  2.52354504e-02 -2.39872925e-02
 -2.47714502e-02  1.59698708e-02  3.76042501e-03 -8.05738400e-03
  7.74758180e-03  1.34990897e-02 -4.36079711e-03  2.36758398e-02
 -6.93433443e-03  1.03785950e-02  1.95977061e-02  2.40692571e-02
  1.50441501e-02 -3.85041879e-02 -4.25072011e-03 -1.07939667e-02
  9.30442690e-03 -1.43369003e-02 -3.49181579e-02  1.61251832e-03
  1.72783495e-02 -2.12745278e-02 -3.76424975e-02  6.71161061e-03
 -1.12179618e-02  6.88821725e-03 -3.02890308e-02 -1.51287657e-02
 -3.02648334e-02 -1.84051662e-02  1.86537628e-02  5.47641133e-04
  9.91696300e-01 -1.40730024e-06  6.18591216e-01  6.20170793e-01]
Best fitness in last gen:
1.2456431986525684e-06
GA calculation time:
47.832581996917725

Initial parameters
population size = 10000
number of generations = 1
Real number of generations = 1
elitism = 2
crossover_rate = 0.95
mutation rate = 0.01
mutation range = [5.e-02 5.e-02 5.e-02 5.e-02 5.e-02 5.e-02 5.e-02 5.e-02 5.e-02 5.e-02
 5.e-02 5.e-02 5.e-02 5.e-02 5.e-02 5.e-02 5.e-02 5.e-02 5.e-02 5.e-02
 5.e-02 5.e-02 5.e-02 5.e-02 5.e-02 5.e-02 5.e-02 5.e-02 5.e-02 5.e-02
 5.e-02 5.e-02 5.e-02 5.e-02 5.e-02 5.e-02 5.e-02 5.e-02 5.e-02 5.e-02
 5.e-02 5.e-02 5.e-02 5.e-02 5.e-02 5.e-02 5.e-02 5.e-02 2.e-02 1.e-06
 4.e-02 4.e-02]
order = 3
gene ranges = [(-0.04, 0.04), (-0.04, 0.04), (-0.04, 0.04), (-0.04, 0.04), (-0.04, 0.04), (-0.04, 0.04), (-0.04, 0.04), (-0.04, 0.04), (-0.04, 0.04), (-0.04, 0.04), (-0.04, 0.04), (-0.04, 0.04), (-0.04, 0.04), (-0.04, 0.04), (-0.04, 0.04), (-0.04, 0.04), (-0.04, 0.04), (-0.04, 0.04), (-0.04, 0.04), (-0.04, 0.04), (-0.04, 0.04), (-0.04, 0.04), (-0.04, 0.04), (-0.04, 0.04), (-0.04, 0.04), (-0.04, 0.04), (-0.04, 0.04), (-0.04, 0.04), (-0.04, 0.04), (-0.04, 0.04), (-0.04, 0.04), (-0.04, 0.04), (-0.04, 0.04), (-0.04, 0.04), (-0.04, 0.04), (-0.04, 0.04), (-0.04, 0.04), (-0.04, 0.04), (-0.04, 0.04), (-0.04, 0.04), (-0.04, 0.04), (-0.04, 0.04), (-0.04, 0.04), (-0.04, 0.04), (-0.04, 0.04), (-0.04, 0.04), (-0.04, 0.04), (-0.04, 0.04), (0.98, 1.02), (-1e-05, 1e-05), (0.57, 0.67), (0.56, 0.66)]
