Best in last gen:
[-1.94024848e-02  8.73586483e-03 -1.19323602e-02 -1.38794008e-02
 -1.01533809e-02  4.40156811e-03  2.77165306e-03  1.80446446e-02
  1.94363758e-02 -4.40134589e-03  1.91085906e-02  1.85722507e-02
 -7.16586413e-03 -1.04807233e-02 -6.44392919e-03 -2.10571401e-02
 -1.36525276e-02  1.94364976e-03 -1.48132571e-02 -5.60208286e-03
 -2.53799886e-02 -2.06753743e-02  1.56654603e-02  2.99723663e-02
 -5.27909882e-03 -9.14272421e-03  9.36364843e-03 -2.40031730e-02
  1.85754527e-02 -2.09761976e-02  2.14976787e-02  2.35707179e-02
 -3.45428323e-03 -1.31695346e-02 -6.26346484e-03  8.66554654e-03
  2.00167518e-02 -2.92853813e-02  2.89932672e-02 -2.36465593e-02
 -1.61749675e-03 -7.37357353e-03 -5.84247044e-03 -6.37612130e-03
  1.90243161e-02  1.21885393e-02  1.56726867e-02  1.27728006e-02
  1.01557969e+00  5.52739953e-06  8.92261663e+02  8.69268728e+02]
Best fitness in last gen:
1.0935902344053636e-06
GA calculation time:
3.8003952503204346

Initial parameters
population size = 400
number of generations = 1
Real number of generations = 1
elitism = 2
crossover_rate = 0.95
mutation rate = 0.01
mutation range = [5.e-02 5.e-02 5.e-02 5.e-02 5.e-02 5.e-02 5.e-02 5.e-02 5.e-02 5.e-02
 5.e-02 5.e-02 5.e-02 5.e-02 5.e-02 5.e-02 5.e-02 5.e-02 5.e-02 5.e-02
 5.e-02 5.e-02 5.e-02 5.e-02 5.e-02 5.e-02 5.e-02 5.e-02 5.e-02 5.e-02
 5.e-02 5.e-02 5.e-02 5.e-02 5.e-02 5.e-02 5.e-02 5.e-02 5.e-02 5.e-02
 5.e-02 5.e-02 5.e-02 5.e-02 5.e-02 5.e-02 5.e-02 5.e-02 2.e-02 1.e-06
 4.e-02 4.e-02]
order = 3
gene ranges = [(-0.04, 0.04), (-0.04, 0.04), (-0.04, 0.04), (-0.04, 0.04), (-0.04, 0.04), (-0.04, 0.04), (-0.04, 0.04), (-0.04, 0.04), (-0.04, 0.04), (-0.04, 0.04), (-0.04, 0.04), (-0.04, 0.04), (-0.04, 0.04), (-0.04, 0.04), (-0.04, 0.04), (-0.04, 0.04), (-0.04, 0.04), (-0.04, 0.04), (-0.04, 0.04), (-0.04, 0.04), (-0.04, 0.04), (-0.04, 0.04), (-0.04, 0.04), (-0.04, 0.04), (-0.04, 0.04), (-0.04, 0.04), (-0.04, 0.04), (-0.04, 0.04), (-0.04, 0.04), (-0.04, 0.04), (-0.04, 0.04), (-0.04, 0.04), (-0.04, 0.04), (-0.04, 0.04), (-0.04, 0.04), (-0.04, 0.04), (-0.04, 0.04), (-0.04, 0.04), (-0.04, 0.04), (-0.04, 0.04), (-0.04, 0.04), (-0.04, 0.04), (-0.04, 0.04), (-0.04, 0.04), (-0.04, 0.04), (-0.04, 0.04), (-0.04, 0.04), (-0.04, 0.04), (0.98, 1.02), (-1e-05, 1e-05), (885, 895), (865, 875)]
