Best in last gen:
[ 1.02856228e-01  1.25040611e-02 -3.10674999e-02 -1.13210897e-02
  2.31718858e-02 -6.27454898e-03 -2.04301489e-03  1.63596256e-02
  5.31827659e-02  2.46052616e-02  5.23694786e-02  1.02463238e-02
  5.86826383e-02  1.45415737e-02 -7.65029175e-04 -2.74973621e-02
  8.83074881e-02 -9.36772746e-03  1.25616192e-01  1.16218477e-02
 -2.26215430e-02  2.60473315e-01  5.52587543e-03  3.97116612e-02
 -1.46868055e-02 -3.19190615e-03 -1.11388715e-03 -4.92162558e-02
  1.39541056e-02  1.07161069e-02 -8.34665577e-03  5.37229089e-02
 -2.28710390e-02  1.44768079e-02  1.71303151e-02  2.81851699e-02
 -7.41359855e-02 -3.66491771e-02  6.58305768e-03 -1.03841658e-01
 -1.66136404e-02 -2.91747561e-02 -2.22439706e-03 -2.02549202e-02
  7.60417135e-02  1.62585215e-02 -2.57241988e-02  7.46437914e-03
  1.01653510e+00 -3.81058592e-06  6.07092006e-01  6.13746982e-01]
Best fitness in last gen:
4.523513437021514e-05
GA calculation time:
215.09004926681519

Initial parameters
population size = 10
number of generations = 10000
Real number of generations = 10000
elitism = 2
crossover_rate = 0.95
mutation rate = 0.01
mutation range = [5.e-02 5.e-02 5.e-02 5.e-02 5.e-02 5.e-02 5.e-02 5.e-02 5.e-02 5.e-02
 5.e-02 5.e-02 5.e-02 5.e-02 5.e-02 5.e-02 5.e-02 5.e-02 5.e-02 5.e-02
 5.e-02 5.e-02 5.e-02 5.e-02 5.e-02 5.e-02 5.e-02 5.e-02 5.e-02 5.e-02
 5.e-02 5.e-02 5.e-02 5.e-02 5.e-02 5.e-02 5.e-02 5.e-02 5.e-02 5.e-02
 5.e-02 5.e-02 5.e-02 5.e-02 5.e-02 5.e-02 5.e-02 5.e-02 2.e-02 1.e-06
 4.e-02 4.e-02]
order = 3
gene ranges = [(-0.04, 0.04), (-0.04, 0.04), (-0.04, 0.04), (-0.04, 0.04), (-0.04, 0.04), (-0.04, 0.04), (-0.04, 0.04), (-0.04, 0.04), (-0.04, 0.04), (-0.04, 0.04), (-0.04, 0.04), (-0.04, 0.04), (-0.04, 0.04), (-0.04, 0.04), (-0.04, 0.04), (-0.04, 0.04), (-0.04, 0.04), (-0.04, 0.04), (-0.04, 0.04), (-0.04, 0.04), (-0.04, 0.04), (-0.04, 0.04), (-0.04, 0.04), (-0.04, 0.04), (-0.04, 0.04), (-0.04, 0.04), (-0.04, 0.04), (-0.04, 0.04), (-0.04, 0.04), (-0.04, 0.04), (-0.04, 0.04), (-0.04, 0.04), (-0.04, 0.04), (-0.04, 0.04), (-0.04, 0.04), (-0.04, 0.04), (-0.04, 0.04), (-0.04, 0.04), (-0.04, 0.04), (-0.04, 0.04), (-0.04, 0.04), (-0.04, 0.04), (-0.04, 0.04), (-0.04, 0.04), (-0.04, 0.04), (-0.04, 0.04), (-0.04, 0.04), (-0.04, 0.04), (0.98, 1.02), (-1e-05, 1e-05), (0.57, 0.67), (0.56, 0.66)]
