Best in last gen:
[-1.68992573e-04 -7.49535029e-03 -9.48021992e-03  2.43301270e-02
 -1.23739994e-02 -3.90719032e-02 -9.43464971e-05  3.20932589e-02
  1.83072625e-02  1.62097440e-02 -3.12263820e-02 -8.69415239e-03
  7.14644696e-05  1.97267067e-02 -5.76951956e-03 -1.23462437e-02
  6.38691388e-02  2.09102439e-02  2.35655630e-02  1.00550929e-02
  6.67014038e-02 -1.56013152e-02  4.48097570e-03 -7.49360814e-03
 -8.93594651e-03  4.21422982e-02  1.67961832e-03  1.07968408e-04
  8.29057613e-03 -1.30747933e-02 -4.42407728e-02 -6.04415153e-04
  6.64950810e-03  1.11394733e-02  2.73490178e-02  3.18482498e-04
 -1.12530741e-02 -1.00139235e-02  2.04234515e-02 -3.72918883e-03
 -1.00617590e-02 -1.46118020e-02 -1.36237926e-02 -3.13139547e-03
 -3.13259401e-04  1.95979618e-02 -1.46248051e-02  6.39933111e-03
  6.78690554e-03  8.75234769e-03  3.05460529e-02  7.43417492e-03
  6.57874283e-03 -9.61486600e-03  1.02858602e-02 -1.13588935e-02
 -4.23942717e-03  5.36794072e-03  3.93796810e-02  1.21618324e-02
  2.20316465e-02 -7.89615610e-03 -1.31173370e-02 -1.99328265e-02
  1.73534731e-02  3.01203324e-02  1.18026003e-02  6.25571477e-03
  9.09358475e-03  5.13852001e-04 -3.72508187e-02  1.36458040e-02
  3.42774871e-02 -3.53137908e-03  3.57516749e-03  1.49170560e-03
  1.02087631e-02  3.82573752e-04  4.55790182e-03 -1.35474054e-02
 -7.40613898e-02  1.15504286e-02 -1.55805712e-02  5.77593567e-03
 -2.04547581e-02  7.46183876e-03  4.01201516e-02  3.63569593e-03
  4.56986565e-03  1.09037001e-02  8.98624762e-05  2.12345022e-02
  1.26055732e-03  2.22012364e-03 -1.07366855e-02 -1.40735417e-02
 -1.63542781e-02 -3.85820314e-03  4.21761893e-03  1.48874222e-03
 -8.91920284e-03  6.68139490e-03  2.93431619e-02 -1.44404910e-02
  5.02140809e-03  2.56451266e-03  1.72433632e-03  1.20573213e-02
  6.75763991e-03 -1.82496385e-02 -6.15851451e-02 -3.28157525e-02
 -2.24367814e-02 -2.72188979e-02 -2.67313823e-02  1.69318024e-02
  1.68411602e-02  1.45583308e-02  3.53717232e-02  3.56268468e-03
  1.00771059e+00 -6.38626793e-06  1.26590025e+00  5.85561693e-01]
Best fitness in last gen:
0.0003837645494029762
GA calculation time:
77386.71921610832

Initial parameters
population size = 500
number of generations = 50000
Real number of generations = 50000
elitism = 2
crossover_rate = 0.95
mutation rate = 0.01
mutation range = [3.e-02 3.e-02 3.e-02 3.e-02 3.e-02 3.e-02 3.e-02 3.e-02 3.e-02 3.e-02
 3.e-02 3.e-02 3.e-02 3.e-02 3.e-02 3.e-02 3.e-02 3.e-02 3.e-02 3.e-02
 3.e-02 3.e-02 3.e-02 3.e-02 3.e-02 3.e-02 3.e-02 3.e-02 3.e-02 3.e-02
 3.e-02 3.e-02 3.e-02 3.e-02 3.e-02 3.e-02 3.e-02 3.e-02 3.e-02 3.e-02
 3.e-02 3.e-02 3.e-02 3.e-02 3.e-02 3.e-02 3.e-02 3.e-02 3.e-02 3.e-02
 3.e-02 3.e-02 3.e-02 3.e-02 3.e-02 3.e-02 3.e-02 3.e-02 3.e-02 3.e-02
 3.e-02 3.e-02 3.e-02 3.e-02 3.e-02 3.e-02 3.e-02 3.e-02 3.e-02 3.e-02
 3.e-02 3.e-02 3.e-02 3.e-02 3.e-02 3.e-02 3.e-02 3.e-02 3.e-02 3.e-02
 3.e-02 3.e-02 3.e-02 3.e-02 3.e-02 3.e-02 3.e-02 3.e-02 3.e-02 3.e-02
 3.e-02 3.e-02 3.e-02 3.e-02 3.e-02 3.e-02 3.e-02 3.e-02 3.e-02 3.e-02
 3.e-02 3.e-02 3.e-02 3.e-02 3.e-02 3.e-02 3.e-02 3.e-02 3.e-02 3.e-02
 3.e-02 3.e-02 3.e-02 3.e-02 3.e-02 3.e-02 3.e-02 3.e-02 3.e-02 3.e-02
 2.e-02 1.e-06 2.e-02 2.e-02]
order = 5
gene ranges = [(-0.03, 0.03), (-0.03, 0.03), (-0.03, 0.03), (-0.03, 0.03), (-0.03, 0.03), (-0.03, 0.03), (-0.03, 0.03), (-0.03, 0.03), (-0.03, 0.03), (-0.03, 0.03), (-0.03, 0.03), (-0.03, 0.03), (-0.03, 0.03), (-0.03, 0.03), (-0.03, 0.03), (-0.03, 0.03), (-0.03, 0.03), (-0.03, 0.03), (-0.03, 0.03), (-0.03, 0.03), (-0.03, 0.03), (-0.03, 0.03), (-0.03, 0.03), (-0.03, 0.03), (-0.03, 0.03), (-0.03, 0.03), (-0.03, 0.03), (-0.03, 0.03), (-0.03, 0.03), (-0.03, 0.03), (-0.03, 0.03), (-0.03, 0.03), (-0.03, 0.03), (-0.03, 0.03), (-0.03, 0.03), (-0.03, 0.03), (-0.03, 0.03), (-0.03, 0.03), (-0.03, 0.03), (-0.03, 0.03), (-0.03, 0.03), (-0.03, 0.03), (-0.03, 0.03), (-0.03, 0.03), (-0.03, 0.03), (-0.03, 0.03), (-0.03, 0.03), (-0.03, 0.03), (-0.03, 0.03), (-0.03, 0.03), (-0.03, 0.03), (-0.03, 0.03), (-0.03, 0.03), (-0.03, 0.03), (-0.03, 0.03), (-0.03, 0.03), (-0.03, 0.03), (-0.03, 0.03), (-0.03, 0.03), (-0.03, 0.03), (-0.03, 0.03), (-0.03, 0.03), (-0.03, 0.03), (-0.03, 0.03), (-0.03, 0.03), (-0.03, 0.03), (-0.03, 0.03), (-0.03, 0.03), (-0.03, 0.03), (-0.03, 0.03), (-0.03, 0.03), (-0.03, 0.03), (-0.03, 0.03), (-0.03, 0.03), (-0.03, 0.03), (-0.03, 0.03), (-0.03, 0.03), (-0.03, 0.03), (-0.03, 0.03), (-0.03, 0.03), (-0.03, 0.03), (-0.03, 0.03), (-0.03, 0.03), (-0.03, 0.03), (-0.03, 0.03), (-0.03, 0.03), (-0.03, 0.03), (-0.03, 0.03), (-0.03, 0.03), (-0.03, 0.03), (-0.03, 0.03), (-0.03, 0.03), (-0.03, 0.03), (-0.03, 0.03), (-0.03, 0.03), (-0.03, 0.03), (-0.03, 0.03), (-0.03, 0.03), (-0.03, 0.03), (-0.03, 0.03), (-0.03, 0.03), (-0.03, 0.03), (-0.03, 0.03), (-0.03, 0.03), (-0.03, 0.03), (-0.03, 0.03), (-0.03, 0.03), (-0.03, 0.03), (-0.03, 0.03), (-0.03, 0.03), (-0.03, 0.03), (-0.03, 0.03), (-0.03, 0.03), (-0.03, 0.03), (-0.03, 0.03), (-0.03, 0.03), (-0.03, 0.03), (-0.03, 0.03), (-0.03, 0.03), (-0.03, 0.03), (0.98, 1.02), (-1e-05, 1e-05), (1.24, 1.28), (0.56, 0.6)]