Best in last gen:
[ 3.35967337e-02  1.52916229e-02  1.21924301e-02  7.83705110e-03
 -3.56248620e-02  4.62718047e-02 -2.37661793e-03  2.05740333e-02
 -1.03067404e-02 -3.16216709e-02  2.65753177e-02 -2.62467220e-03
  6.16044623e-04  1.91589172e-03  2.17215276e-02  2.99181092e-02
  1.26361973e-02 -5.79284505e-03  1.31523384e-02  2.44938926e-02
 -3.50448410e-02 -1.50521797e-02  7.02457150e-03 -1.94376549e-02
  1.21605269e-02  2.03799150e-03  5.54345349e-03  1.68404050e-02
 -8.76773190e-03 -3.85682500e-03 -2.06336372e-02  3.62840747e-02
  1.72890332e-02 -1.48998570e-02 -2.58184104e-02 -1.33912324e-02
  1.26447554e-02 -3.48069706e-03  4.17843510e-03 -4.06982105e-03
 -3.53685048e-02  1.91886222e-02 -2.02286447e-02  4.48297653e-03
  1.54078138e-02  7.31183517e-03 -3.43900500e-02  8.91605864e-03
  1.00369508e+00  2.59194095e-07  5.98814494e-01  3.30872307e-01]
Best fitness in last gen:
7.182106423784922e-07
GA calculation time:
343.59915018081665

Initial parameters
population size = 300
number of generations = 1000
Real number of generations = 1000
elitism = 2
crossover_rate = 0.95
mutation rate = 0.01
mutation range = [4.e-02 4.e-02 4.e-02 4.e-02 4.e-02 4.e-02 4.e-02 4.e-02 4.e-02 4.e-02
 4.e-02 4.e-02 4.e-02 4.e-02 4.e-02 4.e-02 4.e-02 4.e-02 4.e-02 4.e-02
 4.e-02 4.e-02 4.e-02 4.e-02 4.e-02 4.e-02 4.e-02 4.e-02 4.e-02 4.e-02
 4.e-02 4.e-02 4.e-02 4.e-02 4.e-02 4.e-02 4.e-02 4.e-02 4.e-02 4.e-02
 4.e-02 4.e-02 4.e-02 4.e-02 4.e-02 4.e-02 4.e-02 4.e-02 2.e-02 1.e-06
 2.e-02 2.e-02]
order = 3
gene ranges = [(-0.1, 0.1), (-0.1, 0.1), (-0.1, 0.1), (-0.1, 0.1), (-0.1, 0.1), (-0.1, 0.1), (-0.1, 0.1), (-0.1, 0.1), (-0.1, 0.1), (-0.1, 0.1), (-0.1, 0.1), (-0.1, 0.1), (-0.1, 0.1), (-0.1, 0.1), (-0.1, 0.1), (-0.1, 0.1), (-0.1, 0.1), (-0.1, 0.1), (-0.1, 0.1), (-0.1, 0.1), (-0.1, 0.1), (-0.1, 0.1), (-0.1, 0.1), (-0.1, 0.1), (-0.1, 0.1), (-0.1, 0.1), (-0.1, 0.1), (-0.1, 0.1), (-0.1, 0.1), (-0.1, 0.1), (-0.1, 0.1), (-0.1, 0.1), (-0.1, 0.1), (-0.1, 0.1), (-0.1, 0.1), (-0.1, 0.1), (-0.1, 0.1), (-0.1, 0.1), (-0.1, 0.1), (-0.1, 0.1), (-0.1, 0.1), (-0.1, 0.1), (-0.1, 0.1), (-0.1, 0.1), (-0.1, 0.1), (-0.1, 0.1), (-0.1, 0.1), (-0.1, 0.1), (0.98, 1.02), (-1e-05, 1e-05), (0.55, 0.65), (0.28, 0.38)]
