Best in last gen:
[-4.12368137e-02  1.43060494e-02  3.48930851e-02 -2.23828706e-02
  1.06852716e-02  6.13002433e-04 -7.38977659e-03 -3.73937601e-02
 -4.61319606e-03  2.69386054e-03  3.64102698e-02 -2.37895422e-03
 -1.70403200e-02  5.56495599e-02  5.57163105e-02 -1.43595894e-03
 -3.60959943e-02  4.51351933e-04 -4.06379483e-03  2.88067895e-03
  7.58114748e-03 -2.92408522e-02  1.48271539e-02 -2.32024474e-02
  6.52469883e-03 -3.84326071e-04 -8.17747719e-03 -2.61482520e-02
 -2.99493756e-02 -1.38959922e-02  8.85460806e-03 -1.12486691e-02
 -1.19852837e-02 -3.62133174e-02  5.55049517e-02 -4.45959901e-02
 -2.73448378e-02  2.20453789e-02  3.69470969e-03 -5.81287845e-03
  2.47916588e-02  3.75068562e-03 -1.60510469e-02  6.02568344e-02
  1.38608722e-02  2.24459028e-03 -1.71392930e-03 -3.21427750e-02
  1.00365132e+00  2.97490909e-06  7.34898143e-01  5.80927203e-01]
Best fitness in last gen:
9.958667928007362e-06
GA calculation time:
2139.8209867477417

Initial parameters
population size = 100
number of generations = 10000
Real number of generations = 10000
elitism = 2
crossover_rate = 0.95
mutation rate = 0.01
mutation range = [4.e-02 4.e-02 4.e-02 4.e-02 4.e-02 4.e-02 4.e-02 4.e-02 4.e-02 4.e-02
 4.e-02 4.e-02 4.e-02 4.e-02 4.e-02 4.e-02 4.e-02 4.e-02 4.e-02 4.e-02
 4.e-02 4.e-02 4.e-02 4.e-02 4.e-02 4.e-02 4.e-02 4.e-02 4.e-02 4.e-02
 4.e-02 4.e-02 4.e-02 4.e-02 4.e-02 4.e-02 4.e-02 4.e-02 4.e-02 4.e-02
 4.e-02 4.e-02 4.e-02 4.e-02 4.e-02 4.e-02 4.e-02 4.e-02 2.e-02 1.e-06
 2.e-02 2.e-02]
order = 3
gene ranges = [(-0.1, 0.1), (-0.1, 0.1), (-0.1, 0.1), (-0.1, 0.1), (-0.1, 0.1), (-0.1, 0.1), (-0.1, 0.1), (-0.1, 0.1), (-0.1, 0.1), (-0.1, 0.1), (-0.1, 0.1), (-0.1, 0.1), (-0.1, 0.1), (-0.1, 0.1), (-0.1, 0.1), (-0.1, 0.1), (-0.1, 0.1), (-0.1, 0.1), (-0.1, 0.1), (-0.1, 0.1), (-0.1, 0.1), (-0.1, 0.1), (-0.1, 0.1), (-0.1, 0.1), (-0.1, 0.1), (-0.1, 0.1), (-0.1, 0.1), (-0.1, 0.1), (-0.1, 0.1), (-0.1, 0.1), (-0.1, 0.1), (-0.1, 0.1), (-0.1, 0.1), (-0.1, 0.1), (-0.1, 0.1), (-0.1, 0.1), (-0.1, 0.1), (-0.1, 0.1), (-0.1, 0.1), (-0.1, 0.1), (-0.1, 0.1), (-0.1, 0.1), (-0.1, 0.1), (-0.1, 0.1), (-0.1, 0.1), (-0.1, 0.1), (-0.1, 0.1), (-0.1, 0.1), (0.98, 1.02), (-1e-05, 1e-05), (0.71, 0.75), (0.55, 0.59)]
