Best in last gen:
[-0.05631173 -0.01762745  0.04844221  0.00758284  0.02212548 -0.0072846
 -0.034519    0.02909932 -0.00944722  0.02905845 -0.03406226 -0.01712285
  0.01200337 -0.00510163 -0.004278    0.01096862  0.00948821  0.00491467
  0.0160947  -0.00589001 -0.00221268  0.07048777  0.001545    0.00795278
 -0.00309303 -0.04623158  0.02783162 -0.10016229  0.04645346 -0.02941828
 -0.07021877  0.00301919  0.00291985 -0.08212036  0.00780127 -0.00488577
  0.02892614  0.00792054 -0.00314092 -0.00596921 -0.0070927   0.00682095
 -0.05561198 -0.04548532 -0.03551206  0.16416597  0.05794698 -0.009624
  1.01009472  1.0972953   0.85076585  1.34653709]
Best fitness in last gen:
0.001004998787693053

Best in all:
[-0.05631173 -0.01762745  0.04844221  0.00758284  0.02212548 -0.0072846
 -0.034519    0.02909932 -0.00944722  0.02905845 -0.03406226 -0.01712285
  0.01200337 -0.00510163 -0.004278    0.01096862  0.00948821  0.00491467
  0.0160947  -0.00589001 -0.00221268  0.07048777  0.001545    0.00795278
 -0.00309303 -0.04623158  0.02783162 -0.10016229  0.04645346 -0.02941828
 -0.07021877  0.00301919  0.00291985 -0.08212036  0.00780127 -0.00488577
  0.02892614  0.00792054 -0.00314092 -0.00596921 -0.0070927   0.00682095
 -0.05561198 -0.04548532 -0.03551206  0.16416597  0.05794698 -0.009624
  1.01009472  1.0972953   0.85076585  1.34653709]
Best fitness in all:
0.001004998787693053
GA calculation time:
27481.292107582092

Initial parameters
population size = 500
number of generations = 1000000
Real number of generations = 43368
elitism = 2
crossover_rate = 0.95
mutation rate = 0.007
mutation range = 0.1
order = 3
gene ranges = ((-0.1, 0.1), (0.98, 1.02), (-2, 2), (0.65, 1.05), (1.2, 1.6))
