Best in last gen:
[ 1.76842375e-02 -1.94880164e-02  5.04314387e-02  3.82783884e-02
  1.04643917e-01  9.05222885e-02  1.23789722e-02 -3.38476475e-02
  3.38383669e-02 -1.49435947e-02  9.37477290e-02 -5.64638043e-02
  2.99373365e-02  5.86891268e-02  3.00652626e-03  1.95647652e-02
 -3.90118099e-03 -1.08059811e-02  3.06266284e-02 -3.77709317e-03
  6.59306082e-03  4.21502205e-03  1.13902623e-02 -1.29016281e-02
 -1.94250364e-02 -4.12443833e-02 -6.28410583e-02 -1.23943891e-02
  8.49365008e-02 -9.10461685e-03 -4.23782137e-02 -1.01093569e-02
  2.10652084e-02  4.55087539e-02 -5.05752145e-03  1.34272094e-02
 -3.85744146e-02  7.22760222e-03 -1.16266383e-02 -5.90997974e-03
  6.13961656e-04 -2.19418088e-02  1.01089656e-02 -2.66104628e-02
 -2.24423068e-02 -7.49481612e-03 -3.26030509e-02  3.27807473e-02
  1.00712986e+00 -9.87349430e-02  6.16883978e-01  1.28019428e+00]
Best fitness in last gen:
7.83738465695213e-07

Best in all:
[ 1.76842375e-02 -1.94880164e-02  5.04314387e-02  3.82783884e-02
  1.04643917e-01  9.05222885e-02  1.23789722e-02 -3.38476475e-02
  3.38383669e-02 -1.49435947e-02  9.37477290e-02 -5.64638043e-02
  2.99373365e-02  5.86891268e-02  3.00652626e-03  1.95647652e-02
 -3.90118099e-03 -1.08059811e-02  3.06266284e-02 -3.77709317e-03
  6.59306082e-03  4.21502205e-03  1.13902623e-02 -1.29016281e-02
 -1.94250364e-02 -4.12443833e-02 -6.28410583e-02 -1.23943891e-02
  8.49365008e-02 -9.10461685e-03 -4.23782137e-02 -1.01093569e-02
  2.10652084e-02  4.55087539e-02 -5.05752145e-03  1.34272094e-02
 -3.85744146e-02  7.22760222e-03 -1.16266383e-02 -5.90997974e-03
  6.13961656e-04 -2.19418088e-02  1.01089656e-02 -2.66104628e-02
 -2.24423068e-02 -7.49481612e-03 -3.26030509e-02  3.27807473e-02
  1.00712986e+00 -9.87349430e-02  6.16883978e-01  1.28019428e+00]
Best fitness in all:
7.83738465695213e-07
GA calculation time:
24.468454837799072

Initial parameters
population size = 15
number of generations = 1000
Real number of generations = 1000
elitism = 2
crossover_rate = 0.95
mutation rate = 0.007
mutation range = 0.1
order = 3
gene ranges = ((-0.1, 0.1), (0.98, 1.02), (-2, 2), (0.55, 0.65), (1.2, 1.3))
