Best in last gen:
[ 1.66348682e-01  7.23605710e-04 -2.48791058e-02  3.91046706e-02
  1.56184860e-02  4.69600852e-02  5.47176293e-02  5.40384416e-02
 -4.88802379e-02  9.00561185e-03 -3.04819423e-02  1.50084217e-02
  1.66256833e-02  2.00922999e-02  2.31585280e-02  2.23423118e-02
  4.17554449e-02  1.30898209e-02 -8.92125077e-03  1.19198371e-02
  3.71145892e-03 -5.35946374e-02  1.07588782e-02  4.02720524e-02
 -2.54535949e-02  3.68117032e-02 -2.81518254e-02 -1.51629564e-02
 -9.05195787e-03  3.83547692e-02  4.33703030e-02  3.37302967e-02
  7.79302477e-03  1.54168684e-02  1.94143994e-02  3.82359274e-02
 -1.45985022e-02  2.35161375e-02 -6.49915939e-03  1.39640016e-02
 -3.30405268e-02  5.12514463e-02 -7.50223962e-02 -6.58855089e-02
  2.28037998e-02  4.29583846e-02  2.41858329e-02  1.18003521e-02
  9.87076835e-01 -1.12213576e-01  8.35816354e-01  1.33165197e+00]
Best fitness in last gen:
1.1245416069074714e-06

Best in all:
[ 1.66348682e-01  7.23605710e-04 -2.48791058e-02  3.91046706e-02
  1.56184860e-02  4.69600852e-02  5.47176293e-02  5.40384416e-02
 -4.88802379e-02  9.00561185e-03 -3.04819423e-02  1.50084217e-02
  1.66256833e-02  2.00922999e-02  2.31585280e-02  2.23423118e-02
  4.17554449e-02  1.30898209e-02 -8.92125077e-03  1.19198371e-02
  3.71145892e-03 -5.35946374e-02  1.07588782e-02  4.02720524e-02
 -2.54535949e-02  3.68117032e-02 -2.81518254e-02 -1.51629564e-02
 -9.05195787e-03  3.83547692e-02  4.33703030e-02  3.37302967e-02
  7.79302477e-03  1.54168684e-02  1.94143994e-02  3.82359274e-02
 -1.45985022e-02  2.35161375e-02 -6.49915939e-03  1.39640016e-02
 -3.30405268e-02  5.12514463e-02 -7.50223962e-02 -6.58855089e-02
  2.28037998e-02  4.29583846e-02  2.41858329e-02  1.18003521e-02
  9.87076835e-01 -1.12213576e-01  8.35816354e-01  1.33165197e+00]
Best fitness in all:
1.1245416069074714e-06
GA calculation time:
3433.4161920547485

Initial parameters
population size = 200
number of generations = 10000
Real number of generations = 10000
elitism = 2
crossover_rate = 0.95
mutation rate = 0.007
mutation range = 0.1
order = 3
gene ranges = ((-0.1, 0.1), (0.98, 1.02), (-2, 2), (0.75, 0.95), (1.2, 1.4))
