Best in last gen:
[ 1.35262275e-02  5.27551556e-02 -7.74616044e-03 -1.60484252e-02
  6.55770747e-04 -1.68095683e-03 -3.10901268e-03  6.58595489e-03
 -1.93480665e-03  3.26908214e-03  3.28757563e-03  4.69389375e-03
  1.84216584e-03 -2.83278970e-03 -2.23738752e-02  7.76374955e-03
  7.26942844e-03 -3.83906183e-03  2.78081610e-03 -8.48763793e-03
 -4.23892117e-02  5.20240508e-02  8.76609662e-03 -1.49156143e-02
  4.54988881e-03 -6.11386889e-02  2.06015692e-02 -7.19418659e-02
  2.38382366e-02 -1.32339809e-02 -8.22531526e-03  3.96598675e-03
 -2.40967747e-02 -1.18914630e-02 -1.69831358e-03 -7.24867201e-03
 -2.99177576e-02  1.10731574e-02  3.35928521e-03 -1.41444681e-02
  4.29501325e-03  1.65609725e-02 -5.75944422e-02 -5.89965310e-02
 -4.76013955e-03  1.64171746e-02 -2.80522355e-02  1.65797555e-02
  9.94103065e-01 -1.55551048e+00  1.23044029e+00  6.00858095e-01]
Best fitness in last gen:
9.774676946676972e-06

Best in all:
[ 1.35262275e-02  5.27551556e-02 -7.74616044e-03 -1.60484252e-02
  6.55770747e-04 -1.68095683e-03 -3.10901268e-03  6.58595489e-03
 -1.93480665e-03  3.26908214e-03  3.28757563e-03  4.69389375e-03
  1.84216584e-03 -2.83278970e-03 -2.23738752e-02  7.76374955e-03
  7.26942844e-03 -3.83906183e-03  2.78081610e-03 -8.48763793e-03
 -4.23892117e-02  5.20240508e-02  8.76609662e-03 -1.49156143e-02
  4.54988881e-03 -6.11386889e-02  2.06015692e-02 -7.19418659e-02
  2.38382366e-02 -1.32339809e-02 -8.22531526e-03  3.96598675e-03
 -2.40967747e-02 -1.18914630e-02 -1.69831358e-03 -7.24867201e-03
 -2.99177576e-02  1.10731574e-02  3.35928521e-03 -1.41444681e-02
  4.29501325e-03  1.65609725e-02 -5.75944422e-02 -5.89965310e-02
 -4.76013955e-03  1.64171746e-02 -2.80522355e-02  1.65797555e-02
  9.94103065e-01 -1.55551048e+00  1.23044029e+00  6.00858095e-01]
Best fitness in all:
9.774676946676972e-06
GA calculation time:
464.91270446777344

Initial parameters
population size = 500
number of generations = 1000
Real number of generations = 1000
elitism = 2
crossover_rate = 0.95
mutation rate = 0.02
mutation range = [0.1  0.1  0.1  0.1  0.1  0.1  0.1  0.1  0.1  0.1  0.1  0.1  0.1  0.1
 0.1  0.1  0.1  0.1  0.1  0.1  0.1  0.1  0.1  0.1  0.1  0.1  0.1  0.1
 0.1  0.1  0.1  0.1  0.1  0.1  0.1  0.1  0.1  0.1  0.1  0.1  0.1  0.1
 0.1  0.1  0.1  0.1  0.1  0.1  0.04 3.6  0.1  0.1 ]
order = 3
gene ranges = ((-0.05, 0.05), (0.98, 1.02), (-0.8, 0.8), (1.2, 1.3), (0.55, 0.65))
