Best in last gen:
[ 1.05066265e-02 -4.64416687e-02 -1.97631271e-02 -1.42620329e-02
 -1.36454727e-03  6.34836923e-03  1.57189208e-02 -5.90999648e-03
  2.87190487e-02  1.15594074e-02 -1.38711928e-02  2.85610210e-02
  1.10240463e-01  2.03121717e-02  7.31222785e-03 -2.92896868e-02
  1.84683529e-02  5.14778873e-03  2.44111551e-02  1.95457707e-02
 -3.97524405e-03 -2.28604791e-03  1.84465463e-02  1.90728394e-02
 -4.13747865e-03  1.77373283e-02 -1.76889310e-02  2.17517183e-02
 -3.67542829e-03  1.23967030e-02 -9.02889258e-02 -2.02805604e-02
  3.10962336e-02 -1.05275326e-02 -1.34222523e-02 -7.45817622e-03
  2.64116336e-02 -3.93648315e-03 -7.77077139e-03  6.56063514e-03
  3.24889494e-03  3.56227349e-04 -9.17439074e-03 -3.72855383e-03
 -3.08437631e-02 -1.62319797e-02 -1.84011804e-03  2.77063441e-03
  9.99322785e-01 -1.38460466e-06  7.59724050e-01  3.31343713e-01]
Best fitness in last gen:
8.880535032903526e-10
GA calculation time:
998.5029289722443

Initial parameters
population size = 300
number of generations = 2000
Real number of generations = 2000
elitism = 2
crossover_rate = 0.95
mutation rate = 0.01
mutation range = [4.e-02 4.e-02 4.e-02 4.e-02 4.e-02 4.e-02 4.e-02 4.e-02 4.e-02 4.e-02
 4.e-02 4.e-02 4.e-02 4.e-02 4.e-02 4.e-02 4.e-02 4.e-02 4.e-02 4.e-02
 4.e-02 4.e-02 4.e-02 4.e-02 4.e-02 4.e-02 4.e-02 4.e-02 4.e-02 4.e-02
 4.e-02 4.e-02 4.e-02 4.e-02 4.e-02 4.e-02 4.e-02 4.e-02 4.e-02 4.e-02
 4.e-02 4.e-02 4.e-02 4.e-02 4.e-02 4.e-02 4.e-02 4.e-02 2.e-02 1.e-06
 2.e-02 2.e-02]
order = 3
gene ranges = [(-0.1, 0.1), (-0.1, 0.1), (-0.1, 0.1), (-0.1, 0.1), (-0.1, 0.1), (-0.1, 0.1), (-0.1, 0.1), (-0.1, 0.1), (-0.1, 0.1), (-0.1, 0.1), (-0.1, 0.1), (-0.1, 0.1), (-0.1, 0.1), (-0.1, 0.1), (-0.1, 0.1), (-0.1, 0.1), (-0.1, 0.1), (-0.1, 0.1), (-0.1, 0.1), (-0.1, 0.1), (-0.1, 0.1), (-0.1, 0.1), (-0.1, 0.1), (-0.1, 0.1), (-0.1, 0.1), (-0.1, 0.1), (-0.1, 0.1), (-0.1, 0.1), (-0.1, 0.1), (-0.1, 0.1), (-0.1, 0.1), (-0.1, 0.1), (-0.1, 0.1), (-0.1, 0.1), (-0.1, 0.1), (-0.1, 0.1), (-0.1, 0.1), (-0.1, 0.1), (-0.1, 0.1), (-0.1, 0.1), (-0.1, 0.1), (-0.1, 0.1), (-0.1, 0.1), (-0.1, 0.1), (-0.1, 0.1), (-0.1, 0.1), (-0.1, 0.1), (-0.1, 0.1), (0.98, 1.02), (-1e-05, 1e-05), (0.72, 0.82), (0.28, 0.38)]
