Best in last gen:
[ 2.66463854e-02  2.46336730e-02 -7.34731408e-03 -1.54723673e-02
 -3.84941031e-02 -1.66642125e-02  1.50137828e-02 -2.24015383e-02
  3.86425420e-02 -2.37520442e-02  5.80523006e-04 -4.30662536e-02
 -5.43741457e-02  6.62565873e-02  4.16370350e-02 -5.41359952e-02
  9.66943573e-03 -4.85659264e-03 -3.50554490e-02  8.98738524e-03
  4.45018270e-03 -1.04181855e-02  4.52490597e-02 -2.97062452e-02
 -1.18626075e-02 -5.16676186e-03  2.68817951e-02 -5.14464942e-02
  1.67828800e-02 -9.67265305e-03  3.68023642e-02 -3.77191949e-02
 -1.40314619e-02 -3.54221736e-02  4.57575001e-02 -4.93092724e-02
 -4.49459128e-02  4.12062452e-02 -1.62306849e-02  5.70793154e-02
  4.38931975e-02 -9.07136526e-03  4.87225897e-02  8.35414387e-03
  3.83066758e-03 -1.50665017e-02  3.44651500e-02 -3.85429696e-02
  9.92982211e-01 -6.26278611e-07  7.26046797e-01  5.67502437e-01]
Best fitness in last gen:
6.364459499611269e-06
GA calculation time:
6008.130977153778

Initial parameters
population size = 200
number of generations = 10000
Real number of generations = 10000
elitism = 2
crossover_rate = 0.95
mutation rate = 0.01
mutation range = [4.e-02 4.e-02 4.e-02 4.e-02 4.e-02 4.e-02 4.e-02 4.e-02 4.e-02 4.e-02
 4.e-02 4.e-02 4.e-02 4.e-02 4.e-02 4.e-02 4.e-02 4.e-02 4.e-02 4.e-02
 4.e-02 4.e-02 4.e-02 4.e-02 4.e-02 4.e-02 4.e-02 4.e-02 4.e-02 4.e-02
 4.e-02 4.e-02 4.e-02 4.e-02 4.e-02 4.e-02 4.e-02 4.e-02 4.e-02 4.e-02
 4.e-02 4.e-02 4.e-02 4.e-02 4.e-02 4.e-02 4.e-02 4.e-02 2.e-02 1.e-06
 2.e-02 2.e-02]
order = 3
gene ranges = [(-0.1, 0.1), (-0.1, 0.1), (-0.1, 0.1), (-0.1, 0.1), (-0.1, 0.1), (-0.1, 0.1), (-0.1, 0.1), (-0.1, 0.1), (-0.1, 0.1), (-0.1, 0.1), (-0.1, 0.1), (-0.1, 0.1), (-0.1, 0.1), (-0.1, 0.1), (-0.1, 0.1), (-0.1, 0.1), (-0.1, 0.1), (-0.1, 0.1), (-0.1, 0.1), (-0.1, 0.1), (-0.1, 0.1), (-0.1, 0.1), (-0.1, 0.1), (-0.1, 0.1), (-0.1, 0.1), (-0.1, 0.1), (-0.1, 0.1), (-0.1, 0.1), (-0.1, 0.1), (-0.1, 0.1), (-0.1, 0.1), (-0.1, 0.1), (-0.1, 0.1), (-0.1, 0.1), (-0.1, 0.1), (-0.1, 0.1), (-0.1, 0.1), (-0.1, 0.1), (-0.1, 0.1), (-0.1, 0.1), (-0.1, 0.1), (-0.1, 0.1), (-0.1, 0.1), (-0.1, 0.1), (-0.1, 0.1), (-0.1, 0.1), (-0.1, 0.1), (-0.1, 0.1), (0.98, 1.02), (-1e-05, 1e-05), (0.71, 0.75), (0.55, 0.59)]
