Best in last gen:
[ 5.38781788e-02 -1.76563914e-02 -1.39377577e-02  4.47341543e-03
 -8.77976049e-02 -6.24617786e-02  4.73106548e-02  7.44955611e-03
  6.05400465e-02  7.90098969e-02  1.13476882e-02 -6.41180637e-02
  5.65193568e-02 -1.47729837e-02  7.61710746e-03 -2.29210776e-02
 -4.17219801e-02 -5.81864716e-03 -3.64883766e-03 -6.85208293e-03
  7.50980690e-03 -3.68664412e-02  6.28262084e-02 -7.92925935e-02
 -1.64338963e-02 -6.30144232e-02 -3.77029408e-02  1.34668637e-02
 -1.11620005e-02  1.62987982e-02  2.33374658e-02  7.29749612e-02
  1.42001154e-02 -7.61653273e-02 -2.72118296e-02  3.83767607e-02
 -8.64190625e-02  5.19696426e-03  3.39907545e-02  4.43001647e-02
 -4.33067235e-05  3.20340984e-02  8.86995640e-03 -3.88657058e-02
 -7.09121677e-03  1.49071550e-02  1.02265865e-02  1.00978084e-01
  1.00599774e+00  4.40136316e-02  1.13557847e+00  7.90205874e-01]
Best fitness in last gen:
0.00010738736290543532

Best in all:
[ 5.38781788e-02 -1.76563914e-02 -1.39377577e-02  4.47341543e-03
 -8.77976049e-02 -6.24617786e-02  4.73106548e-02  7.44955611e-03
  6.05400465e-02  7.90098969e-02  1.13476882e-02 -6.41180637e-02
  5.65193568e-02 -1.47729837e-02  7.61710746e-03 -2.29210776e-02
 -4.17219801e-02 -5.81864716e-03 -3.64883766e-03 -6.85208293e-03
  7.50980690e-03 -3.68664412e-02  6.28262084e-02 -7.92925935e-02
 -1.64338963e-02 -6.30144232e-02 -3.77029408e-02  1.34668637e-02
 -1.11620005e-02  1.62987982e-02  2.33374658e-02  7.29749612e-02
  1.42001154e-02 -7.61653273e-02 -2.72118296e-02  3.83767607e-02
 -8.64190625e-02  5.19696426e-03  3.39907545e-02  4.43001647e-02
 -4.33067235e-05  3.20340984e-02  8.86995640e-03 -3.88657058e-02
 -7.09121677e-03  1.49071550e-02  1.02265865e-02  1.00978084e-01
  1.00599774e+00  4.40136316e-02  1.13557847e+00  7.90205874e-01]
Best fitness in all:
0.00010738736290543532
GA calculation time:
279.8537075519562

Initial parameters
population size = 15
number of generations = 10000
Real number of generations = 10000
elitism = 2
crossover_rate = 0.95
mutation rate = 0.007
mutation range = 0.1
order = 3
gene ranges = ((-0.1, 0.1), (0.98, 1.02), (-2, 2), (1.1, 1.2), (0.75, 0.85))
