Best in last gen:
[-5.32781341e-03  1.58197894e-02 -5.80149138e-02 -2.50039203e-02
  8.46567278e-03  3.93222227e-04  3.87661160e-02 -2.74272482e-02
 -5.24603750e-03 -7.16494300e-02 -1.25689342e-02 -6.21473380e-03
 -4.93173763e-02  3.42570822e-02 -1.36665788e-02 -1.90968825e-02
 -1.58581898e-02 -7.32359028e-03  1.24964798e-02  3.35055449e-02
 -2.27441413e-03  6.85064893e-02 -5.24535652e-02 -4.10264290e-02
 -3.67325423e-02  9.39002410e-03 -5.38426122e-02  7.57753586e-03
 -2.68262847e-02  2.26092032e-02 -5.07517801e-02 -3.09983466e-02
 -9.00420448e-03  7.64902704e-02  1.99219388e-04 -7.36152769e-02
 -8.08128800e-02  5.17859922e-02 -8.52218151e-03 -5.30972605e-02
 -2.44796312e-02 -8.27694875e-03  5.07516619e-02  4.51105743e-02
 -5.10516913e-02 -3.42948207e-02  2.51518988e-02 -2.22636401e-02
  9.96393962e-01 -3.83638872e-01  1.21388380e+00  8.05963512e-01]
Best fitness in last gen:
2.7831795538956435e-08

Best in all:
[-5.32781341e-03  1.58197894e-02 -5.80149138e-02 -2.50039203e-02
  8.46567278e-03  3.93222227e-04  3.87661160e-02 -2.74272482e-02
 -5.24603750e-03 -7.16494300e-02 -1.25689342e-02 -6.21473380e-03
 -4.93173763e-02  3.42570822e-02 -1.36665788e-02 -1.90968825e-02
 -1.58581898e-02 -7.32359028e-03  1.24964798e-02  3.35055449e-02
 -2.27441413e-03  6.85064893e-02 -5.24535652e-02 -4.10264290e-02
 -3.67325423e-02  9.39002410e-03 -5.38426122e-02  7.57753586e-03
 -2.68262847e-02  2.26092032e-02 -5.07517801e-02 -3.09983466e-02
 -9.00420448e-03  7.64902704e-02  1.99219388e-04 -7.36152769e-02
 -8.08128800e-02  5.17859922e-02 -8.52218151e-03 -5.30972605e-02
 -2.44796312e-02 -8.27694875e-03  5.07516619e-02  4.51105743e-02
 -5.10516913e-02 -3.42948207e-02  2.51518988e-02 -2.22636401e-02
  9.96393962e-01 -3.83638872e-01  1.21388380e+00  8.05963512e-01]
Best fitness in all:
2.7831795538956435e-08
GA calculation time:
12.500172853469849

Initial parameters
population size = 500
number of generations = 10
Real number of generations = 10
elitism = 2
crossover_rate = 0.95
mutation rate = 0.007
mutation range = 0.1
order = 3
gene ranges = ((-0.1, 0.1), (0.98, 1.02), (-2, 2), (1.0, 1.4), (0.6, 1.0))
