Best in last gen:
[ 1.14880358e-02 -1.87634938e-02  1.36540193e-02 -1.20004403e-02
  7.70545464e-03  1.69533605e-02  2.37128634e-03 -1.92873617e-02
 -4.80173084e-03  2.44615278e-02 -1.33638911e-02  1.61594109e-02
 -1.16279703e-03  7.01842615e-03  2.49810457e-02 -1.25518235e-02
  4.47114941e-02 -3.60475153e-03 -6.55301681e-03  2.21635458e-02
 -8.72798316e-02  2.67986353e-02  2.11302539e-02 -3.01104958e-02
  1.34536113e-02 -4.85337462e-02  2.23914381e-02  1.55354534e-02
  3.98153194e-03  3.67022568e-03 -2.78920671e-03  1.81985516e-03
  2.08697967e-03 -6.52746744e-03 -1.23928435e-02  1.47764828e-02
  8.33377978e-03 -5.91616267e-03  1.89740146e-02  2.30720063e-02
 -3.36752718e-02 -1.02884068e-02  2.22684378e-02 -1.34571524e-02
 -2.96036884e-03  1.23153506e-02 -1.67691650e-03  1.26454805e-02
 -2.27929407e-02 -2.21288552e-02 -6.26031380e-03 -1.43674336e-02
  9.85923364e-03  3.64132948e-03 -2.06950832e-02 -1.13478537e-02
  1.21212374e-02  2.01249152e-02 -3.11625061e-02 -2.02655966e-02
  3.04682047e-04  8.07236521e-03  1.66868738e-03 -4.14269484e-02
  1.16609235e-02 -3.94080975e-02 -4.38981131e-02  6.31148420e-03
 -1.91961288e-03  1.80455989e-02  2.21969195e-02  8.10574207e-04
 -5.26654837e-03  5.59410636e-03 -2.38204531e-02 -2.31014050e-02
 -4.28284618e-03 -9.77612440e-03 -4.83429391e-03  1.10632381e-02
  2.55505748e-03  4.65496481e-02 -3.18863516e-02 -8.58535866e-03
 -1.02087399e-02 -8.48302565e-03 -1.13576635e-02 -2.36653425e-03
 -3.04948062e-02 -9.34331837e-04 -8.86203058e-03 -6.66678812e-04
  1.88040524e-02  2.50551573e-02 -3.79219678e-02 -4.21738359e-03
  6.87342879e-03  3.72548653e-02 -2.15673920e-03  1.06103775e-03
 -4.82287110e-03  5.98339894e-03 -1.74055959e-02  3.51864492e-03
 -9.23539002e-03 -1.53045255e-03 -1.55820892e-02 -1.25418011e-02
  2.58602127e-03  9.24271858e-03  4.44696257e-02  9.33434163e-03
  2.16134773e-02  1.02806136e-02  6.58993937e-03  3.59558877e-02
  2.62795686e-02 -4.65997172e-03 -9.50793496e-03  1.65412490e-02
  9.99124923e-01 -7.66768551e-07  6.56244526e-01  1.21600356e+00]
Best fitness in last gen:
3.2339050646595746e-05
GA calculation time:
186133.79615807533

Initial parameters
population size = 500
number of generations = 100000
Real number of generations = 100000
elitism = 2
crossover_rate = 0.95
mutation rate = 0.01
mutation range = [3.e-02 3.e-02 3.e-02 3.e-02 3.e-02 3.e-02 3.e-02 3.e-02 3.e-02 3.e-02
 3.e-02 3.e-02 3.e-02 3.e-02 3.e-02 3.e-02 3.e-02 3.e-02 3.e-02 3.e-02
 3.e-02 3.e-02 3.e-02 3.e-02 3.e-02 3.e-02 3.e-02 3.e-02 3.e-02 3.e-02
 3.e-02 3.e-02 3.e-02 3.e-02 3.e-02 3.e-02 3.e-02 3.e-02 3.e-02 3.e-02
 3.e-02 3.e-02 3.e-02 3.e-02 3.e-02 3.e-02 3.e-02 3.e-02 3.e-02 3.e-02
 3.e-02 3.e-02 3.e-02 3.e-02 3.e-02 3.e-02 3.e-02 3.e-02 3.e-02 3.e-02
 3.e-02 3.e-02 3.e-02 3.e-02 3.e-02 3.e-02 3.e-02 3.e-02 3.e-02 3.e-02
 3.e-02 3.e-02 3.e-02 3.e-02 3.e-02 3.e-02 3.e-02 3.e-02 3.e-02 3.e-02
 3.e-02 3.e-02 3.e-02 3.e-02 3.e-02 3.e-02 3.e-02 3.e-02 3.e-02 3.e-02
 3.e-02 3.e-02 3.e-02 3.e-02 3.e-02 3.e-02 3.e-02 3.e-02 3.e-02 3.e-02
 3.e-02 3.e-02 3.e-02 3.e-02 3.e-02 3.e-02 3.e-02 3.e-02 3.e-02 3.e-02
 3.e-02 3.e-02 3.e-02 3.e-02 3.e-02 3.e-02 3.e-02 3.e-02 3.e-02 3.e-02
 2.e-02 1.e-06 2.e-02 2.e-02]
order = 5
gene ranges = [(-0.03, 0.03), (-0.03, 0.03), (-0.03, 0.03), (-0.03, 0.03), (-0.03, 0.03), (-0.03, 0.03), (-0.03, 0.03), (-0.03, 0.03), (-0.03, 0.03), (-0.03, 0.03), (-0.03, 0.03), (-0.03, 0.03), (-0.03, 0.03), (-0.03, 0.03), (-0.03, 0.03), (-0.03, 0.03), (-0.03, 0.03), (-0.03, 0.03), (-0.03, 0.03), (-0.03, 0.03), (-0.03, 0.03), (-0.03, 0.03), (-0.03, 0.03), (-0.03, 0.03), (-0.03, 0.03), (-0.03, 0.03), (-0.03, 0.03), (-0.03, 0.03), (-0.03, 0.03), (-0.03, 0.03), (-0.03, 0.03), (-0.03, 0.03), (-0.03, 0.03), (-0.03, 0.03), (-0.03, 0.03), (-0.03, 0.03), (-0.03, 0.03), (-0.03, 0.03), (-0.03, 0.03), (-0.03, 0.03), (-0.03, 0.03), (-0.03, 0.03), (-0.03, 0.03), (-0.03, 0.03), (-0.03, 0.03), (-0.03, 0.03), (-0.03, 0.03), (-0.03, 0.03), (-0.03, 0.03), (-0.03, 0.03), (-0.03, 0.03), (-0.03, 0.03), (-0.03, 0.03), (-0.03, 0.03), (-0.03, 0.03), (-0.03, 0.03), (-0.03, 0.03), (-0.03, 0.03), (-0.03, 0.03), (-0.03, 0.03), (-0.03, 0.03), (-0.03, 0.03), (-0.03, 0.03), (-0.03, 0.03), (-0.03, 0.03), (-0.03, 0.03), (-0.03, 0.03), (-0.03, 0.03), (-0.03, 0.03), (-0.03, 0.03), (-0.03, 0.03), (-0.03, 0.03), (-0.03, 0.03), (-0.03, 0.03), (-0.03, 0.03), (-0.03, 0.03), (-0.03, 0.03), (-0.03, 0.03), (-0.03, 0.03), (-0.03, 0.03), (-0.03, 0.03), (-0.03, 0.03), (-0.03, 0.03), (-0.03, 0.03), (-0.03, 0.03), (-0.03, 0.03), (-0.03, 0.03), (-0.03, 0.03), (-0.03, 0.03), (-0.03, 0.03), (-0.03, 0.03), (-0.03, 0.03), (-0.03, 0.03), (-0.03, 0.03), (-0.03, 0.03), (-0.03, 0.03), (-0.03, 0.03), (-0.03, 0.03), (-0.03, 0.03), (-0.03, 0.03), (-0.03, 0.03), (-0.03, 0.03), (-0.03, 0.03), (-0.03, 0.03), (-0.03, 0.03), (-0.03, 0.03), (-0.03, 0.03), (-0.03, 0.03), (-0.03, 0.03), (-0.03, 0.03), (-0.03, 0.03), (-0.03, 0.03), (-0.03, 0.03), (-0.03, 0.03), (-0.03, 0.03), (-0.03, 0.03), (-0.03, 0.03), (-0.03, 0.03), (-0.03, 0.03), (-0.03, 0.03), (0.98, 1.02), (-1e-05, 1e-05), (0.66, 0.7), (1.19, 1.23)]