Best in last gen:
[-8.16948977e-03 -2.36034927e-02  1.31586420e-02  1.33002980e-03
 -9.78739849e-03 -1.27657647e-03 -1.12547983e-02  3.71670159e-02
  2.64333611e-02 -3.10581014e-03  5.16408374e-03  5.92132534e-03
  2.69008646e-03 -6.47459739e-03  4.17882401e-02 -8.55280603e-03
  9.04779442e-03 -1.19522185e-02  5.64686762e-03 -5.49989258e-03
  3.69400965e-02  6.04287613e-03  1.92184687e-03  2.01163815e-02
 -2.22238809e-04  5.83865444e-02  6.59629634e-03  2.02725176e-02
 -8.15840864e-03  1.87436245e-02  1.54867173e-02  2.34992163e-02
  5.90396851e-03  8.38386275e-03 -9.91627354e-03  6.88434210e-03
 -2.75568042e-02  6.74414416e-03 -6.49605408e-03 -8.43693889e-03
 -9.21334061e-03 -1.36514199e-02  7.75664163e-03  1.11027973e-03
  5.22677973e-03  3.12305098e-02 -1.44499703e-02  2.49696790e-02
  1.55883065e-02 -9.75783093e-03  2.02630581e-02  1.78504302e-03
 -1.99432316e-02  3.30024736e-02 -1.32426662e-02  1.94337950e-02
  3.01432640e-03  3.62357303e-02  4.48122039e-03  1.62624580e-02
  5.11751854e-02 -1.37670202e-02  2.21961577e-02  1.87228163e-02
  4.57873293e-03  1.88321588e-02  3.59624455e-02  6.74335020e-04
 -2.38906732e-02  1.98921261e-02 -2.95419179e-04 -8.11489072e-02
  3.11406118e-02 -5.93146613e-03 -3.27584272e-03 -1.65236948e-02
  1.51777549e-02 -3.02771208e-03  5.60303486e-03  1.79107330e-02
 -7.92550601e-03 -2.12523380e-02  2.67026827e-03  5.96039837e-03
 -2.70207087e-02 -3.09869638e-03  1.56868154e-02  7.05991404e-03
 -3.71506053e-02 -1.54151375e-03 -2.34006092e-03 -7.58604216e-04
 -8.08918818e-03  6.38795632e-03 -1.49271068e-03  2.61740441e-02
 -1.49494728e-02  4.01533588e-02  1.85439421e-02 -1.63334886e-02
  7.58484082e-03  3.85447920e-03  1.19259946e-02 -8.95876309e-03
 -1.49972718e-02  1.08253220e-02 -8.80380061e-03 -9.18623054e-03
 -3.13200758e-06  8.38677670e-03 -8.33480565e-02 -1.89758634e-02
  7.86858259e-03 -5.73268128e-03 -1.69005879e-02 -1.73162459e-02
  4.44380939e-03  2.67081467e-03  2.16241282e-03  6.01845201e-03
  1.00935033e+00  3.24670760e-06  1.26792186e+00  5.87553286e-01]
Best fitness in last gen:
0.0003374442169974042
GA calculation time:
61835.985871315

Initial parameters
population size = 500
number of generations = 40000
Real number of generations = 40000
elitism = 2
crossover_rate = 0.95
mutation rate = 0.01
mutation range = [3.e-02 3.e-02 3.e-02 3.e-02 3.e-02 3.e-02 3.e-02 3.e-02 3.e-02 3.e-02
 3.e-02 3.e-02 3.e-02 3.e-02 3.e-02 3.e-02 3.e-02 3.e-02 3.e-02 3.e-02
 3.e-02 3.e-02 3.e-02 3.e-02 3.e-02 3.e-02 3.e-02 3.e-02 3.e-02 3.e-02
 3.e-02 3.e-02 3.e-02 3.e-02 3.e-02 3.e-02 3.e-02 3.e-02 3.e-02 3.e-02
 3.e-02 3.e-02 3.e-02 3.e-02 3.e-02 3.e-02 3.e-02 3.e-02 3.e-02 3.e-02
 3.e-02 3.e-02 3.e-02 3.e-02 3.e-02 3.e-02 3.e-02 3.e-02 3.e-02 3.e-02
 3.e-02 3.e-02 3.e-02 3.e-02 3.e-02 3.e-02 3.e-02 3.e-02 3.e-02 3.e-02
 3.e-02 3.e-02 3.e-02 3.e-02 3.e-02 3.e-02 3.e-02 3.e-02 3.e-02 3.e-02
 3.e-02 3.e-02 3.e-02 3.e-02 3.e-02 3.e-02 3.e-02 3.e-02 3.e-02 3.e-02
 3.e-02 3.e-02 3.e-02 3.e-02 3.e-02 3.e-02 3.e-02 3.e-02 3.e-02 3.e-02
 3.e-02 3.e-02 3.e-02 3.e-02 3.e-02 3.e-02 3.e-02 3.e-02 3.e-02 3.e-02
 3.e-02 3.e-02 3.e-02 3.e-02 3.e-02 3.e-02 3.e-02 3.e-02 3.e-02 3.e-02
 2.e-02 1.e-06 2.e-02 2.e-02]
order = 5
gene ranges = [(-0.03, 0.03), (-0.03, 0.03), (-0.03, 0.03), (-0.03, 0.03), (-0.03, 0.03), (-0.03, 0.03), (-0.03, 0.03), (-0.03, 0.03), (-0.03, 0.03), (-0.03, 0.03), (-0.03, 0.03), (-0.03, 0.03), (-0.03, 0.03), (-0.03, 0.03), (-0.03, 0.03), (-0.03, 0.03), (-0.03, 0.03), (-0.03, 0.03), (-0.03, 0.03), (-0.03, 0.03), (-0.03, 0.03), (-0.03, 0.03), (-0.03, 0.03), (-0.03, 0.03), (-0.03, 0.03), (-0.03, 0.03), (-0.03, 0.03), (-0.03, 0.03), (-0.03, 0.03), (-0.03, 0.03), (-0.03, 0.03), (-0.03, 0.03), (-0.03, 0.03), (-0.03, 0.03), (-0.03, 0.03), (-0.03, 0.03), (-0.03, 0.03), (-0.03, 0.03), (-0.03, 0.03), (-0.03, 0.03), (-0.03, 0.03), (-0.03, 0.03), (-0.03, 0.03), (-0.03, 0.03), (-0.03, 0.03), (-0.03, 0.03), (-0.03, 0.03), (-0.03, 0.03), (-0.03, 0.03), (-0.03, 0.03), (-0.03, 0.03), (-0.03, 0.03), (-0.03, 0.03), (-0.03, 0.03), (-0.03, 0.03), (-0.03, 0.03), (-0.03, 0.03), (-0.03, 0.03), (-0.03, 0.03), (-0.03, 0.03), (-0.03, 0.03), (-0.03, 0.03), (-0.03, 0.03), (-0.03, 0.03), (-0.03, 0.03), (-0.03, 0.03), (-0.03, 0.03), (-0.03, 0.03), (-0.03, 0.03), (-0.03, 0.03), (-0.03, 0.03), (-0.03, 0.03), (-0.03, 0.03), (-0.03, 0.03), (-0.03, 0.03), (-0.03, 0.03), (-0.03, 0.03), (-0.03, 0.03), (-0.03, 0.03), (-0.03, 0.03), (-0.03, 0.03), (-0.03, 0.03), (-0.03, 0.03), (-0.03, 0.03), (-0.03, 0.03), (-0.03, 0.03), (-0.03, 0.03), (-0.03, 0.03), (-0.03, 0.03), (-0.03, 0.03), (-0.03, 0.03), (-0.03, 0.03), (-0.03, 0.03), (-0.03, 0.03), (-0.03, 0.03), (-0.03, 0.03), (-0.03, 0.03), (-0.03, 0.03), (-0.03, 0.03), (-0.03, 0.03), (-0.03, 0.03), (-0.03, 0.03), (-0.03, 0.03), (-0.03, 0.03), (-0.03, 0.03), (-0.03, 0.03), (-0.03, 0.03), (-0.03, 0.03), (-0.03, 0.03), (-0.03, 0.03), (-0.03, 0.03), (-0.03, 0.03), (-0.03, 0.03), (-0.03, 0.03), (-0.03, 0.03), (-0.03, 0.03), (-0.03, 0.03), (-0.03, 0.03), (-0.03, 0.03), (-0.03, 0.03), (0.98, 1.02), (-1e-05, 1e-05), (1.24, 1.28), (0.56, 0.6)]