Best in last gen:
[-1.43905577e-03 -1.61999264e-02 -2.50603046e-03 -9.77179948e-03
  2.17179927e-02 -2.71357783e-03  3.68264805e-03  1.56513441e-02
 -2.41830189e-03 -3.21764613e-02  4.44218586e-03  3.82532726e-03
 -7.71421304e-03  7.33224637e-03  2.68742158e-02  2.24063608e-02
  1.20449050e-02  3.25375841e-03 -2.52011405e-03  1.69839320e-02
  7.23220189e-03 -5.85303540e-03  1.93746186e-03  3.88763397e-03
 -1.19049169e-02  1.94223044e-02 -7.90337363e-04  1.72565625e-02
 -3.61220206e-03 -6.51576069e-03 -4.18229510e-02  6.37985036e-03
  3.23965670e-03  5.89472282e-03  4.01898946e-03  2.60758177e-03
  3.86768564e-02  1.38516196e-02  3.64563146e-03 -3.78259704e-03
 -9.34030964e-04 -1.81927187e-03  1.53224454e-02 -1.39889494e-02
 -5.21860291e-03  2.55824512e-03 -1.03222063e-02 -7.63188569e-04
  6.67129199e-03 -1.24970200e-02  1.07602090e-02 -4.45964349e-03
 -1.30430459e-02  6.62913202e-05 -3.74465782e-03  8.03596749e-04
  5.72337412e-03 -1.86498348e-03  6.01507726e-03 -7.27232510e-03
  1.15486177e-02 -1.34724842e-03 -3.40568796e-03 -9.94495227e-05
  1.32142157e-02  1.30513293e-02 -9.19235435e-03  1.31739468e-03
  2.39597181e-03 -2.29821873e-03  2.88840715e-03  5.03159178e-03
  7.03866996e-03 -1.16131403e-03  6.73367401e-03  1.17135493e-02
 -1.00093114e-03 -8.58678406e-03 -7.75241843e-03  2.09148153e-03
 -2.42356588e-02 -5.75930245e-02 -7.33861998e-03 -3.28777613e-03
 -2.52885385e-02  3.06572089e-02 -1.77335213e-02  1.14426946e-02
 -5.88441403e-03 -2.04937645e-02  5.90461081e-03  1.14615211e-02
  8.94374450e-04 -1.22363344e-03  4.55604663e-03 -1.90539624e-03
  1.28452810e-02  5.06652473e-03 -1.90470404e-02  5.64271277e-03
  7.84003922e-03  7.90812045e-04  2.65949982e-03 -1.99398188e-02
  1.47225179e-02  4.52335834e-03 -1.52890116e-02 -3.26220194e-03
  2.04875708e-02 -1.22350892e-03  2.06705991e-03  4.70846796e-03
  8.56562288e-03  1.83217215e-03  2.32843796e-02  8.44140823e-03
 -3.59843014e-03  7.43522797e-03 -4.34126940e-03  1.42257190e-03
 -1.40987432e-02  5.61994992e-03  1.57055274e-03  3.69350965e-03
  4.62222275e-03  3.32131235e-03 -3.24551289e-03 -6.37898658e-03
  1.87045275e-02  4.24432935e-03 -4.40171970e-03  2.40405315e-03
  6.31400276e-03 -8.58146389e-03 -6.70609617e-03 -3.97290923e-03
  6.18615803e-03  1.54761151e-02  3.23169055e-03  6.90876951e-03
  6.07445737e-04 -9.49334466e-03 -1.48084150e-02  6.26212673e-03
  2.11670785e-03 -6.88149193e-03  9.17423257e-03 -1.20991357e-03
 -1.76006884e-02  3.99389587e-03  1.06488174e-02  2.82860686e-03
 -9.40995818e-03 -2.64675004e-03  3.15353142e-03 -2.02382281e-04
 -2.88543561e-02  7.39066781e-03  7.75920411e-04  2.40962133e-03
  8.32245879e-03  3.22150360e-04 -1.89360170e-02 -2.22032116e-02
  1.36723902e-02 -1.14696566e-03  5.41121805e-04  1.37775795e-02
  1.00425888e+00 -3.75685307e-03  1.21166499e+00  6.90837875e-01]
Best fitness in last gen:
4.073883995830503e-05
GA calculation time:
89190.17016482353

Initial parameters
population size = 500
number of generations = 40000
Real number of generations = 40000
elitism = 2
crossover_rate = 0.95
mutation rate = 0.01
mutation range = [0.01 0.01 0.01 0.01 0.01 0.01 0.01 0.01 0.01 0.01 0.01 0.01 0.01 0.01
 0.01 0.01 0.01 0.01 0.01 0.01 0.01 0.01 0.01 0.01 0.01 0.01 0.01 0.01
 0.01 0.01 0.01 0.01 0.01 0.01 0.01 0.01 0.01 0.01 0.01 0.01 0.01 0.01
 0.01 0.01 0.01 0.01 0.01 0.01 0.01 0.01 0.01 0.01 0.01 0.01 0.01 0.01
 0.01 0.01 0.01 0.01 0.01 0.01 0.01 0.01 0.01 0.01 0.01 0.01 0.01 0.01
 0.01 0.01 0.01 0.01 0.01 0.01 0.01 0.01 0.01 0.01 0.01 0.01 0.01 0.01
 0.01 0.01 0.01 0.01 0.01 0.01 0.01 0.01 0.01 0.01 0.01 0.01 0.01 0.01
 0.01 0.01 0.01 0.01 0.01 0.01 0.01 0.01 0.01 0.01 0.01 0.01 0.01 0.01
 0.01 0.01 0.01 0.01 0.01 0.01 0.01 0.01 0.01 0.01 0.01 0.01 0.01 0.01
 0.01 0.01 0.01 0.01 0.01 0.01 0.01 0.01 0.01 0.01 0.01 0.01 0.01 0.01
 0.01 0.01 0.01 0.01 0.01 0.01 0.01 0.01 0.01 0.01 0.01 0.01 0.01 0.01
 0.01 0.01 0.01 0.01 0.01 0.01 0.01 0.01 0.01 0.01 0.01 0.01 0.01 0.01
 0.2  0.02 0.01 0.01]
order = 6
gene ranges = [(-0.01, 0.01), (-0.01, 0.01), (-0.01, 0.01), (-0.01, 0.01), (-0.01, 0.01), (-0.01, 0.01), (-0.01, 0.01), (-0.01, 0.01), (-0.01, 0.01), (-0.01, 0.01), (-0.01, 0.01), (-0.01, 0.01), (-0.01, 0.01), (-0.01, 0.01), (-0.01, 0.01), (-0.01, 0.01), (-0.01, 0.01), (-0.01, 0.01), (-0.01, 0.01), (-0.01, 0.01), (-0.01, 0.01), (-0.01, 0.01), (-0.01, 0.01), (-0.01, 0.01), (-0.01, 0.01), (-0.01, 0.01), (-0.01, 0.01), (-0.01, 0.01), (-0.01, 0.01), (-0.01, 0.01), (-0.01, 0.01), (-0.01, 0.01), (-0.01, 0.01), (-0.01, 0.01), (-0.01, 0.01), (-0.01, 0.01), (-0.01, 0.01), (-0.01, 0.01), (-0.01, 0.01), (-0.01, 0.01), (-0.01, 0.01), (-0.01, 0.01), (-0.01, 0.01), (-0.01, 0.01), (-0.01, 0.01), (-0.01, 0.01), (-0.01, 0.01), (-0.01, 0.01), (-0.01, 0.01), (-0.01, 0.01), (-0.01, 0.01), (-0.01, 0.01), (-0.01, 0.01), (-0.01, 0.01), (-0.01, 0.01), (-0.01, 0.01), (-0.01, 0.01), (-0.01, 0.01), (-0.01, 0.01), (-0.01, 0.01), (-0.01, 0.01), (-0.01, 0.01), (-0.01, 0.01), (-0.01, 0.01), (-0.01, 0.01), (-0.01, 0.01), (-0.01, 0.01), (-0.01, 0.01), (-0.01, 0.01), (-0.01, 0.01), (-0.01, 0.01), (-0.01, 0.01), (-0.01, 0.01), (-0.01, 0.01), (-0.01, 0.01), (-0.01, 0.01), (-0.01, 0.01), (-0.01, 0.01), (-0.01, 0.01), (-0.01, 0.01), (-0.01, 0.01), (-0.01, 0.01), (-0.01, 0.01), (-0.01, 0.01), (-0.01, 0.01), (-0.01, 0.01), (-0.01, 0.01), (-0.01, 0.01), (-0.01, 0.01), (-0.01, 0.01), (-0.01, 0.01), (-0.01, 0.01), (-0.01, 0.01), (-0.01, 0.01), (-0.01, 0.01), (-0.01, 0.01), (-0.01, 0.01), (-0.01, 0.01), (-0.01, 0.01), (-0.01, 0.01), (-0.01, 0.01), (-0.01, 0.01), (-0.01, 0.01), (-0.01, 0.01), (-0.01, 0.01), (-0.01, 0.01), (-0.01, 0.01), (-0.01, 0.01), (-0.01, 0.01), (-0.01, 0.01), (-0.01, 0.01), (-0.01, 0.01), (-0.01, 0.01), (-0.01, 0.01), (-0.01, 0.01), (-0.01, 0.01), (-0.01, 0.01), (-0.01, 0.01), (-0.01, 0.01), (-0.01, 0.01), (-0.01, 0.01), (-0.01, 0.01), (-0.01, 0.01), (-0.01, 0.01), (-0.01, 0.01), (-0.01, 0.01), (-0.01, 0.01), (-0.01, 0.01), (-0.01, 0.01), (-0.01, 0.01), (-0.01, 0.01), (-0.01, 0.01), (-0.01, 0.01), (-0.01, 0.01), (-0.01, 0.01), (-0.01, 0.01), (-0.01, 0.01), (-0.01, 0.01), (-0.01, 0.01), (-0.01, 0.01), (-0.01, 0.01), (-0.01, 0.01), (-0.01, 0.01), (-0.01, 0.01), (-0.01, 0.01), (-0.01, 0.01), (-0.01, 0.01), (-0.01, 0.01), (-0.01, 0.01), (-0.01, 0.01), (-0.01, 0.01), (-0.01, 0.01), (-0.01, 0.01), (-0.01, 0.01), (-0.01, 0.01), (-0.01, 0.01), (-0.01, 0.01), (-0.01, 0.01), (-0.01, 0.01), (-0.01, 0.01), (-0.01, 0.01), (-0.01, 0.01), (-0.01, 0.01), (-0.01, 0.01), (-0.01, 0.01), (-0.01, 0.01), (-0.01, 0.01), (-0.01, 0.01), (0.98, 1.02), (-0.2, 0.2), (1.19, 1.23), (0.66, 0.7)]