Best in last gen:
[ 5.87498490e-04 -2.67821326e-04  1.48806771e-03  5.90213850e-04
 -2.65552788e-04 -1.79077998e-04  2.25026993e-04 -1.09963473e-03
 -2.29665205e-04 -5.91638772e-04 -9.16653701e-04  1.35800576e-03
  6.84877458e-04 -9.57781647e-04 -4.63938053e-04 -3.83087866e-04
 -2.18537000e-04 -2.95148395e-06 -1.56952186e-04 -1.02333782e-04
 -4.12080263e-04 -5.40370341e-04 -2.82412271e-04 -1.72237491e-03
 -3.52600880e-05  1.11450788e-03 -1.71327019e-04  5.92336787e-04
 -1.43050400e-04  3.75954972e-04 -8.39639240e-04  1.18426333e-03
 -8.33547410e-04  1.63697661e-04  6.58532034e-04  4.57643241e-04
 -4.20227976e-04  2.94534421e-04 -7.21862262e-05  4.80252314e-04
  6.18058900e-04 -3.92565636e-04 -5.18476071e-04 -2.51130545e-05
  5.33776251e-04 -7.06678845e-04  6.44123681e-04 -2.78926382e-04
  3.11914722e-04 -8.77760326e-05  6.60868554e-04 -3.77665212e-04
 -4.28059037e-04 -6.63298260e-04  7.53852483e-04  5.15017398e-04
 -3.16348319e-04  9.90622482e-04 -5.46525484e-04  7.18001073e-04
  6.60162554e-04 -9.85343067e-04 -7.06127778e-04  4.22471225e-03
 -5.78718688e-04  5.77901041e-04  3.81539731e-04  1.78383129e-03
  1.49261194e-05  2.76847728e-04 -6.53766526e-04  3.49918405e-04
  2.07509559e-04  1.43391909e-05 -1.83375960e-03 -1.75911040e-04
 -1.47267311e-03  1.84892464e-03 -7.67933927e-04 -2.87688153e-03
  1.11361161e-03 -3.85790427e-04  2.41983515e-04 -7.44515354e-04
  2.70038607e-04  1.12558587e-03  6.05880096e-05  1.45882616e-03
  6.78066907e-05 -3.50348103e-05 -4.11563422e-03  1.33609163e-03
 -7.56200923e-04  2.19626132e-03  2.80861798e-04  2.91239316e-04
  5.62491508e-04 -3.46971099e-04  1.48758611e-04  6.34821281e-04
 -4.74850039e-04 -1.56504104e-04 -7.01832778e-04  1.79861304e-03
  3.57648195e-04  7.41859060e-03  2.99759010e-04 -1.56202830e-03
 -2.88714432e-05  3.53698944e-04 -7.78989043e-04 -1.18873891e-04
 -1.18481723e-04 -5.11975503e-04 -1.22185446e-04  4.59338104e-04
  1.10406247e-03  3.41592196e-04  5.46272031e-05  1.30894858e-04
  4.26923485e-01  9.97459654e-01  1.17028351e+00  7.00621032e-01]
Best fitness in last gen:
1.4894107344821674e-09
GA calculation time:
160.74137616157532

Initial parameters
population size = 1000
number of generations = 100
Real number of generations = 100
elitism = 2
crossover_rate = 0.95
mutation rate = 0.01
mutation range = [0.01 0.01 0.01 0.01 0.01 0.01 0.01 0.01 0.01 0.01 0.01 0.01 0.01 0.01
 0.01 0.01 0.01 0.01 0.01 0.01 0.01 0.01 0.01 0.01 0.01 0.01 0.01 0.01
 0.01 0.01 0.01 0.01 0.01 0.01 0.01 0.01 0.01 0.01 0.01 0.01 0.01 0.01
 0.01 0.01 0.01 0.01 0.01 0.01 0.01 0.01 0.01 0.01 0.01 0.01 0.01 0.01
 0.01 0.01 0.01 0.01 0.01 0.01 0.01 0.01 0.01 0.01 0.01 0.01 0.01 0.01
 0.01 0.01 0.01 0.01 0.01 0.01 0.01 0.01 0.01 0.01 0.01 0.01 0.01 0.01
 0.01 0.01 0.01 0.01 0.01 0.01 0.01 0.01 0.01 0.01 0.01 0.01 0.01 0.01
 0.01 0.01 0.01 0.01 0.01 0.01 0.01 0.01 0.01 0.01 0.01 0.01 0.01 0.01
 0.01 0.01 0.01 0.01 0.01 0.01 0.01 0.01 0.2  0.02 0.01 0.01]
order = 5
gene ranges = [(-0.01, 0.01), (-0.01, 0.01), (-0.01, 0.01), (-0.01, 0.01), (-0.01, 0.01), (-0.01, 0.01), (-0.01, 0.01), (-0.01, 0.01), (-0.01, 0.01), (-0.01, 0.01), (-0.01, 0.01), (-0.01, 0.01), (-0.01, 0.01), (-0.01, 0.01), (-0.01, 0.01), (-0.01, 0.01), (-0.01, 0.01), (-0.01, 0.01), (-0.01, 0.01), (-0.01, 0.01), (-0.01, 0.01), (-0.01, 0.01), (-0.01, 0.01), (-0.01, 0.01), (-0.01, 0.01), (-0.01, 0.01), (-0.01, 0.01), (-0.01, 0.01), (-0.01, 0.01), (-0.01, 0.01), (-0.01, 0.01), (-0.01, 0.01), (-0.01, 0.01), (-0.01, 0.01), (-0.01, 0.01), (-0.01, 0.01), (-0.01, 0.01), (-0.01, 0.01), (-0.01, 0.01), (-0.01, 0.01), (-0.01, 0.01), (-0.01, 0.01), (-0.01, 0.01), (-0.01, 0.01), (-0.01, 0.01), (-0.01, 0.01), (-0.01, 0.01), (-0.01, 0.01), (-0.01, 0.01), (-0.01, 0.01), (-0.01, 0.01), (-0.01, 0.01), (-0.01, 0.01), (-0.01, 0.01), (-0.01, 0.01), (-0.01, 0.01), (-0.01, 0.01), (-0.01, 0.01), (-0.01, 0.01), (-0.01, 0.01), (-0.01, 0.01), (-0.01, 0.01), (-0.01, 0.01), (-0.01, 0.01), (-0.01, 0.01), (-0.01, 0.01), (-0.01, 0.01), (-0.01, 0.01), (-0.01, 0.01), (-0.01, 0.01), (-0.01, 0.01), (-0.01, 0.01), (-0.01, 0.01), (-0.01, 0.01), (-0.01, 0.01), (-0.01, 0.01), (-0.01, 0.01), (-0.01, 0.01), (-0.01, 0.01), (-0.01, 0.01), (-0.01, 0.01), (-0.01, 0.01), (-0.01, 0.01), (-0.01, 0.01), (-0.01, 0.01), (-0.01, 0.01), (-0.01, 0.01), (-0.01, 0.01), (-0.01, 0.01), (-0.01, 0.01), (-0.01, 0.01), (-0.01, 0.01), (-0.01, 0.01), (-0.01, 0.01), (-0.01, 0.01), (-0.01, 0.01), (-0.01, 0.01), (-0.01, 0.01), (-0.01, 0.01), (-0.01, 0.01), (-0.01, 0.01), (-0.01, 0.01), (-0.01, 0.01), (-0.01, 0.01), (-0.01, 0.01), (-0.01, 0.01), (-0.01, 0.01), (-0.01, 0.01), (-0.01, 0.01), (-0.01, 0.01), (-0.01, 0.01), (-0.01, 0.01), (-0.01, 0.01), (-0.01, 0.01), (-0.01, 0.01), (-0.01, 0.01), (-0.01, 0.01), (-0.01, 0.01), (-0.01, 0.01), (-0.01, 0.01), (-0.2, 0.2), (0.98, 1.02), (1.16, 1.18), (0.69, 0.71)]
