Best in last gen:
[ 2.23887726e-03  2.08135324e-02  1.38090853e-02 -1.11735428e-02
 -3.29937551e-02  4.52232250e-02 -1.07675762e-02 -1.30887776e-02
 -1.23420279e-02 -9.78802920e-03 -3.13511924e-02  3.07196033e-02
  4.65842995e-02 -9.52060806e-03 -9.53651415e-04  8.44114211e-03
  1.22331563e-02  8.21924995e-03 -1.05616684e-02 -2.61650691e-03
  8.69227691e-03  3.22094416e-02 -3.45475352e-03 -2.55449078e-02
 -3.25234090e-02 -2.29829171e-02  5.08446378e-03  2.76930291e-02
  5.28927873e-02  3.47364463e-02 -4.16905814e-02 -2.85819101e-02
 -1.25210022e-02 -5.27018523e-02  2.79992204e-02  2.18986267e-02
 -8.42767459e-03  1.61552723e-02  3.42183171e-03  1.86184653e-02
 -2.21333333e-03  1.38371198e-02 -6.92642208e-03  1.52695359e-02
 -6.79102989e-03  2.72115867e-02  3.25422375e-02 -4.30239588e-02
  1.00613493e+00  2.63949662e-06  1.34998107e+00  5.97717490e-01]
Best fitness in last gen:
3.241815643346777e-06
GA calculation time:
1854.0353322029114

Initial parameters
population size = 300
number of generations = 5000
Real number of generations = 5000
elitism = 2
crossover_rate = 0.95
mutation rate = 0.01
mutation range = [4.e-02 4.e-02 4.e-02 4.e-02 4.e-02 4.e-02 4.e-02 4.e-02 4.e-02 4.e-02
 4.e-02 4.e-02 4.e-02 4.e-02 4.e-02 4.e-02 4.e-02 4.e-02 4.e-02 4.e-02
 4.e-02 4.e-02 4.e-02 4.e-02 4.e-02 4.e-02 4.e-02 4.e-02 4.e-02 4.e-02
 4.e-02 4.e-02 4.e-02 4.e-02 4.e-02 4.e-02 4.e-02 4.e-02 4.e-02 4.e-02
 4.e-02 4.e-02 4.e-02 4.e-02 4.e-02 4.e-02 4.e-02 4.e-02 2.e-02 1.e-06
 2.e-02 2.e-02]
order = 3
gene ranges = [(-0.05, 0.05), (-0.05, 0.05), (-0.05, 0.05), (-0.05, 0.05), (-0.05, 0.05), (-0.05, 0.05), (-0.05, 0.05), (-0.05, 0.05), (-0.05, 0.05), (-0.05, 0.05), (-0.05, 0.05), (-0.05, 0.05), (-0.05, 0.05), (-0.05, 0.05), (-0.05, 0.05), (-0.05, 0.05), (-0.05, 0.05), (-0.05, 0.05), (-0.05, 0.05), (-0.05, 0.05), (-0.05, 0.05), (-0.05, 0.05), (-0.05, 0.05), (-0.05, 0.05), (-0.05, 0.05), (-0.05, 0.05), (-0.05, 0.05), (-0.05, 0.05), (-0.05, 0.05), (-0.05, 0.05), (-0.05, 0.05), (-0.05, 0.05), (-0.05, 0.05), (-0.05, 0.05), (-0.05, 0.05), (-0.05, 0.05), (-0.05, 0.05), (-0.05, 0.05), (-0.05, 0.05), (-0.05, 0.05), (-0.05, 0.05), (-0.05, 0.05), (-0.05, 0.05), (-0.05, 0.05), (-0.05, 0.05), (-0.05, 0.05), (-0.05, 0.05), (-0.05, 0.05), (0.98, 1.02), (-1e-05, 1e-05), (1.31, 1.41), (0.58, 0.68)]
