Best in last gen:
[-9.39668643e-04  7.19932428e-03 -1.29985505e-02 -1.96364516e-02
  3.34503852e-02 -6.19753883e-03 -2.65936222e-02  3.81260820e-02
  2.13152374e-02  2.27948661e-02 -1.17911188e-01 -1.79942506e-02
  1.42860796e-03 -2.66949059e-03  2.96387232e-02 -4.47568856e-02
 -3.87491133e-02  2.94657573e-02 -2.17379675e-02 -3.74083848e-03
 -5.61106019e-04 -3.02658301e-02 -8.49180696e-02 -5.96936017e-02
 -1.04470314e-02 -2.17751177e-02  5.83346994e-02 -1.31536066e-01
  4.57938156e-02  5.65772128e-02  2.34607695e-02 -1.34943363e-03
  2.60719579e-02 -5.11521819e-04 -2.34848124e-02 -2.96334152e-02
 -4.39828470e-03 -5.18013204e-02 -8.42656213e-03 -3.07673556e-02
 -3.02429835e-02 -1.85961589e-02 -5.56938418e-02 -3.21353333e-02
  6.31746124e-02 -7.55652564e-02 -9.59757509e-02 -7.64802367e-03
  9.77939940e-01 -6.16367964e-01  6.04338180e-01  1.27565959e+00]
Best fitness in last gen:
0.0002799027144564552

Best in all:
[-9.39668643e-04  7.19932428e-03 -1.29985505e-02 -1.96364516e-02
  3.34503852e-02 -6.19753883e-03 -2.65936222e-02  3.81260820e-02
  2.13152374e-02  2.27948661e-02 -1.17911188e-01 -1.79942506e-02
  1.42860796e-03 -2.66949059e-03  2.96387232e-02 -4.47568856e-02
 -3.87491133e-02  2.94657573e-02 -2.17379675e-02 -3.74083848e-03
 -5.61106019e-04 -3.02658301e-02 -8.49180696e-02 -5.96936017e-02
 -1.04470314e-02 -2.17751177e-02  5.83346994e-02 -1.31536066e-01
  4.57938156e-02  5.65772128e-02  2.34607695e-02 -1.34943363e-03
  2.60719579e-02 -5.11521819e-04 -2.34848124e-02 -2.96334152e-02
 -4.39828470e-03 -5.18013204e-02 -8.42656213e-03 -3.07673556e-02
 -3.02429835e-02 -1.85961589e-02 -5.56938418e-02 -3.21353333e-02
  6.31746124e-02 -7.55652564e-02 -9.59757509e-02 -7.64802367e-03
  9.77939940e-01 -6.16367964e-01  6.04338180e-01  1.27565959e+00]
Best fitness in all:
0.0002799027144564552
GA calculation time:
243.6867654323578

Initial parameters
population size = 15
number of generations = 10000
Real number of generations = 10000
elitism = 2
crossover_rate = 0.95
mutation rate = 0.007
mutation range = 0.1
order = 3
gene ranges = ((-0.1, 0.1), (0.98, 1.02), (-2, 2), (0.55, 0.65), (1.2, 1.3))
