Best in last gen:
[-3.64975902e-02 -7.85741415e-04  3.47482714e-02 -9.25524908e-03
 -1.08982822e-01 -2.34656026e-02  3.30610657e-03  4.94274675e-03
  2.54979064e-02 -6.31226471e-02  6.12512349e-03  1.40843387e-02
 -2.82968715e-02 -1.83980132e-02 -4.98277644e-03 -1.75373599e-02
 -8.36577043e-03 -5.89822988e-03 -1.10296161e-02  8.15857900e-03
  2.08876157e-04  3.36855157e-02 -8.49896246e-02 -7.08707419e-03
  7.50260328e-02 -1.84711321e-02  7.40826289e-04 -3.86201075e-02
 -3.00257932e-02 -8.42327367e-03 -3.44054206e-02  7.85063098e-03
 -8.72587588e-03 -4.38000590e-02 -1.66253058e-02  2.73272843e-02
 -2.02227136e-02  1.38165302e-02 -1.18196491e-02  1.42158664e-02
 -2.19856634e-02  3.28787434e-04 -6.39951092e-02  6.54446303e-03
  1.03053334e-01 -8.93287461e-03 -2.96250049e-02  9.83746344e-04
  9.99891163e-01  1.83921384e+00  1.24743859e+00  6.20278761e-01]
Best fitness in last gen:
3.120279583444148e-05

Best in all:
[-3.64975902e-02 -7.85741415e-04  3.47482714e-02 -9.25524908e-03
 -1.08982822e-01 -2.34656026e-02  3.30610657e-03  4.94274675e-03
  2.54979064e-02 -6.31226471e-02  6.12512349e-03  1.40843387e-02
 -2.82968715e-02 -1.83980132e-02 -4.98277644e-03 -1.75373599e-02
 -8.36577043e-03 -5.89822988e-03 -1.10296161e-02  8.15857900e-03
  2.08876157e-04  3.36855157e-02 -8.49896246e-02 -7.08707419e-03
  7.50260328e-02 -1.84711321e-02  7.40826289e-04 -3.86201075e-02
 -3.00257932e-02 -8.42327367e-03 -3.44054206e-02  7.85063098e-03
 -8.72587588e-03 -4.38000590e-02 -1.66253058e-02  2.73272843e-02
 -2.02227136e-02  1.38165302e-02 -1.18196491e-02  1.42158664e-02
 -2.19856634e-02  3.28787434e-04 -6.39951092e-02  6.54446303e-03
  1.03053334e-01 -8.93287461e-03 -2.96250049e-02  9.83746344e-04
  9.99891163e-01  1.83921384e+00  1.24743859e+00  6.20278761e-01]
Best fitness in all:
3.120279583444148e-05
GA calculation time:
16556.321101903915

Initial parameters
population size = 500
number of generations = 30000
Real number of generations = 30000
elitism = 2
crossover_rate = 0.95
mutation rate = 0.02
mutation range = [0.1  0.1  0.1  0.1  0.1  0.1  0.1  0.1  0.1  0.1  0.1  0.1  0.1  0.1
 0.1  0.1  0.1  0.1  0.1  0.1  0.1  0.1  0.1  0.1  0.1  0.1  0.1  0.1
 0.1  0.1  0.1  0.1  0.1  0.1  0.1  0.1  0.1  0.1  0.1  0.1  0.1  0.1
 0.1  0.1  0.1  0.1  0.1  0.1  0.04 3.6  0.1  0.1 ]
order = 3
gene ranges = ((-0.05, 0.05), (0.98, 1.02), (-0.8, 0.8), (1.2, 1.3), (0.55, 0.65))