Best in last gen:
[ 9.46253045e-03 -1.67819412e-02  2.14951477e-02 -1.35293196e-03
  3.22444719e-02  6.42240696e-03 -3.53158532e-03  1.33005655e-02
  8.61955989e-03 -1.11646388e-02  1.18277944e-02 -2.95078054e-02
  5.51425587e-02  1.28675362e-02  1.12373284e-02  1.47663585e-02
  1.93488033e-02 -2.00050505e-02  7.00647208e-03  2.96382376e-02
 -2.18902354e-02  2.36850889e-02 -1.35053162e-02 -1.06873680e-02
  2.15871648e-02  7.09704101e-03  9.08341621e-03  1.44445535e-02
  9.16255901e-03 -2.30499829e-03 -3.73235343e-03  1.15965334e-02
 -4.81911017e-03  2.17042840e-02 -2.14747611e-02  3.86145693e-03
  1.50295793e-03  2.54074167e-02 -2.77014568e-02 -2.81635098e-02
  2.05195971e-02  6.31943025e-03  7.69349689e-03 -6.98776216e-03
  2.81638338e-02  4.37014688e-03  1.06525323e-02 -8.75601804e-03
  6.71794911e-03  1.29987004e-02 -2.43110802e-02 -1.04422088e-02
 -1.81135175e-02 -1.22486710e-02  1.79842813e-02  1.69707975e-02
  3.25030138e-02 -1.81211520e-03 -2.19631227e-03 -2.87865254e-03
 -5.42287127e-03 -1.05217917e-02 -1.18903506e-02 -1.74367492e-02
 -2.15295370e-03 -2.00505452e-02  1.37016039e-02  6.21204703e-02
 -1.04077740e-02  1.23814710e-02  1.28461113e-02 -1.27338894e-02
 -1.88636916e-02  2.07093384e-02 -6.17067340e-03 -5.59661242e-03
  3.76287971e-03  1.58771827e-02  5.45948192e-04 -1.58336843e-02
  4.28392941e-02 -2.74935215e-02 -1.61442792e-03  1.09717328e-02
 -7.75891874e-04 -4.19547364e-02  3.09315859e-02 -2.46388863e-02
 -2.68734958e-02 -2.36114029e-02 -8.84631989e-04  1.95224274e-03
 -4.70302587e-03  3.50997987e-02  8.42104835e-03 -1.48811780e-02
 -1.28434998e-02 -2.08006923e-02 -2.16966057e-02  4.93801561e-03
 -5.67384748e-03 -2.46877180e-03  9.23770825e-03  3.35246576e-03
 -1.23614223e-02  3.18097139e-02 -1.22229093e-02  2.62659457e-02
  2.20542133e-02 -2.01772801e-02 -5.49047079e-02  3.21730610e-03
  1.80463703e-02 -3.03856690e-02  6.29883277e-03 -2.12492139e-03
  8.87395786e-03  1.51985610e-03 -1.29829705e-02  3.27169698e-03
  1.00642795e+00  1.09274384e-06  5.54875298e-01  1.73211409e-01]
Best fitness in last gen:
6.566497115027659e-07
GA calculation time:
110.45663976669312

Initial parameters
population size = 50
number of generations = 1000
Real number of generations = 1000
elitism = 2
crossover_rate = 0.95
mutation rate = 0.01
mutation range = [4.e-02 4.e-02 4.e-02 4.e-02 4.e-02 4.e-02 4.e-02 4.e-02 4.e-02 4.e-02
 4.e-02 4.e-02 4.e-02 4.e-02 4.e-02 4.e-02 4.e-02 4.e-02 4.e-02 4.e-02
 4.e-02 4.e-02 4.e-02 4.e-02 4.e-02 4.e-02 4.e-02 4.e-02 4.e-02 4.e-02
 4.e-02 4.e-02 4.e-02 4.e-02 4.e-02 4.e-02 4.e-02 4.e-02 4.e-02 4.e-02
 4.e-02 4.e-02 4.e-02 4.e-02 4.e-02 4.e-02 4.e-02 4.e-02 4.e-02 4.e-02
 4.e-02 4.e-02 4.e-02 4.e-02 4.e-02 4.e-02 4.e-02 4.e-02 4.e-02 4.e-02
 4.e-02 4.e-02 4.e-02 4.e-02 4.e-02 4.e-02 4.e-02 4.e-02 4.e-02 4.e-02
 4.e-02 4.e-02 4.e-02 4.e-02 4.e-02 4.e-02 4.e-02 4.e-02 4.e-02 4.e-02
 4.e-02 4.e-02 4.e-02 4.e-02 4.e-02 4.e-02 4.e-02 4.e-02 4.e-02 4.e-02
 4.e-02 4.e-02 4.e-02 4.e-02 4.e-02 4.e-02 4.e-02 4.e-02 4.e-02 4.e-02
 4.e-02 4.e-02 4.e-02 4.e-02 4.e-02 4.e-02 4.e-02 4.e-02 4.e-02 4.e-02
 4.e-02 4.e-02 4.e-02 4.e-02 4.e-02 4.e-02 4.e-02 4.e-02 4.e-02 4.e-02
 2.e-02 1.e-06 2.e-02 2.e-02]
order = 5
gene ranges = [(-0.04, 0.04), (-0.04, 0.04), (-0.04, 0.04), (-0.04, 0.04), (-0.04, 0.04), (-0.04, 0.04), (-0.04, 0.04), (-0.04, 0.04), (-0.04, 0.04), (-0.04, 0.04), (-0.04, 0.04), (-0.04, 0.04), (-0.04, 0.04), (-0.04, 0.04), (-0.04, 0.04), (-0.04, 0.04), (-0.04, 0.04), (-0.04, 0.04), (-0.04, 0.04), (-0.04, 0.04), (-0.04, 0.04), (-0.04, 0.04), (-0.04, 0.04), (-0.04, 0.04), (-0.04, 0.04), (-0.04, 0.04), (-0.04, 0.04), (-0.04, 0.04), (-0.04, 0.04), (-0.04, 0.04), (-0.04, 0.04), (-0.04, 0.04), (-0.04, 0.04), (-0.04, 0.04), (-0.04, 0.04), (-0.04, 0.04), (-0.04, 0.04), (-0.04, 0.04), (-0.04, 0.04), (-0.04, 0.04), (-0.04, 0.04), (-0.04, 0.04), (-0.04, 0.04), (-0.04, 0.04), (-0.04, 0.04), (-0.04, 0.04), (-0.04, 0.04), (-0.04, 0.04), (-0.04, 0.04), (-0.04, 0.04), (-0.04, 0.04), (-0.04, 0.04), (-0.04, 0.04), (-0.04, 0.04), (-0.04, 0.04), (-0.04, 0.04), (-0.04, 0.04), (-0.04, 0.04), (-0.04, 0.04), (-0.04, 0.04), (-0.04, 0.04), (-0.04, 0.04), (-0.04, 0.04), (-0.04, 0.04), (-0.04, 0.04), (-0.04, 0.04), (-0.04, 0.04), (-0.04, 0.04), (-0.04, 0.04), (-0.04, 0.04), (-0.04, 0.04), (-0.04, 0.04), (-0.04, 0.04), (-0.04, 0.04), (-0.04, 0.04), (-0.04, 0.04), (-0.04, 0.04), (-0.04, 0.04), (-0.04, 0.04), (-0.04, 0.04), (-0.04, 0.04), (-0.04, 0.04), (-0.04, 0.04), (-0.04, 0.04), (-0.04, 0.04), (-0.04, 0.04), (-0.04, 0.04), (-0.04, 0.04), (-0.04, 0.04), (-0.04, 0.04), (-0.04, 0.04), (-0.04, 0.04), (-0.04, 0.04), (-0.04, 0.04), (-0.04, 0.04), (-0.04, 0.04), (-0.04, 0.04), (-0.04, 0.04), (-0.04, 0.04), (-0.04, 0.04), (-0.04, 0.04), (-0.04, 0.04), (-0.04, 0.04), (-0.04, 0.04), (-0.04, 0.04), (-0.04, 0.04), (-0.04, 0.04), (-0.04, 0.04), (-0.04, 0.04), (-0.04, 0.04), (-0.04, 0.04), (-0.04, 0.04), (-0.04, 0.04), (-0.04, 0.04), (-0.04, 0.04), (-0.04, 0.04), (-0.04, 0.04), (-0.04, 0.04), (-0.04, 0.04), (-0.04, 0.04), (0.98, 1.02), (-1e-05, 1e-05), (0.53, 0.57), (0.17, 0.21)]
