Best in last gen:
[ 3.41199535e-02  1.05048745e-02  1.49876880e-03  6.05296277e-03
 -2.94328452e-02  1.35246544e-02  7.16939194e-03  2.45943512e-02
  8.15821366e-03  3.42712786e-02 -2.48922036e-02 -5.76627363e-02
 -1.63248851e-04 -5.72490422e-03 -2.29538147e-02 -2.31169378e-02
  2.94954353e-02 -3.60138676e-03  3.12192794e-02 -1.50953796e-02
  1.83069196e-02 -4.75381810e-03 -5.17490749e-03 -3.17841152e-03
 -4.21531632e-02 -4.18113505e-02  2.48310584e-03 -2.47945276e-02
  2.44565338e-02 -1.80582957e-04  2.19642002e-03  2.38824410e-02
  3.30306181e-02  6.26920430e-02 -1.12141204e-02  4.17296904e-02
  1.87956118e-02  5.32634202e-04  8.73499002e-04  1.85097032e-02
 -6.11049353e-04  4.60102553e-02 -3.85646750e-02 -1.20073598e-03
 -1.74763428e-02  2.92438534e-02 -2.08086710e-02 -2.59899013e-02
  9.99587302e-01 -4.79916333e-01  1.15242815e+00  8.63784669e-01]
Best fitness in last gen:
3.510590924734032e-06

Best in all:
[ 3.41199535e-02  1.05048745e-02  1.49876880e-03  6.05296277e-03
 -2.94328452e-02  1.35246544e-02  7.16939194e-03  2.45943512e-02
  8.15821366e-03  3.42712786e-02 -2.48922036e-02 -5.76627363e-02
 -1.63248851e-04 -5.72490422e-03 -2.29538147e-02 -2.31169378e-02
  2.94954353e-02 -3.60138676e-03  3.12192794e-02 -1.50953796e-02
  1.83069196e-02 -4.75381810e-03 -5.17490749e-03 -3.17841152e-03
 -4.21531632e-02 -4.18113505e-02  2.48310584e-03 -2.47945276e-02
  2.44565338e-02 -1.80582957e-04  2.19642002e-03  2.38824410e-02
  3.30306181e-02  6.26920430e-02 -1.12141204e-02  4.17296904e-02
  1.87956118e-02  5.32634202e-04  8.73499002e-04  1.85097032e-02
 -6.11049353e-04  4.60102553e-02 -3.85646750e-02 -1.20073598e-03
 -1.74763428e-02  2.92438534e-02 -2.08086710e-02 -2.59899013e-02
  9.99587302e-01 -4.79916333e-01  1.15242815e+00  8.63784669e-01]
Best fitness in all:
3.510590924734032e-06
GA calculation time:
6.7523815631866455

Initial parameters
population size = 500
number of generations = 10
Real number of generations = 10
elitism = 2
crossover_rate = 0.95
mutation rate = 0.007
mutation range = 0.1
order = 3
gene ranges = ((-0.1, 0.1), (0.98, 1.02), (-2, 2), (1.0, 1.4), (0.6, 1.0))
