Best in last gen:
[ 1.48354616e-02 -1.46792333e-02  2.03504548e-02  1.01254431e-02
  2.48201760e-02  1.17571428e-02  7.25184571e-03  3.23199057e-02
  1.61839376e-02  2.49264290e-02  1.47985706e-02  4.05489575e-02
  2.91283696e-02 -4.68652699e-03  1.38015550e-02 -3.00375587e-02
  2.38629670e-02 -2.28695450e-03 -1.78918795e-02 -1.13013650e-03
 -6.56304559e-04  6.91533200e-03  3.03706618e-02  6.23832796e-03
 -2.11258635e-02 -1.85526549e-02 -8.53139685e-03  4.09993262e-02
  2.36479862e-03  1.65518553e-03 -2.55697562e-02 -1.49229808e-02
  1.26577835e-02 -1.55156795e-02 -3.34177117e-03  1.56312317e-02
  1.93799347e-02 -1.35882100e-02 -1.51277344e-02  2.85313638e-02
 -6.91264184e-03 -1.73530565e-02 -1.71094831e-02 -1.67484999e-02
 -1.64403944e-02 -6.50014275e-03 -4.46609469e-02  3.99953589e-02
  9.98195342e-01  1.38631052e-06  7.51099038e-01  3.36828268e-01]
Best fitness in last gen:
7.713401386042509e-07
GA calculation time:
391.2560966014862

Initial parameters
population size = 300
number of generations = 1000
Real number of generations = 1000
elitism = 2
crossover_rate = 0.95
mutation rate = 0.01
mutation range = [4.e-02 4.e-02 4.e-02 4.e-02 4.e-02 4.e-02 4.e-02 4.e-02 4.e-02 4.e-02
 4.e-02 4.e-02 4.e-02 4.e-02 4.e-02 4.e-02 4.e-02 4.e-02 4.e-02 4.e-02
 4.e-02 4.e-02 4.e-02 4.e-02 4.e-02 4.e-02 4.e-02 4.e-02 4.e-02 4.e-02
 4.e-02 4.e-02 4.e-02 4.e-02 4.e-02 4.e-02 4.e-02 4.e-02 4.e-02 4.e-02
 4.e-02 4.e-02 4.e-02 4.e-02 4.e-02 4.e-02 4.e-02 4.e-02 2.e-02 1.e-06
 2.e-02 2.e-02]
order = 3
gene ranges = [(-0.05, 0.05), (-0.05, 0.05), (-0.05, 0.05), (-0.05, 0.05), (-0.05, 0.05), (-0.05, 0.05), (-0.05, 0.05), (-0.05, 0.05), (-0.05, 0.05), (-0.05, 0.05), (-0.05, 0.05), (-0.05, 0.05), (-0.05, 0.05), (-0.05, 0.05), (-0.05, 0.05), (-0.05, 0.05), (-0.05, 0.05), (-0.05, 0.05), (-0.05, 0.05), (-0.05, 0.05), (-0.05, 0.05), (-0.05, 0.05), (-0.05, 0.05), (-0.05, 0.05), (-0.05, 0.05), (-0.05, 0.05), (-0.05, 0.05), (-0.05, 0.05), (-0.05, 0.05), (-0.05, 0.05), (-0.05, 0.05), (-0.05, 0.05), (-0.05, 0.05), (-0.05, 0.05), (-0.05, 0.05), (-0.05, 0.05), (-0.05, 0.05), (-0.05, 0.05), (-0.05, 0.05), (-0.05, 0.05), (-0.05, 0.05), (-0.05, 0.05), (-0.05, 0.05), (-0.05, 0.05), (-0.05, 0.05), (-0.05, 0.05), (-0.05, 0.05), (-0.05, 0.05), (0.98, 1.02), (-1e-05, 1e-05), (0.72, 0.82), (0.28, 0.38)]
