Best in last gen:
[-4.47598676e-02 -2.40932945e-03  8.98906382e-03 -2.99535237e-03
  2.56765142e-03 -4.76321926e-03 -1.03011917e-02  2.00434299e-04
 -1.42042842e-02 -3.65768186e-02  7.11674952e-03 -7.84730650e-03
 -7.79845230e-03  3.81494242e-02  1.88840750e-02 -9.58020508e-04
  1.47741348e-02  4.55478673e-03 -6.12812449e-03 -1.13304167e-02
  9.02999749e-03 -3.13035811e-02 -5.62243826e-03 -2.32566348e-02
  6.04660283e-03 -7.41151032e-03 -8.66607785e-03 -2.95243569e-02
  1.50237826e-02  1.45035749e-02 -3.06546150e-02 -3.77547929e-02
 -1.68878843e-02  1.51236693e-02 -3.00866939e-02 -9.60332848e-03
  2.83472753e-02 -1.63296261e-02  2.85674404e-02  3.00302109e-03
  4.38900634e-03 -3.62561910e-04  1.13995917e-02  1.71405389e-03
 -2.83235764e-02 -5.41695922e-03  5.11922880e-03  8.44774095e-03
  1.67502375e-02  1.95178694e-02  1.38060347e-02 -1.40946472e-02
 -3.87385329e-02  3.00704725e-03 -1.10043516e-02 -6.25792280e-03
  4.01809050e-03  1.71973822e-03 -1.05247129e-02 -1.03278090e-02
  3.95838966e-02  3.19720662e-02  3.79100651e-03 -1.47228208e-02
 -2.92437264e-02 -1.57561962e-02  8.42935492e-03  1.62689055e-02
  2.61371812e-03  1.24399152e-02 -5.16045113e-03  1.67710559e-02
 -1.33886352e-02 -6.14375950e-03  1.15022002e-02 -1.47525450e-02
 -1.83005541e-02 -2.16005280e-02  1.48917555e-02 -1.04300892e-02
  1.92548493e-03  1.42045775e-02 -3.01474204e-03 -2.32778777e-02
  2.21903769e-02  8.85225225e-04 -1.87942376e-02 -2.45864583e-03
 -1.78527999e-02  2.57018217e-02  1.82773293e-03  4.51051519e-03
 -8.09917306e-03 -1.71066813e-02 -1.75919869e-02 -2.07567435e-02
  3.63037230e-02 -1.85552015e-02 -2.67070240e-02 -1.09707398e-02
 -5.79070943e-03 -7.81144188e-03  4.66041866e-03  7.64345586e-03
 -1.77557530e-03  1.12896131e-02 -4.50603565e-03  1.06877822e-02
 -1.98923932e-03 -3.27326700e-02 -6.46648287e-03  7.02539426e-04
 -3.65832825e-02  4.97311939e-03 -6.37109636e-03 -3.65743625e-02
 -8.60170736e-05 -8.62295739e-03 -2.25655652e-03 -4.66641745e-03
  4.50382254e-01  9.92655277e-01  1.16583012e+00  6.99256412e-01]
Best fitness in last gen:
2.2034845887759513e-09
GA calculation time:
136.1012668609619

Initial parameters
population size = 1000
number of generations = 100
Real number of generations = 100
elitism = 2
crossover_rate = 0.95
mutation rate = 0.01
mutation range = [0.01 0.01 0.01 0.01 0.01 0.01 0.01 0.01 0.01 0.01 0.01 0.01 0.01 0.01
 0.01 0.01 0.01 0.01 0.01 0.01 0.01 0.01 0.01 0.01 0.01 0.01 0.01 0.01
 0.01 0.01 0.01 0.01 0.01 0.01 0.01 0.01 0.01 0.01 0.01 0.01 0.01 0.01
 0.01 0.01 0.01 0.01 0.01 0.01 0.01 0.01 0.01 0.01 0.01 0.01 0.01 0.01
 0.01 0.01 0.01 0.01 0.01 0.01 0.01 0.01 0.01 0.01 0.01 0.01 0.01 0.01
 0.01 0.01 0.01 0.01 0.01 0.01 0.01 0.01 0.01 0.01 0.01 0.01 0.01 0.01
 0.01 0.01 0.01 0.01 0.01 0.01 0.01 0.01 0.01 0.01 0.01 0.01 0.01 0.01
 0.01 0.01 0.01 0.01 0.01 0.01 0.01 0.01 0.01 0.01 0.01 0.01 0.01 0.01
 0.01 0.01 0.01 0.01 0.01 0.01 0.01 0.01 0.2  0.02 0.01 0.01]
order = 5
gene ranges = [(-0.05, 0.05), (-0.05, 0.05), (-0.05, 0.05), (-0.05, 0.05), (-0.05, 0.05), (-0.05, 0.05), (-0.05, 0.05), (-0.05, 0.05), (-0.05, 0.05), (-0.05, 0.05), (-0.05, 0.05), (-0.05, 0.05), (-0.05, 0.05), (-0.05, 0.05), (-0.05, 0.05), (-0.05, 0.05), (-0.05, 0.05), (-0.05, 0.05), (-0.05, 0.05), (-0.05, 0.05), (-0.05, 0.05), (-0.05, 0.05), (-0.05, 0.05), (-0.05, 0.05), (-0.05, 0.05), (-0.05, 0.05), (-0.05, 0.05), (-0.05, 0.05), (-0.05, 0.05), (-0.05, 0.05), (-0.05, 0.05), (-0.05, 0.05), (-0.05, 0.05), (-0.05, 0.05), (-0.05, 0.05), (-0.05, 0.05), (-0.05, 0.05), (-0.05, 0.05), (-0.05, 0.05), (-0.05, 0.05), (-0.05, 0.05), (-0.05, 0.05), (-0.05, 0.05), (-0.05, 0.05), (-0.05, 0.05), (-0.05, 0.05), (-0.05, 0.05), (-0.05, 0.05), (-0.05, 0.05), (-0.05, 0.05), (-0.05, 0.05), (-0.05, 0.05), (-0.05, 0.05), (-0.05, 0.05), (-0.05, 0.05), (-0.05, 0.05), (-0.05, 0.05), (-0.05, 0.05), (-0.05, 0.05), (-0.05, 0.05), (-0.05, 0.05), (-0.05, 0.05), (-0.05, 0.05), (-0.05, 0.05), (-0.05, 0.05), (-0.05, 0.05), (-0.05, 0.05), (-0.05, 0.05), (-0.05, 0.05), (-0.05, 0.05), (-0.05, 0.05), (-0.05, 0.05), (-0.05, 0.05), (-0.05, 0.05), (-0.05, 0.05), (-0.05, 0.05), (-0.05, 0.05), (-0.05, 0.05), (-0.05, 0.05), (-0.05, 0.05), (-0.05, 0.05), (-0.05, 0.05), (-0.05, 0.05), (-0.05, 0.05), (-0.05, 0.05), (-0.05, 0.05), (-0.05, 0.05), (-0.05, 0.05), (-0.05, 0.05), (-0.05, 0.05), (-0.05, 0.05), (-0.05, 0.05), (-0.05, 0.05), (-0.05, 0.05), (-0.05, 0.05), (-0.05, 0.05), (-0.05, 0.05), (-0.05, 0.05), (-0.05, 0.05), (-0.05, 0.05), (-0.05, 0.05), (-0.05, 0.05), (-0.05, 0.05), (-0.05, 0.05), (-0.05, 0.05), (-0.05, 0.05), (-0.05, 0.05), (-0.05, 0.05), (-0.05, 0.05), (-0.05, 0.05), (-0.05, 0.05), (-0.05, 0.05), (-0.05, 0.05), (-0.05, 0.05), (-0.05, 0.05), (-0.05, 0.05), (-0.05, 0.05), (-0.05, 0.05), (-0.05, 0.05), (-0.05, 0.05), (-0.2, 0.2), (0.98, 1.02), (1.16, 1.18), (0.69, 0.71)]
