Best in last gen:
[ 8.85918001e-02 -2.68880441e-02  2.65107967e-02  1.50209776e-02
 -3.04244428e-02 -3.18710302e-02 -6.31937672e-02 -2.85278549e-02
 -5.87582835e-03 -5.67077026e-02 -7.29627240e-03  4.29133634e-02
 -7.37187988e-02 -3.43765160e-02 -5.54606484e-02 -3.44742117e-02
  2.74099410e-02  1.65140155e-02 -3.13199662e-02  1.28938906e-02
 -5.60997696e-02 -3.59670705e-03 -3.19130663e-03  4.06053958e-02
 -4.12837712e-02 -3.46595895e-02  2.25445865e-02  5.12777131e-02
  2.15636630e-02 -5.67972314e-02  1.01450981e-02 -4.48491100e-02
  6.69612776e-02 -1.75870566e-02 -2.17244676e-04 -2.13572994e-02
  2.23699977e-02  9.48224671e-03 -4.54893873e-02 -1.06545937e-03
  4.64339896e-03 -1.07803974e-02 -1.45056322e-02 -2.29602790e-02
 -5.67418658e-02  9.46704465e-03 -3.75754574e-03 -5.36294158e-02
  9.95978159e-01  4.57976883e-01  6.97029139e-01  1.78741709e-01]
Best fitness in last gen:
2.600097983288884e-07

Best in all:
[ 8.85918001e-02 -2.68880441e-02  2.65107967e-02  1.50209776e-02
 -3.04244428e-02 -3.18710302e-02 -6.31937672e-02 -2.85278549e-02
 -5.87582835e-03 -5.67077026e-02 -7.29627240e-03  4.29133634e-02
 -7.37187988e-02 -3.43765160e-02 -5.54606484e-02 -3.44742117e-02
  2.74099410e-02  1.65140155e-02 -3.13199662e-02  1.28938906e-02
 -5.60997696e-02 -3.59670705e-03 -3.19130663e-03  4.06053958e-02
 -4.12837712e-02 -3.46595895e-02  2.25445865e-02  5.12777131e-02
  2.15636630e-02 -5.67972314e-02  1.01450981e-02 -4.48491100e-02
  6.69612776e-02 -1.75870566e-02 -2.17244676e-04 -2.13572994e-02
  2.23699977e-02  9.48224671e-03 -4.54893873e-02 -1.06545937e-03
  4.64339896e-03 -1.07803974e-02 -1.45056322e-02 -2.29602790e-02
 -5.67418658e-02  9.46704465e-03 -3.75754574e-03 -5.36294158e-02
  9.95978159e-01  4.57976883e-01  6.97029139e-01  1.78741709e-01]
Best fitness in all:
2.600097983288884e-07

Initial parameters
population size = 20
number of generations = 10000
Real number of generations = 10000
elitism = 2
crossover_rate = 0.95
mutation rate = 0.007
mutation range = 0.1
order = 3
gene ranges = ((-0.1, 0.1), (0.98, 1.02), (-2, 2), (0.45, 1.05), (0.05, 0.65))
