Best in last gen:
[-1.47644700e-02 -7.48838654e-03  7.32652965e-03 -3.61613038e-02
 -6.74102249e-04  2.13806223e-02  5.61797135e-02 -1.74751823e-02
 -1.08158937e-02 -1.78012389e-02 -6.63992036e-03  8.38012270e-03
  1.40089938e-01  1.64337061e-03  7.41891624e-03  1.70180413e-02
 -6.03453601e-03  1.11713284e-02  2.35657493e-03  4.79485001e-03
  1.49071352e-02  3.17213278e-02  8.18077813e-03 -1.24603698e-02
  4.78100030e-03  3.73714710e-02 -5.66650326e-04  3.31301381e-02
  1.66969110e-02  2.46407938e-02 -1.05253562e-02  2.16555808e-02
  1.03405126e-02  1.83194685e-02  1.15202580e-02 -6.35245465e-03
 -5.55737842e-02  3.13256074e-02 -3.45789938e-04  1.96541073e-02
  2.06042252e-03 -7.66365279e-03 -1.47733218e-01 -4.84727722e-03
  8.14639921e-03 -4.56423161e-02 -1.10205113e-01  1.17524749e-02
  9.93012680e-01  4.10037555e-07  2.93858498e-01  6.77576346e-01]
Best fitness in last gen:
8.25949174118886e-07
GA calculation time:
4802.4576206207275

Initial parameters
population size = 100
number of generations = 20000
Real number of generations = 20000
elitism = 2
crossover_rate = 0.95
mutation rate = 0.01
mutation range = [4.e-02 4.e-02 4.e-02 4.e-02 4.e-02 4.e-02 4.e-02 4.e-02 4.e-02 4.e-02
 4.e-02 4.e-02 4.e-02 4.e-02 4.e-02 4.e-02 4.e-02 4.e-02 4.e-02 4.e-02
 4.e-02 4.e-02 4.e-02 4.e-02 4.e-02 4.e-02 4.e-02 4.e-02 4.e-02 4.e-02
 4.e-02 4.e-02 4.e-02 4.e-02 4.e-02 4.e-02 4.e-02 4.e-02 4.e-02 4.e-02
 4.e-02 4.e-02 4.e-02 4.e-02 4.e-02 4.e-02 4.e-02 4.e-02 2.e-02 1.e-06
 1.e-02 1.e-02]
order = 3
gene ranges = [(-0.05, 0.05), (-0.05, 0.05), (-0.05, 0.05), (-0.05, 0.05), (-0.05, 0.05), (-0.05, 0.05), (-0.05, 0.05), (-0.05, 0.05), (-0.05, 0.05), (-0.05, 0.05), (-0.05, 0.05), (-0.05, 0.05), (-0.05, 0.05), (-0.05, 0.05), (-0.05, 0.05), (-0.05, 0.05), (-0.05, 0.05), (-0.05, 0.05), (-0.05, 0.05), (-0.05, 0.05), (-0.05, 0.05), (-0.05, 0.05), (-0.05, 0.05), (-0.05, 0.05), (-0.05, 0.05), (-0.05, 0.05), (-0.05, 0.05), (-0.05, 0.05), (-0.05, 0.05), (-0.05, 0.05), (-0.05, 0.05), (-0.05, 0.05), (-0.05, 0.05), (-0.05, 0.05), (-0.05, 0.05), (-0.05, 0.05), (-0.05, 0.05), (-0.05, 0.05), (-0.05, 0.05), (-0.05, 0.05), (-0.05, 0.05), (-0.05, 0.05), (-0.05, 0.05), (-0.05, 0.05), (-0.05, 0.05), (-0.05, 0.05), (-0.05, 0.05), (-0.05, 0.05), (0.98, 1.02), (-1e-05, 1e-05), (0.25, 0.35), (0.63, 0.73)]
