Best in last gen:
[-1.82431392e-02  6.79532629e-02  4.43526475e-02  1.01359750e-02
  4.30788512e-02  5.20868123e-02  6.42508756e-02  6.96378437e-02
  1.92905185e-02 -6.98430874e-02  4.20500548e-02  7.11163914e-02
 -1.57816264e-02 -1.90296530e-02 -9.05037845e-02 -1.21131952e-02
  5.37572171e-02 -3.08236420e-03 -5.32708037e-02 -4.05288183e-02
 -9.16676875e-02  6.82847745e-02  9.39601041e-02  3.86326854e-02
  7.62814468e-02 -9.76910883e-02  1.17667269e-02  9.94167284e-02
  2.07960229e-02  1.64002455e-03  3.46221560e-02 -8.99576074e-02
 -2.07191787e-02  2.59524555e-02 -1.74839336e-02  9.54698725e-03
 -3.71784434e-02  2.65472091e-02  4.83427807e-02  2.86961904e-02
 -8.84444768e-02  5.90057239e-02  2.77446501e-02 -9.24719717e-02
  8.57600795e-02  1.52287180e-02  3.17030987e-02 -6.24476031e-02
  9.92796849e-01  9.35428828e-06  8.02673501e-01  3.02715941e-01]
Best fitness in last gen:
inf
GA calculation time:
2.248661994934082

Initial parameters
population size = 300
number of generations = 2000
Real number of generations = 1
elitism = 2
crossover_rate = 0.95
mutation rate = 0.01
mutation range = [4.e-02 4.e-02 4.e-02 4.e-02 4.e-02 4.e-02 4.e-02 4.e-02 4.e-02 4.e-02
 4.e-02 4.e-02 4.e-02 4.e-02 4.e-02 4.e-02 4.e-02 4.e-02 4.e-02 4.e-02
 4.e-02 4.e-02 4.e-02 4.e-02 4.e-02 4.e-02 4.e-02 4.e-02 4.e-02 4.e-02
 4.e-02 4.e-02 4.e-02 4.e-02 4.e-02 4.e-02 4.e-02 4.e-02 4.e-02 4.e-02
 4.e-02 4.e-02 4.e-02 4.e-02 4.e-02 4.e-02 4.e-02 4.e-02 2.e-02 1.e-06
 2.e-02 2.e-02]
order = 3
gene ranges = [(-0.1, 0.1), (-0.1, 0.1), (-0.1, 0.1), (-0.1, 0.1), (-0.1, 0.1), (-0.1, 0.1), (-0.1, 0.1), (-0.1, 0.1), (-0.1, 0.1), (-0.1, 0.1), (-0.1, 0.1), (-0.1, 0.1), (-0.1, 0.1), (-0.1, 0.1), (-0.1, 0.1), (-0.1, 0.1), (-0.1, 0.1), (-0.1, 0.1), (-0.1, 0.1), (-0.1, 0.1), (-0.1, 0.1), (-0.1, 0.1), (-0.1, 0.1), (-0.1, 0.1), (-0.1, 0.1), (-0.1, 0.1), (-0.1, 0.1), (-0.1, 0.1), (-0.1, 0.1), (-0.1, 0.1), (-0.1, 0.1), (-0.1, 0.1), (-0.1, 0.1), (-0.1, 0.1), (-0.1, 0.1), (-0.1, 0.1), (-0.1, 0.1), (-0.1, 0.1), (-0.1, 0.1), (-0.1, 0.1), (-0.1, 0.1), (-0.1, 0.1), (-0.1, 0.1), (-0.1, 0.1), (-0.1, 0.1), (-0.1, 0.1), (-0.1, 0.1), (-0.1, 0.1), (0.98, 1.02), (-1e-05, 1e-05), (0.72, 0.82), (0.28, 0.38)]
