Best in last gen:
[-7.53876630e-03 -2.12253927e-02 -1.04264135e-03 -1.31891331e-02
 -6.51894406e-03 -2.62744306e-03 -3.27531695e-02  4.15672945e-03
 -1.17581809e-02  3.23639333e-03 -2.37709445e-02  2.79101056e-02
 -6.55306803e-03 -1.53085301e-02  1.97298809e-02 -7.16710385e-05
  3.16476340e-03  1.07815684e-02 -3.10258437e-02  1.37373586e-02
  7.18911137e-03  5.44032382e-02  3.19807274e-02 -1.74093274e-02
 -1.55627789e-02 -2.07114514e-02  1.58243125e-02 -4.14071279e-03
 -2.45982587e-02  7.64602960e-03  1.38400840e-02  2.76738876e-02
 -8.46537729e-03 -9.04331494e-03 -1.26776273e-02 -8.31715056e-03
 -1.17430315e-02 -1.87032506e-03  1.44952364e-02  8.81697595e-03
 -5.87584197e-03  1.42065628e-02 -4.27786051e-03  3.28767689e-02
  1.40933175e-02  4.58127285e-03 -2.03634709e-02  7.22411831e-03
 -1.72475388e-02 -7.09917058e-03 -2.41519412e-02  4.89560170e-03
  1.05777107e-02  9.97103699e-03 -1.54172963e-02  1.35968594e-02
 -2.59242796e-02  1.86379501e-02 -5.37635226e-02 -5.27685279e-03
 -2.48779491e-02 -1.06144305e-02 -8.75412661e-03 -3.72055905e-02
 -5.00696344e-02  9.32572613e-03 -1.57464078e-02  8.81195738e-03
 -3.15519296e-02 -8.20278169e-03 -5.52786492e-03 -3.67358626e-03
 -1.12112800e-02  9.46543505e-03 -3.36441384e-03 -3.27683124e-02
 -1.35524103e-03  1.57191262e-02 -2.92841930e-02  1.97838139e-02
  9.93802739e-01  4.44657494e-07  7.29276873e-01  5.76951685e-01]
Best fitness in last gen:
1.3713949735613215e-06
GA calculation time:
1545.5834143161774

Initial parameters
population size = 300
number of generations = 1500
Real number of generations = 1500
elitism = 2
crossover_rate = 0.95
mutation rate = 0.01
mutation range = [4.e-02 4.e-02 4.e-02 4.e-02 4.e-02 4.e-02 4.e-02 4.e-02 4.e-02 4.e-02
 4.e-02 4.e-02 4.e-02 4.e-02 4.e-02 4.e-02 4.e-02 4.e-02 4.e-02 4.e-02
 4.e-02 4.e-02 4.e-02 4.e-02 4.e-02 4.e-02 4.e-02 4.e-02 4.e-02 4.e-02
 4.e-02 4.e-02 4.e-02 4.e-02 4.e-02 4.e-02 4.e-02 4.e-02 4.e-02 4.e-02
 4.e-02 4.e-02 4.e-02 4.e-02 4.e-02 4.e-02 4.e-02 4.e-02 4.e-02 4.e-02
 4.e-02 4.e-02 4.e-02 4.e-02 4.e-02 4.e-02 4.e-02 4.e-02 4.e-02 4.e-02
 4.e-02 4.e-02 4.e-02 4.e-02 4.e-02 4.e-02 4.e-02 4.e-02 4.e-02 4.e-02
 4.e-02 4.e-02 4.e-02 4.e-02 4.e-02 4.e-02 4.e-02 4.e-02 4.e-02 4.e-02
 2.e-02 1.e-06 2.e-02 2.e-02]
order = 4
gene ranges = [(-0.1, 0.1), (-0.1, 0.1), (-0.1, 0.1), (-0.1, 0.1), (-0.1, 0.1), (-0.1, 0.1), (-0.1, 0.1), (-0.1, 0.1), (-0.1, 0.1), (-0.1, 0.1), (-0.1, 0.1), (-0.1, 0.1), (-0.1, 0.1), (-0.1, 0.1), (-0.1, 0.1), (-0.1, 0.1), (-0.1, 0.1), (-0.1, 0.1), (-0.1, 0.1), (-0.1, 0.1), (-0.1, 0.1), (-0.1, 0.1), (-0.1, 0.1), (-0.1, 0.1), (-0.1, 0.1), (-0.1, 0.1), (-0.1, 0.1), (-0.1, 0.1), (-0.1, 0.1), (-0.1, 0.1), (-0.1, 0.1), (-0.1, 0.1), (-0.1, 0.1), (-0.1, 0.1), (-0.1, 0.1), (-0.1, 0.1), (-0.1, 0.1), (-0.1, 0.1), (-0.1, 0.1), (-0.1, 0.1), (-0.1, 0.1), (-0.1, 0.1), (-0.1, 0.1), (-0.1, 0.1), (-0.1, 0.1), (-0.1, 0.1), (-0.1, 0.1), (-0.1, 0.1), (-0.1, 0.1), (-0.1, 0.1), (-0.1, 0.1), (-0.1, 0.1), (-0.1, 0.1), (-0.1, 0.1), (-0.1, 0.1), (-0.1, 0.1), (-0.1, 0.1), (-0.1, 0.1), (-0.1, 0.1), (-0.1, 0.1), (-0.1, 0.1), (-0.1, 0.1), (-0.1, 0.1), (-0.1, 0.1), (-0.1, 0.1), (-0.1, 0.1), (-0.1, 0.1), (-0.1, 0.1), (-0.1, 0.1), (-0.1, 0.1), (-0.1, 0.1), (-0.1, 0.1), (-0.1, 0.1), (-0.1, 0.1), (-0.1, 0.1), (-0.1, 0.1), (-0.1, 0.1), (-0.1, 0.1), (-0.1, 0.1), (-0.1, 0.1), (0.98, 1.02), (-1e-05, 1e-05), (0.71, 0.75), (0.55, 0.59)]
