Best in last gen:
[-0.01930655  0.00639369 -0.01139841  0.01550396 -0.0497703   0.07473011
  0.01709844  0.00298427 -0.03199134 -0.01497638  0.00167888  0.04095322
 -0.02171886 -0.02112448  0.04661773 -0.01059655 -0.00455431 -0.0101664
  0.00681142  0.0025695   0.00736399  0.01952911  0.04769481  0.00796023
 -0.00849571  0.02154244  0.00511084  0.06401272  0.03766405 -0.03273107
 -0.03283092 -0.03974846 -0.00810014  0.00375049 -0.01327262 -0.00928241
  0.02400858 -0.00457847 -0.00612834  0.00458229 -0.01152817  0.00963812
 -0.06086438  0.05841908  0.03937857 -0.03582955 -0.02033985 -0.01889175
  1.02065182  0.18465678  0.60331474  1.25835858]
Best fitness in last gen:
5.3932310722184146e-05

Best in all:
[-0.01930655  0.00639369 -0.01139841  0.01550396 -0.0497703   0.07473011
  0.01709844  0.00298427 -0.03199134 -0.01497638  0.00167888  0.04095322
 -0.02171886 -0.02112448  0.04661773 -0.01059655 -0.00455431 -0.0101664
  0.00681142  0.0025695   0.00736399  0.01952911  0.04769481  0.00796023
 -0.00849571  0.02154244  0.00511084  0.06401272  0.03766405 -0.03273107
 -0.03283092 -0.03974846 -0.00810014  0.00375049 -0.01327262 -0.00928241
  0.02400858 -0.00457847 -0.00612834  0.00458229 -0.01152817  0.00963812
 -0.06086438  0.05841908  0.03937857 -0.03582955 -0.02033985 -0.01889175
  1.02065182  0.18465678  0.60331474  1.25835858]
Best fitness in all:
5.3932310722184146e-05
GA calculation time:
4864.939876317978

Initial parameters
population size = 500
number of generations = 10000
Real number of generations = 10000
elitism = 2
crossover_rate = 0.95
mutation rate = 0.02
mutation range = [0.1  0.1  0.1  0.1  0.1  0.1  0.1  0.1  0.1  0.1  0.1  0.1  0.1  0.1
 0.1  0.1  0.1  0.1  0.1  0.1  0.1  0.1  0.1  0.1  0.1  0.1  0.1  0.1
 0.1  0.1  0.1  0.1  0.1  0.1  0.1  0.1  0.1  0.1  0.1  0.1  0.1  0.1
 0.1  0.1  0.1  0.1  0.1  0.1  0.04 3.6  0.1  0.1 ]
order = 3
gene ranges = ((-0.05, 0.05), (0.98, 1.02), (-0.8, 0.8), (0.55, 0.65), (1.2, 1.3))
