Best in last gen:
[-2.41733809e-02 -6.44397798e-03  1.09622345e-02  1.19547339e-02
  6.43535034e-03 -4.89979744e-02 -2.01887120e-02  2.53558646e-02
  2.07557511e-02 -5.03121366e-03  5.23227203e-03 -1.18164927e-02
  1.53444550e-02  7.91256552e-03 -4.64673373e-03 -1.87329477e-02
 -2.58891748e-02  3.28689316e-03  1.01528951e-02  2.68516461e-02
  9.53014761e-03  1.06459138e-02  6.14061570e-03  5.75525010e-03
 -1.81775261e-02  7.26642124e-03  6.10713246e-03 -4.09187638e-03
  1.32523102e-02 -1.98013006e-02  8.36732077e-03 -1.22907042e-02
 -6.66866862e-03 -2.74967565e-02 -1.00624681e-02  1.38025057e-02
  1.08910232e-02 -2.81240738e-02 -2.85929012e-03 -1.67455442e-02
  1.17273212e-02 -6.55689170e-04 -1.14109450e-03  1.92785469e-02
  1.68685156e-02 -1.01047609e-02  8.06351487e-03 -8.24321277e-03
  1.04957707e-02 -7.76493101e-04  1.13329418e-02  1.56563274e-02
 -5.78922254e-03 -4.16835930e-02 -4.64130632e-02 -1.12809794e-02
 -2.55080300e-04  5.35676876e-02  5.63001207e-03 -5.09160086e-03
 -3.05724145e-02 -1.65048528e-02 -1.17312420e-03 -2.84065809e-04
 -1.43630495e-03  6.66688291e-03  7.04565900e-03  7.64453165e-03
  7.94704456e-03  4.80300993e-03 -1.82477251e-02  2.89627393e-03
 -1.00646166e-02 -4.95601386e-03  2.83153205e-03  3.06545747e-03
 -6.33211469e-03 -7.40296829e-03 -1.10175151e-02 -2.35889527e-02
  9.92832630e-01 -4.51836433e-06  9.26411597e-01  1.96218725e-01]
Best fitness in last gen:
1.4594926833742723e-05
GA calculation time:
29611.797421216965

Initial parameters
population size = 500
number of generations = 20000
Real number of generations = 20000
elitism = 2
crossover_rate = 0.95
mutation rate = 0.01
mutation range = [3.e-02 3.e-02 3.e-02 3.e-02 3.e-02 3.e-02 3.e-02 3.e-02 3.e-02 3.e-02
 3.e-02 3.e-02 3.e-02 3.e-02 3.e-02 3.e-02 3.e-02 3.e-02 3.e-02 3.e-02
 3.e-02 3.e-02 3.e-02 3.e-02 3.e-02 3.e-02 3.e-02 3.e-02 3.e-02 3.e-02
 3.e-02 3.e-02 3.e-02 3.e-02 3.e-02 3.e-02 3.e-02 3.e-02 3.e-02 3.e-02
 3.e-02 3.e-02 3.e-02 3.e-02 3.e-02 3.e-02 3.e-02 3.e-02 3.e-02 3.e-02
 3.e-02 3.e-02 3.e-02 3.e-02 3.e-02 3.e-02 3.e-02 3.e-02 3.e-02 3.e-02
 3.e-02 3.e-02 3.e-02 3.e-02 3.e-02 3.e-02 3.e-02 3.e-02 3.e-02 3.e-02
 3.e-02 3.e-02 3.e-02 3.e-02 3.e-02 3.e-02 3.e-02 3.e-02 3.e-02 3.e-02
 2.e-02 1.e-06 3.e-02 3.e-02]
order = 4
gene ranges = [(-0.03, 0.03), (-0.03, 0.03), (-0.03, 0.03), (-0.03, 0.03), (-0.03, 0.03), (-0.03, 0.03), (-0.03, 0.03), (-0.03, 0.03), (-0.03, 0.03), (-0.03, 0.03), (-0.03, 0.03), (-0.03, 0.03), (-0.03, 0.03), (-0.03, 0.03), (-0.03, 0.03), (-0.03, 0.03), (-0.03, 0.03), (-0.03, 0.03), (-0.03, 0.03), (-0.03, 0.03), (-0.03, 0.03), (-0.03, 0.03), (-0.03, 0.03), (-0.03, 0.03), (-0.03, 0.03), (-0.03, 0.03), (-0.03, 0.03), (-0.03, 0.03), (-0.03, 0.03), (-0.03, 0.03), (-0.03, 0.03), (-0.03, 0.03), (-0.03, 0.03), (-0.03, 0.03), (-0.03, 0.03), (-0.03, 0.03), (-0.03, 0.03), (-0.03, 0.03), (-0.03, 0.03), (-0.03, 0.03), (-0.03, 0.03), (-0.03, 0.03), (-0.03, 0.03), (-0.03, 0.03), (-0.03, 0.03), (-0.03, 0.03), (-0.03, 0.03), (-0.03, 0.03), (-0.03, 0.03), (-0.03, 0.03), (-0.03, 0.03), (-0.03, 0.03), (-0.03, 0.03), (-0.03, 0.03), (-0.03, 0.03), (-0.03, 0.03), (-0.03, 0.03), (-0.03, 0.03), (-0.03, 0.03), (-0.03, 0.03), (-0.03, 0.03), (-0.03, 0.03), (-0.03, 0.03), (-0.03, 0.03), (-0.03, 0.03), (-0.03, 0.03), (-0.03, 0.03), (-0.03, 0.03), (-0.03, 0.03), (-0.03, 0.03), (-0.03, 0.03), (-0.03, 0.03), (-0.03, 0.03), (-0.03, 0.03), (-0.03, 0.03), (-0.03, 0.03), (-0.03, 0.03), (-0.03, 0.03), (-0.03, 0.03), (-0.03, 0.03), (0.98, 1.02), (-1e-05, 1e-05), (0.91, 0.95), (0.19, 0.23)]