Best in last gen:
[ 3.26881211e-03  1.54974329e-02  3.53665470e-02  1.50573268e-02
  3.31146956e-02 -9.89245209e-03 -3.27298406e-02 -1.15180518e-02
  4.18666385e-05  1.87118253e-02  2.81493951e-02 -1.32654032e-02
 -9.34557454e-02  6.30154437e-02 -3.53967492e-02 -7.27104936e-03
  1.07280639e-03 -2.56995315e-02  7.60940482e-03 -2.10837007e-02
  2.54711486e-03  4.26214881e-04  2.00091133e-02 -3.12459387e-02
 -1.72414531e-02  2.03658747e-02 -5.99380686e-03 -1.85328629e-02
  1.31471178e-02 -2.99057214e-02  9.30442160e-04 -1.43441620e-02
 -1.31303795e-02 -8.99200455e-04  2.08921587e-03 -7.26217979e-02
  1.00256040e-02  1.58757740e-02  2.42691167e-02  2.45181514e-02
  6.03750342e-03  2.21418177e-02 -2.51789080e-02  2.79974790e-02
  5.35894411e-03  1.65018220e-03  3.37907065e-02 -4.20907294e-03
  9.91898382e-01  3.19028581e-06  7.13846709e-01  5.64837640e-01]
Best fitness in last gen:
3.059118578041851e-06
GA calculation time:
613.1236779689789

Initial parameters
population size = 250
number of generations = 2000
Real number of generations = 2000
elitism = 2
crossover_rate = 0.95
mutation rate = 0.01
mutation range = [4.e-02 4.e-02 4.e-02 4.e-02 4.e-02 4.e-02 4.e-02 4.e-02 4.e-02 4.e-02
 4.e-02 4.e-02 4.e-02 4.e-02 4.e-02 4.e-02 4.e-02 4.e-02 4.e-02 4.e-02
 4.e-02 4.e-02 4.e-02 4.e-02 4.e-02 4.e-02 4.e-02 4.e-02 4.e-02 4.e-02
 4.e-02 4.e-02 4.e-02 4.e-02 4.e-02 4.e-02 4.e-02 4.e-02 4.e-02 4.e-02
 4.e-02 4.e-02 4.e-02 4.e-02 4.e-02 4.e-02 4.e-02 4.e-02 2.e-02 1.e-06
 2.e-02 2.e-02]
order = 3
gene ranges = [(-0.04, 0.04), (-0.04, 0.04), (-0.04, 0.04), (-0.04, 0.04), (-0.04, 0.04), (-0.04, 0.04), (-0.04, 0.04), (-0.04, 0.04), (-0.04, 0.04), (-0.04, 0.04), (-0.04, 0.04), (-0.04, 0.04), (-0.04, 0.04), (-0.04, 0.04), (-0.04, 0.04), (-0.04, 0.04), (-0.04, 0.04), (-0.04, 0.04), (-0.04, 0.04), (-0.04, 0.04), (-0.04, 0.04), (-0.04, 0.04), (-0.04, 0.04), (-0.04, 0.04), (-0.04, 0.04), (-0.04, 0.04), (-0.04, 0.04), (-0.04, 0.04), (-0.04, 0.04), (-0.04, 0.04), (-0.04, 0.04), (-0.04, 0.04), (-0.04, 0.04), (-0.04, 0.04), (-0.04, 0.04), (-0.04, 0.04), (-0.04, 0.04), (-0.04, 0.04), (-0.04, 0.04), (-0.04, 0.04), (-0.04, 0.04), (-0.04, 0.04), (-0.04, 0.04), (-0.04, 0.04), (-0.04, 0.04), (-0.04, 0.04), (-0.04, 0.04), (-0.04, 0.04), (0.98, 1.02), (-1e-05, 1e-05), (0.71, 0.75), (0.55, 0.59)]
