Best in last gen:
[ 2.48189712e-02  5.98744828e-02  1.22378759e-02 -1.04238939e-02
  1.10295328e-02 -8.40989899e-03  4.77487856e-03  2.16483606e-02
  6.33826493e-03  5.93215078e-02  1.09160086e-03  1.04987140e-02
 -1.43307110e-02  9.03197901e-05  1.48204456e-02 -1.44494800e-03
  3.83561530e-03  1.37805348e-02  1.32127556e-02  1.13758078e-02
  1.45417650e-02  1.52740604e-02 -7.54233540e-02  1.81818838e-02
  7.92500934e-03 -6.56943186e-03 -1.53344329e-02  5.93655751e-02
  1.29858210e-02  1.15972746e-02 -1.90689673e-02  9.03240506e-03
  1.86795616e-02  2.29725303e-02  7.89892574e-03 -4.63128969e-03
  7.30536304e-03  1.17352828e-03  6.13618762e-04  7.31421821e-03
  2.58864603e-03  1.79922547e-03 -1.64368225e-01 -3.40827415e-02
  1.83322192e-02 -2.02347189e-02 -3.90858752e-02  4.22333448e-02
  1.01055907e+00  1.76616587e-06  1.38129541e+00  5.19672242e-01]
Best fitness in last gen:
8.621318455508003e-06
GA calculation time:
2612.516299724579

Initial parameters
population size = 300
number of generations = 10000
Real number of generations = 10000
elitism = 2
crossover_rate = 0.95
mutation rate = 0.01
mutation range = [4.e-02 4.e-02 4.e-02 4.e-02 4.e-02 4.e-02 4.e-02 4.e-02 4.e-02 4.e-02
 4.e-02 4.e-02 4.e-02 4.e-02 4.e-02 4.e-02 4.e-02 4.e-02 4.e-02 4.e-02
 4.e-02 4.e-02 4.e-02 4.e-02 4.e-02 4.e-02 4.e-02 4.e-02 4.e-02 4.e-02
 4.e-02 4.e-02 4.e-02 4.e-02 4.e-02 4.e-02 4.e-02 4.e-02 4.e-02 4.e-02
 4.e-02 4.e-02 4.e-02 4.e-02 4.e-02 4.e-02 4.e-02 4.e-02 2.e-02 1.e-06
 2.e-02 2.e-02]
order = 3
gene ranges = [(-0.1, 0.1), (-0.1, 0.1), (-0.1, 0.1), (-0.1, 0.1), (-0.1, 0.1), (-0.1, 0.1), (-0.1, 0.1), (-0.1, 0.1), (-0.1, 0.1), (-0.1, 0.1), (-0.1, 0.1), (-0.1, 0.1), (-0.1, 0.1), (-0.1, 0.1), (-0.1, 0.1), (-0.1, 0.1), (-0.1, 0.1), (-0.1, 0.1), (-0.1, 0.1), (-0.1, 0.1), (-0.1, 0.1), (-0.1, 0.1), (-0.1, 0.1), (-0.1, 0.1), (-0.1, 0.1), (-0.1, 0.1), (-0.1, 0.1), (-0.1, 0.1), (-0.1, 0.1), (-0.1, 0.1), (-0.1, 0.1), (-0.1, 0.1), (-0.1, 0.1), (-0.1, 0.1), (-0.1, 0.1), (-0.1, 0.1), (-0.1, 0.1), (-0.1, 0.1), (-0.1, 0.1), (-0.1, 0.1), (-0.1, 0.1), (-0.1, 0.1), (-0.1, 0.1), (-0.1, 0.1), (-0.1, 0.1), (-0.1, 0.1), (-0.1, 0.1), (-0.1, 0.1), (0.98, 1.02), (-1e-05, 1e-05), (1.35, 1.41), (0.5, 0.56)]
