Best in last gen:
[-2.99687900e-02  2.33346671e-02  9.51298841e-02 -2.57426739e-02
 -4.04083930e-04  2.72657636e-03 -5.34361938e-02  4.82438922e-02
 -2.58770535e-02  9.37456025e-02 -1.42638122e-02 -3.45112292e-02
  5.96498047e-02 -2.40208514e-03  4.22980066e-02  2.99340505e-02
  2.17202422e-02  2.81812885e-02 -1.30510313e-02  2.89594698e-02
 -9.59486460e-03 -2.36961981e-02  1.03122328e-02 -6.17051634e-03
 -2.14267387e-02  1.66132574e-04  2.61835366e-02 -1.95406209e-02
  3.36409592e-03  3.42528886e-02  5.01116318e-02 -4.25353183e-02
  1.24732347e-02 -3.48143810e-02 -3.17705993e-02  1.49417109e-02
 -1.34860570e-02 -7.39041443e-02 -1.31558700e-02 -2.12434094e-02
  1.08553249e-02 -9.61547637e-03 -4.57773036e-02  8.87647283e-04
 -6.91443094e-03 -6.82791543e-04 -1.70516867e-02  1.41963154e-02
  1.01908275e+00 -4.56469429e-01  1.30462098e+00  8.17505250e-01]
Best fitness in last gen:
1.4428016971417212e-05

Best in all:
[-2.99687900e-02  2.33346671e-02  9.51298841e-02 -2.57426739e-02
 -4.04083930e-04  2.72657636e-03 -5.34361938e-02  4.82438922e-02
 -2.58770535e-02  9.37456025e-02 -1.42638122e-02 -3.45112292e-02
  5.96498047e-02 -2.40208514e-03  4.22980066e-02  2.99340505e-02
  2.17202422e-02  2.81812885e-02 -1.30510313e-02  2.89594698e-02
 -9.59486460e-03 -2.36961981e-02  1.03122328e-02 -6.17051634e-03
 -2.14267387e-02  1.66132574e-04  2.61835366e-02 -1.95406209e-02
  3.36409592e-03  3.42528886e-02  5.01116318e-02 -4.25353183e-02
  1.24732347e-02 -3.48143810e-02 -3.17705993e-02  1.49417109e-02
 -1.34860570e-02 -7.39041443e-02 -1.31558700e-02 -2.12434094e-02
  1.08553249e-02 -9.61547637e-03 -4.57773036e-02  8.87647283e-04
 -6.91443094e-03 -6.82791543e-04 -1.70516867e-02  1.41963154e-02
  1.01908275e+00 -4.56469429e-01  1.30462098e+00  8.17505250e-01]
Best fitness in all:
1.4428016971417212e-05
GA calculation time:
1649.3834807872772

Initial parameters
population size = 100
number of generations = 10000
Real number of generations = 10000
elitism = 2
crossover_rate = 0.95
mutation rate = 0.007
mutation range = 0.1
order = 3
gene ranges = ((-0.1, 0.1), (0.98, 1.02), (-2, 2), (1.2, 1.6), (0.65, 1.05))
