Best in last gen:
[ 4.99420377e-03  3.08663905e-02 -1.97760136e-02  7.96750173e-03
  7.68106248e-03 -1.75625619e-02 -1.43708523e-02  2.53482736e-02
 -1.07425934e-02 -7.88937270e-03  1.73976641e-02 -2.74540956e-03
 -1.77329185e-02  4.47829229e-03  1.74864920e-03  2.56547169e-04
 -2.70687203e-03  1.40699404e-03 -3.00319930e-02  6.68482727e-03
  9.10022372e-03 -9.92955513e-03  2.51282199e-02  7.61400854e-03
 -1.08829890e-02 -7.11029186e-03 -1.23011087e-02 -1.73526967e-02
  8.51844982e-04  4.58220956e-03  2.00135214e-02  1.89802564e-02
  2.83219440e-02 -2.91172576e-02 -1.80560757e-02 -2.87239331e-02
  4.37971054e-03 -2.26712161e-02  4.70190257e-03  2.75193908e-03
 -2.96282084e-04 -1.59015585e-02 -5.02610352e-03  2.63041342e-02
  1.47238884e-02 -1.32272255e-02  4.86712051e-04 -2.91992828e-02
  2.30073763e-02 -1.98354755e-02 -2.07324445e-02 -3.34681104e-03
  3.19726595e-03  8.72221124e-03 -1.33549109e-04 -4.53452651e-03
  9.39752488e-03 -4.41942175e-03 -2.83479537e-02 -4.96722049e-02
 -4.05377774e-03  1.02866106e-02  1.36868955e-03  3.45765259e-02
 -4.71514953e-03  1.91909821e-03  2.87609657e-02  3.49672914e-03
 -1.48901309e-02  1.50456720e-02  1.89147019e-02 -1.87125004e-02
  5.57828112e-03  1.08196609e-02  2.50198797e-02  2.93154464e-03
  1.62487603e-02  1.96179733e-02 -5.52514561e-04 -1.13199435e-02
 -1.13604161e-02 -5.82044155e-03 -5.50805337e-02 -1.30592949e-02
  1.42440455e-02  7.48563992e-03  8.36911241e-03  2.83328884e-02
  6.00905251e-03  6.37907715e-03 -6.42051895e-02  8.84971249e-03
  2.72100797e-02  1.47362736e-02 -1.55722688e-02 -3.34018791e-03
  1.26988765e-02 -3.81674695e-03  2.62685124e-03 -5.89273580e-03
  5.26331028e-03 -2.90622707e-02  2.42646858e-03  3.79561057e-03
 -2.99889861e-03 -2.82323840e-03  2.05838330e-02 -7.35109695e-03
  1.09396778e-02 -5.02135660e-03 -1.21411003e-02 -2.78163740e-02
  3.97813474e-04  1.53359787e-02 -1.38685385e-02  1.44170609e-02
 -4.38299766e-02  1.87083202e-04  1.58532384e-03 -1.90662812e-02
  9.98153463e-01 -7.44527789e-06  9.20098907e-01  2.00186310e-01]
Best fitness in last gen:
3.6616633904757606e-06
GA calculation time:
35473.87025475502

Initial parameters
population size = 500
number of generations = 20000
Real number of generations = 20000
elitism = 2
crossover_rate = 0.95
mutation rate = 0.01
mutation range = [4.e-02 4.e-02 4.e-02 4.e-02 4.e-02 4.e-02 4.e-02 4.e-02 4.e-02 4.e-02
 4.e-02 4.e-02 4.e-02 4.e-02 4.e-02 4.e-02 4.e-02 4.e-02 4.e-02 4.e-02
 4.e-02 4.e-02 4.e-02 4.e-02 4.e-02 4.e-02 4.e-02 4.e-02 4.e-02 4.e-02
 4.e-02 4.e-02 4.e-02 4.e-02 4.e-02 4.e-02 4.e-02 4.e-02 4.e-02 4.e-02
 4.e-02 4.e-02 4.e-02 4.e-02 4.e-02 4.e-02 4.e-02 4.e-02 4.e-02 4.e-02
 4.e-02 4.e-02 4.e-02 4.e-02 4.e-02 4.e-02 4.e-02 4.e-02 4.e-02 4.e-02
 4.e-02 4.e-02 4.e-02 4.e-02 4.e-02 4.e-02 4.e-02 4.e-02 4.e-02 4.e-02
 4.e-02 4.e-02 4.e-02 4.e-02 4.e-02 4.e-02 4.e-02 4.e-02 4.e-02 4.e-02
 4.e-02 4.e-02 4.e-02 4.e-02 4.e-02 4.e-02 4.e-02 4.e-02 4.e-02 4.e-02
 4.e-02 4.e-02 4.e-02 4.e-02 4.e-02 4.e-02 4.e-02 4.e-02 4.e-02 4.e-02
 4.e-02 4.e-02 4.e-02 4.e-02 4.e-02 4.e-02 4.e-02 4.e-02 4.e-02 4.e-02
 4.e-02 4.e-02 4.e-02 4.e-02 4.e-02 4.e-02 4.e-02 4.e-02 4.e-02 4.e-02
 2.e-02 1.e-06 2.e-02 2.e-02]
order = 5
gene ranges = [(-0.04, 0.04), (-0.04, 0.04), (-0.04, 0.04), (-0.04, 0.04), (-0.04, 0.04), (-0.04, 0.04), (-0.04, 0.04), (-0.04, 0.04), (-0.04, 0.04), (-0.04, 0.04), (-0.04, 0.04), (-0.04, 0.04), (-0.04, 0.04), (-0.04, 0.04), (-0.04, 0.04), (-0.04, 0.04), (-0.04, 0.04), (-0.04, 0.04), (-0.04, 0.04), (-0.04, 0.04), (-0.04, 0.04), (-0.04, 0.04), (-0.04, 0.04), (-0.04, 0.04), (-0.04, 0.04), (-0.04, 0.04), (-0.04, 0.04), (-0.04, 0.04), (-0.04, 0.04), (-0.04, 0.04), (-0.04, 0.04), (-0.04, 0.04), (-0.04, 0.04), (-0.04, 0.04), (-0.04, 0.04), (-0.04, 0.04), (-0.04, 0.04), (-0.04, 0.04), (-0.04, 0.04), (-0.04, 0.04), (-0.04, 0.04), (-0.04, 0.04), (-0.04, 0.04), (-0.04, 0.04), (-0.04, 0.04), (-0.04, 0.04), (-0.04, 0.04), (-0.04, 0.04), (-0.04, 0.04), (-0.04, 0.04), (-0.04, 0.04), (-0.04, 0.04), (-0.04, 0.04), (-0.04, 0.04), (-0.04, 0.04), (-0.04, 0.04), (-0.04, 0.04), (-0.04, 0.04), (-0.04, 0.04), (-0.04, 0.04), (-0.04, 0.04), (-0.04, 0.04), (-0.04, 0.04), (-0.04, 0.04), (-0.04, 0.04), (-0.04, 0.04), (-0.04, 0.04), (-0.04, 0.04), (-0.04, 0.04), (-0.04, 0.04), (-0.04, 0.04), (-0.04, 0.04), (-0.04, 0.04), (-0.04, 0.04), (-0.04, 0.04), (-0.04, 0.04), (-0.04, 0.04), (-0.04, 0.04), (-0.04, 0.04), (-0.04, 0.04), (-0.04, 0.04), (-0.04, 0.04), (-0.04, 0.04), (-0.04, 0.04), (-0.04, 0.04), (-0.04, 0.04), (-0.04, 0.04), (-0.04, 0.04), (-0.04, 0.04), (-0.04, 0.04), (-0.04, 0.04), (-0.04, 0.04), (-0.04, 0.04), (-0.04, 0.04), (-0.04, 0.04), (-0.04, 0.04), (-0.04, 0.04), (-0.04, 0.04), (-0.04, 0.04), (-0.04, 0.04), (-0.04, 0.04), (-0.04, 0.04), (-0.04, 0.04), (-0.04, 0.04), (-0.04, 0.04), (-0.04, 0.04), (-0.04, 0.04), (-0.04, 0.04), (-0.04, 0.04), (-0.04, 0.04), (-0.04, 0.04), (-0.04, 0.04), (-0.04, 0.04), (-0.04, 0.04), (-0.04, 0.04), (-0.04, 0.04), (-0.04, 0.04), (-0.04, 0.04), (-0.04, 0.04), (-0.04, 0.04), (0.98, 1.02), (-1e-05, 1e-05), (0.91, 0.95), (0.19, 0.23)]