Best in last gen:
[ 9.50268108e-04  3.66863653e-02  4.62196053e-03  1.49514720e-02
  1.40271327e-02 -2.92830074e-03  1.00902425e-02  6.89583222e-02
  8.16704498e-03 -5.75759326e-04  1.98442433e-02 -8.89116721e-03
  2.69741676e-02 -8.80906272e-03 -9.83972503e-03 -9.06264526e-03
  1.57696863e-02  6.70686615e-03  2.45445682e-03 -7.01276344e-03
  9.01169341e-03 -8.26853618e-03 -2.34067326e-03 -7.23197417e-03
  9.45667216e-03  3.92331376e-02  8.69152272e-03  2.13202311e-03
 -9.31273069e-03 -1.51264726e-03  2.58584752e-02  1.47475691e-02
 -2.98784058e-03  1.59852243e-03  4.19399400e-03 -8.15969940e-03
  9.15961234e-03 -3.32455949e-03 -3.82015145e-03 -3.50529456e-03
 -7.39273201e-03  6.91672678e-03  8.94567602e-03  4.81986604e-03
  6.82221799e-03  1.81450009e-03  1.20290179e-02  1.21445438e-02
  9.06542522e-03  8.14516200e-04 -3.15786128e-03 -1.36808358e-03
  4.09520777e-03 -3.48255039e-03  2.54429154e-03  3.19944385e-02
  2.68929995e-02 -2.91494888e-03 -2.03716939e-02 -7.79934652e-03
 -2.31894857e-02  3.84097248e-02 -2.42071706e-03 -2.12211805e-03
 -3.17316036e-03  2.68841993e-03 -2.34688286e-03  2.79933778e-02
 -1.03096438e-02  1.07424349e-02  1.51189429e-03 -1.59362150e-02
 -1.03582929e-02 -1.92642542e-03 -5.99015505e-04 -3.35850163e-02
  1.02443206e-02  2.53490610e-03 -2.19385960e-03 -7.41660653e-03
 -1.62712954e-02  5.21264868e-03 -9.20183316e-03  1.51751090e-03
  4.97301348e-03  4.72872777e-04 -7.78297478e-04 -1.19993568e-02
 -7.67940873e-03 -6.43854051e-03  1.81650823e-03 -1.56833554e-02
 -3.85158093e-03 -4.29260104e-03 -2.61533032e-03 -4.05165971e-05
 -1.79314761e-03 -8.05824041e-03 -7.92823684e-03 -1.04979169e-02
  3.99240846e-03  6.79550784e-03 -2.92809667e-03 -1.74101859e-03
 -1.06931934e-02 -8.54544185e-03 -6.25766069e-03 -1.13324671e-03
 -1.23049306e-02 -8.11961511e-03 -5.55140224e-04  2.04703987e-02
 -1.01312648e-02 -9.38352401e-03  4.03484202e-03  5.96070231e-02
  1.89542334e-02  1.27332939e-02 -1.18574767e-02 -6.44748225e-03
  9.89988982e-01  9.88781184e-01  1.17349340e+00  6.93936016e-01]
Best fitness in last gen:
8.336384522685895e-06
GA calculation time:
52275.716811180115

Initial parameters
population size = 500
number of generations = 30000
Real number of generations = 30000
elitism = 2
crossover_rate = 0.95
mutation rate = 0.01
mutation range = [0.01 0.01 0.01 0.01 0.01 0.01 0.01 0.01 0.01 0.01 0.01 0.01 0.01 0.01
 0.01 0.01 0.01 0.01 0.01 0.01 0.01 0.01 0.01 0.01 0.01 0.01 0.01 0.01
 0.01 0.01 0.01 0.01 0.01 0.01 0.01 0.01 0.01 0.01 0.01 0.01 0.01 0.01
 0.01 0.01 0.01 0.01 0.01 0.01 0.01 0.01 0.01 0.01 0.01 0.01 0.01 0.01
 0.01 0.01 0.01 0.01 0.01 0.01 0.01 0.01 0.01 0.01 0.01 0.01 0.01 0.01
 0.01 0.01 0.01 0.01 0.01 0.01 0.01 0.01 0.01 0.01 0.01 0.01 0.01 0.01
 0.01 0.01 0.01 0.01 0.01 0.01 0.01 0.01 0.01 0.01 0.01 0.01 0.01 0.01
 0.01 0.01 0.01 0.01 0.01 0.01 0.01 0.01 0.01 0.01 0.01 0.01 0.01 0.01
 0.01 0.01 0.01 0.01 0.01 0.01 0.01 0.01 0.2  0.02 0.01 0.01]
order = 5
gene ranges = [(-0.01, 0.01), (-0.01, 0.01), (-0.01, 0.01), (-0.01, 0.01), (-0.01, 0.01), (-0.01, 0.01), (-0.01, 0.01), (-0.01, 0.01), (-0.01, 0.01), (-0.01, 0.01), (-0.01, 0.01), (-0.01, 0.01), (-0.01, 0.01), (-0.01, 0.01), (-0.01, 0.01), (-0.01, 0.01), (-0.01, 0.01), (-0.01, 0.01), (-0.01, 0.01), (-0.01, 0.01), (-0.01, 0.01), (-0.01, 0.01), (-0.01, 0.01), (-0.01, 0.01), (-0.01, 0.01), (-0.01, 0.01), (-0.01, 0.01), (-0.01, 0.01), (-0.01, 0.01), (-0.01, 0.01), (-0.01, 0.01), (-0.01, 0.01), (-0.01, 0.01), (-0.01, 0.01), (-0.01, 0.01), (-0.01, 0.01), (-0.01, 0.01), (-0.01, 0.01), (-0.01, 0.01), (-0.01, 0.01), (-0.01, 0.01), (-0.01, 0.01), (-0.01, 0.01), (-0.01, 0.01), (-0.01, 0.01), (-0.01, 0.01), (-0.01, 0.01), (-0.01, 0.01), (-0.01, 0.01), (-0.01, 0.01), (-0.01, 0.01), (-0.01, 0.01), (-0.01, 0.01), (-0.01, 0.01), (-0.01, 0.01), (-0.01, 0.01), (-0.01, 0.01), (-0.01, 0.01), (-0.01, 0.01), (-0.01, 0.01), (-0.01, 0.01), (-0.01, 0.01), (-0.01, 0.01), (-0.01, 0.01), (-0.01, 0.01), (-0.01, 0.01), (-0.01, 0.01), (-0.01, 0.01), (-0.01, 0.01), (-0.01, 0.01), (-0.01, 0.01), (-0.01, 0.01), (-0.01, 0.01), (-0.01, 0.01), (-0.01, 0.01), (-0.01, 0.01), (-0.01, 0.01), (-0.01, 0.01), (-0.01, 0.01), (-0.01, 0.01), (-0.01, 0.01), (-0.01, 0.01), (-0.01, 0.01), (-0.01, 0.01), (-0.01, 0.01), (-0.01, 0.01), (-0.01, 0.01), (-0.01, 0.01), (-0.01, 0.01), (-0.01, 0.01), (-0.01, 0.01), (-0.01, 0.01), (-0.01, 0.01), (-0.01, 0.01), (-0.01, 0.01), (-0.01, 0.01), (-0.01, 0.01), (-0.01, 0.01), (-0.01, 0.01), (-0.01, 0.01), (-0.01, 0.01), (-0.01, 0.01), (-0.01, 0.01), (-0.01, 0.01), (-0.01, 0.01), (-0.01, 0.01), (-0.01, 0.01), (-0.01, 0.01), (-0.01, 0.01), (-0.01, 0.01), (-0.01, 0.01), (-0.01, 0.01), (-0.01, 0.01), (-0.01, 0.01), (-0.01, 0.01), (-0.01, 0.01), (-0.01, 0.01), (-0.01, 0.01), (-0.01, 0.01), (-0.01, 0.01), (-0.2, 0.2), (0.98, 1.02), (1.16, 1.18), (0.69, 0.71)]