Best in last gen:
[ 2.33448332e-03 -5.62921640e-03  9.38231598e-04  5.21019333e-04
  4.18542428e-03  8.73576810e-03  1.67041460e-02 -4.07798358e-03
  3.92556502e-03 -6.72280971e-03 -6.63561019e-03 -7.97317687e-04
  8.45587560e-02  1.85070930e-02  2.97246156e-03  5.92865968e-03
  1.66662717e-02  1.14877563e-02  1.59014679e-02  1.12391334e-02
 -3.40290206e-03  2.88666232e-03  2.45329261e-03  1.77619294e-03
  6.09833383e-03 -2.24044680e-03  1.29244711e-03  1.48400023e-02
  1.29073771e-02  8.68324860e-04 -8.41979876e-02 -4.99627523e-02
  2.09653851e-02 -2.11451675e-03 -2.16064292e-02  4.90641213e-03
  8.05885630e-03  3.40495243e-02  9.32898290e-03  5.91965749e-03
  2.01924863e-03  7.53072442e-04  9.87620353e-03 -1.33717935e-02
 -1.54427448e-02 -3.07400107e-03 -2.12483517e-02 -9.31428746e-03
  9.96774623e-01 -8.89527268e-08  7.68748357e-01  3.37152042e-01]
Best fitness in last gen:
0.0010735251330007078
GA calculation time:
189.5744128227234

Initial parameters
population size = 300
number of generations = 2000
Real number of generations = 397
elitism = 2
crossover_rate = 0.95
mutation rate = 0.01
mutation range = [4.e-02 4.e-02 4.e-02 4.e-02 4.e-02 4.e-02 4.e-02 4.e-02 4.e-02 4.e-02
 4.e-02 4.e-02 4.e-02 4.e-02 4.e-02 4.e-02 4.e-02 4.e-02 4.e-02 4.e-02
 4.e-02 4.e-02 4.e-02 4.e-02 4.e-02 4.e-02 4.e-02 4.e-02 4.e-02 4.e-02
 4.e-02 4.e-02 4.e-02 4.e-02 4.e-02 4.e-02 4.e-02 4.e-02 4.e-02 4.e-02
 4.e-02 4.e-02 4.e-02 4.e-02 4.e-02 4.e-02 4.e-02 4.e-02 2.e-02 1.e-06
 2.e-02 2.e-02]
order = 3
gene ranges = [(-0.1, 0.1), (-0.1, 0.1), (-0.1, 0.1), (-0.1, 0.1), (-0.1, 0.1), (-0.1, 0.1), (-0.1, 0.1), (-0.1, 0.1), (-0.1, 0.1), (-0.1, 0.1), (-0.1, 0.1), (-0.1, 0.1), (-0.1, 0.1), (-0.1, 0.1), (-0.1, 0.1), (-0.1, 0.1), (-0.1, 0.1), (-0.1, 0.1), (-0.1, 0.1), (-0.1, 0.1), (-0.1, 0.1), (-0.1, 0.1), (-0.1, 0.1), (-0.1, 0.1), (-0.1, 0.1), (-0.1, 0.1), (-0.1, 0.1), (-0.1, 0.1), (-0.1, 0.1), (-0.1, 0.1), (-0.1, 0.1), (-0.1, 0.1), (-0.1, 0.1), (-0.1, 0.1), (-0.1, 0.1), (-0.1, 0.1), (-0.1, 0.1), (-0.1, 0.1), (-0.1, 0.1), (-0.1, 0.1), (-0.1, 0.1), (-0.1, 0.1), (-0.1, 0.1), (-0.1, 0.1), (-0.1, 0.1), (-0.1, 0.1), (-0.1, 0.1), (-0.1, 0.1), (0.98, 1.02), (-1e-05, 1e-05), (0.72, 0.82), (0.28, 0.38)]
