Best in last gen:
[ 1.59062571e-02 -5.18171563e-02 -1.28999972e-02 -1.89530044e-03
  5.38631730e-02 -1.78468171e-02  1.50491973e-02 -1.42586905e-03
 -1.30612370e-02  9.00430305e-03  5.37189946e-02  1.33052034e-02
 -6.33959071e-02 -3.74570991e-02 -1.86583762e-02  1.00872526e-02
  6.35644526e-02 -3.08207372e-04  3.27640610e-02 -2.70141232e-02
 -2.57085449e-02 -4.48728455e-02  1.66383979e-02 -3.15370297e-02
  4.80802866e-03  3.38386780e-02  2.18347146e-02 -5.48681257e-03
 -1.87654277e-03  3.97723981e-02  1.20935245e-02  4.88766223e-03
 -2.96005735e-03  3.68575599e-03  3.90524616e-03  1.21365546e-02
 -1.61788542e-02  6.37151119e-03  6.53565239e-02  3.74675694e-02
  3.54136051e-02  8.42828494e-03  4.00175854e-02  4.91160713e-02
  2.58580714e-02  8.70570391e-03  2.72123563e-03 -2.82680505e-02
  1.00044163e+00 -7.09160560e-01  1.11176129e+00  8.11582994e-01]
Best fitness in last gen:
5.772484104653422e-08

Best in all:
[ 1.59062571e-02 -5.18171563e-02 -1.28999972e-02 -1.89530044e-03
  5.38631730e-02 -1.78468171e-02  1.50491973e-02 -1.42586905e-03
 -1.30612370e-02  9.00430305e-03  5.37189946e-02  1.33052034e-02
 -6.33959071e-02 -3.74570991e-02 -1.86583762e-02  1.00872526e-02
  6.35644526e-02 -3.08207372e-04  3.27640610e-02 -2.70141232e-02
 -2.57085449e-02 -4.48728455e-02  1.66383979e-02 -3.15370297e-02
  4.80802866e-03  3.38386780e-02  2.18347146e-02 -5.48681257e-03
 -1.87654277e-03  3.97723981e-02  1.20935245e-02  4.88766223e-03
 -2.96005735e-03  3.68575599e-03  3.90524616e-03  1.21365546e-02
 -1.61788542e-02  6.37151119e-03  6.53565239e-02  3.74675694e-02
  3.54136051e-02  8.42828494e-03  4.00175854e-02  4.91160713e-02
  2.58580714e-02  8.70570391e-03  2.72123563e-03 -2.82680505e-02
  1.00044163e+00 -7.09160560e-01  1.11176129e+00  8.11582994e-01]
Best fitness in all:
5.772484104653422e-08
GA calculation time:
6.928176641464233

Initial parameters
population size = 500
number of generations = 5
Real number of generations = 5
elitism = 2
crossover_rate = 0.95
mutation rate = 0.007
mutation range = 0.1
order = 3
gene ranges = ((-0.1, 0.1), (0.98, 1.02), (-2, 2), (1.0, 1.4), (0.5, 0.9))
