Best in last gen:
[ 4.10926216e-02 -3.18759216e-02 -1.65384703e-02  4.70768898e-02
 -6.96040833e-03 -3.99237917e-02 -2.44198737e-02 -2.10069502e-02
 -2.20829959e-03 -2.19202791e-02  1.12998169e-01  7.97445797e-02
  1.32771692e-02  3.09930864e-02  1.07325519e-01 -1.87255088e-02
  2.48497779e-02  3.85474155e-02 -4.43319228e-03  1.08050917e-02
 -1.17055838e-01 -4.60719406e-02  2.79218705e-02 -3.97541982e-02
  9.91391393e-01 -1.38402965e-08  1.00308617e+00  6.89624362e-01]
Best fitness in last gen:
1.323491711084191e-07
GA calculation time:
4815.2550094127655

Initial parameters
population size = 200
number of generations = 10000
Real number of generations = 10000
elitism = 2
crossover_rate = 0.95
mutation rate = 0.01
mutation range = [5.e-02 5.e-02 5.e-02 5.e-02 5.e-02 5.e-02 5.e-02 5.e-02 5.e-02 5.e-02
 5.e-02 5.e-02 5.e-02 5.e-02 5.e-02 5.e-02 5.e-02 5.e-02 5.e-02 5.e-02
 5.e-02 5.e-02 5.e-02 5.e-02 2.e-02 1.e-06 4.e-02 4.e-02]
order = 2
gene ranges = [(-0.04, 0.04), (-0.04, 0.04), (-0.04, 0.04), (-0.04, 0.04), (-0.04, 0.04), (-0.04, 0.04), (-0.04, 0.04), (-0.04, 0.04), (-0.04, 0.04), (-0.04, 0.04), (-0.04, 0.04), (-0.04, 0.04), (-0.04, 0.04), (-0.04, 0.04), (-0.04, 0.04), (-0.04, 0.04), (-0.04, 0.04), (-0.04, 0.04), (-0.04, 0.04), (-0.04, 0.04), (-0.04, 0.04), (-0.04, 0.04), (-0.04, 0.04), (-0.04, 0.04), (0.98, 1.02), (-1e-05, 1e-05), (0.95, 1.05), (0.65, 0.75)]
