Best in last gen:
[ 2.58249816e-02  6.30478047e-02 -5.20505967e-02 -3.48690511e-02
  7.72221857e-02 -8.79620005e-02 -3.76554550e-02 -3.06932106e-02
 -4.61022617e-02  1.04945565e-02 -7.20907972e-03  8.74141065e-02
  4.12189571e-03 -6.90557570e-03  1.23367176e-01 -4.60692796e-02
  1.11986846e-02 -1.40794297e-04  5.71852574e-02  4.14650540e-02
 -4.90794082e-02 -3.27793535e-02  6.59886558e-02 -3.92554414e-02
  9.69901906e-01  4.17741267e-06  9.90184901e-01  7.30476371e-01]
Best fitness in last gen:
3.8131253558441924e-08
GA calculation time:
541.6160640716553

Initial parameters
population size = 20
number of generations = 10000
Real number of generations = 10000
elitism = 2
crossover_rate = 0.95
mutation rate = 0.01
mutation range = [5.e-02 5.e-02 5.e-02 5.e-02 5.e-02 5.e-02 5.e-02 5.e-02 5.e-02 5.e-02
 5.e-02 5.e-02 5.e-02 5.e-02 5.e-02 5.e-02 5.e-02 5.e-02 5.e-02 5.e-02
 5.e-02 5.e-02 5.e-02 5.e-02 2.e-02 1.e-06 4.e-02 4.e-02]
order = 2
gene ranges = [(-0.04, 0.04), (-0.04, 0.04), (-0.04, 0.04), (-0.04, 0.04), (-0.04, 0.04), (-0.04, 0.04), (-0.04, 0.04), (-0.04, 0.04), (-0.04, 0.04), (-0.04, 0.04), (-0.04, 0.04), (-0.04, 0.04), (-0.04, 0.04), (-0.04, 0.04), (-0.04, 0.04), (-0.04, 0.04), (-0.04, 0.04), (-0.04, 0.04), (-0.04, 0.04), (-0.04, 0.04), (-0.04, 0.04), (-0.04, 0.04), (-0.04, 0.04), (-0.04, 0.04), (0.98, 1.02), (-1e-05, 1e-05), (0.95, 1.05), (0.65, 0.75)]
