Best in last gen:
[0.0246516  0.0265759  0.028755   0.0271802  0.02757434 0.02214518
 0.02462594 0.02517452 0.02462485 0.02172802 0.02597839 0.02791685
 0.02316926 0.02375792 0.0268518  0.03261153 0.02989287 0.01598761
 0.02532012 0.02201483 0.02579979 0.02348368 0.02551107 0.02476313
 0.0269297  0.02114021 0.02503736 0.02327799 0.02647995 0.02570169
 0.03432757 0.0249766  0.02566971 0.01277899 0.02541859 0.03255244
 0.02200349 0.0277942  0.02259453 0.02738654 0.02546432 0.02427215
 0.02712196 0.02608638 0.02056992 0.02312972 0.01804294 0.03167289
 0.02610601 0.02643439 0.02005443 0.02491047 0.02071413 0.02696996
 0.02111962 0.02364256 0.02581424 0.02563336 0.02213537 0.02426676
 0.02249061 0.02733502 0.03098232 0.02409428 0.02839241 0.02927978
 0.0232691  0.02455033 0.0258625  0.02199562 0.02655779 0.02636697
 0.02348152 0.02577137 0.03086568 0.02428686 0.02509902 0.02617253
 0.03314656 0.02237811 0.02712192 0.02208773 0.02648885 0.02737492
 0.02286411 0.02564399 0.02231095 0.02763814 0.02308709 0.02768681
 0.02751726 0.02111415 0.02574233 0.02157758 0.02809212 0.0269699
 0.02420078 0.01471482 0.02818014 0.02435406 0.02535152 0.02424331
 0.02639455 0.0248148  0.02337999 0.02306027 0.02456052 0.02873177
 0.02518816 0.02435169 0.02344908 0.02609914 0.02530094 0.02430849
 0.02581287 0.0259696  0.02153809 0.02462406 0.02777713 0.02491219
 0.53239065 0.99575844 1.17478604 0.70105917]
Best fitness in last gen:
1.979801656486679e-09
GA calculation time:
139.58512210845947

Initial parameters
population size = 1000
number of generations = 100
Real number of generations = 100
elitism = 2
crossover_rate = 0.95
mutation rate = 0.01
mutation range = [0.01 0.01 0.01 0.01 0.01 0.01 0.01 0.01 0.01 0.01 0.01 0.01 0.01 0.01
 0.01 0.01 0.01 0.01 0.01 0.01 0.01 0.01 0.01 0.01 0.01 0.01 0.01 0.01
 0.01 0.01 0.01 0.01 0.01 0.01 0.01 0.01 0.01 0.01 0.01 0.01 0.01 0.01
 0.01 0.01 0.01 0.01 0.01 0.01 0.01 0.01 0.01 0.01 0.01 0.01 0.01 0.01
 0.01 0.01 0.01 0.01 0.01 0.01 0.01 0.01 0.01 0.01 0.01 0.01 0.01 0.01
 0.01 0.01 0.01 0.01 0.01 0.01 0.01 0.01 0.01 0.01 0.01 0.01 0.01 0.01
 0.01 0.01 0.01 0.01 0.01 0.01 0.01 0.01 0.01 0.01 0.01 0.01 0.01 0.01
 0.01 0.01 0.01 0.01 0.01 0.01 0.01 0.01 0.01 0.01 0.01 0.01 0.01 0.01
 0.01 0.01 0.01 0.01 0.01 0.01 0.01 0.01 0.2  0.02 0.01 0.01]
order = 5
gene ranges = [(0, 0.05), (0, 0.05), (0, 0.05), (0, 0.05), (0, 0.05), (0, 0.05), (0, 0.05), (0, 0.05), (0, 0.05), (0, 0.05), (0, 0.05), (0, 0.05), (0, 0.05), (0, 0.05), (0, 0.05), (0, 0.05), (0, 0.05), (0, 0.05), (0, 0.05), (0, 0.05), (0, 0.05), (0, 0.05), (0, 0.05), (0, 0.05), (0, 0.05), (0, 0.05), (0, 0.05), (0, 0.05), (0, 0.05), (0, 0.05), (0, 0.05), (0, 0.05), (0, 0.05), (0, 0.05), (0, 0.05), (0, 0.05), (0, 0.05), (0, 0.05), (0, 0.05), (0, 0.05), (0, 0.05), (0, 0.05), (0, 0.05), (0, 0.05), (0, 0.05), (0, 0.05), (0, 0.05), (0, 0.05), (0, 0.05), (0, 0.05), (0, 0.05), (0, 0.05), (0, 0.05), (0, 0.05), (0, 0.05), (0, 0.05), (0, 0.05), (0, 0.05), (0, 0.05), (0, 0.05), (0, 0.05), (0, 0.05), (0, 0.05), (0, 0.05), (0, 0.05), (0, 0.05), (0, 0.05), (0, 0.05), (0, 0.05), (0, 0.05), (0, 0.05), (0, 0.05), (0, 0.05), (0, 0.05), (0, 0.05), (0, 0.05), (0, 0.05), (0, 0.05), (0, 0.05), (0, 0.05), (0, 0.05), (0, 0.05), (0, 0.05), (0, 0.05), (0, 0.05), (0, 0.05), (0, 0.05), (0, 0.05), (0, 0.05), (0, 0.05), (0, 0.05), (0, 0.05), (0, 0.05), (0, 0.05), (0, 0.05), (0, 0.05), (0, 0.05), (0, 0.05), (0, 0.05), (0, 0.05), (0, 0.05), (0, 0.05), (0, 0.05), (0, 0.05), (0, 0.05), (0, 0.05), (0, 0.05), (0, 0.05), (0, 0.05), (0, 0.05), (0, 0.05), (0, 0.05), (0, 0.05), (0, 0.05), (0, 0.05), (0, 0.05), (0, 0.05), (0, 0.05), (0, 0.05), (0, 0.05), (-0.2, 0.2), (0.98, 1.02), (1.16, 1.18), (0.69, 0.71)]
