Best in last gen:
[ 6.59006868e-03  1.28372191e-02 -1.21848977e-02  6.26464640e-03
 -2.37119970e-03 -2.55795619e-02  1.37958233e-02  7.28742347e-03
 -4.30716117e-03 -1.51343956e-02 -1.91938419e-02 -1.13589512e-02
  6.16660747e-03 -1.31359078e-02 -2.31593467e-03  3.31780171e-03
 -2.65010852e-04  2.17549342e-03  1.03455527e-04  6.78833352e-03
  1.27419706e-02  6.96408925e-03  3.58992947e-03 -4.14736491e-03
 -1.83277648e-02  3.74990074e-03  1.16661915e-02 -8.24878366e-03
  7.43733678e-04 -1.13321117e-03 -2.26191839e-02  1.21775039e-02
 -2.75099373e-03 -4.98036565e-03  1.54186495e-02  1.58786251e-02
 -1.27258218e-02  1.24133471e-02  2.10187793e-03  7.76568902e-03
  2.65024602e-02  1.03002038e-02 -3.11531581e-02 -1.40789077e-02
 -1.50506320e-02  1.22550468e-02 -1.97049274e-03 -9.58580276e-03
  9.98844483e-01 -2.64118219e-07  6.31009979e-01  1.35573671e+00]
Best fitness in last gen:
3.090062728703052e-06
GA calculation time:
774.7664103507996

Initial parameters
population size = 300
number of generations = 1000
Real number of generations = 1000
elitism = 2
crossover_rate = 0.95
mutation rate = 0.01
mutation range = [4.e-02 4.e-02 4.e-02 4.e-02 4.e-02 4.e-02 4.e-02 4.e-02 4.e-02 4.e-02
 4.e-02 4.e-02 4.e-02 4.e-02 4.e-02 4.e-02 4.e-02 4.e-02 4.e-02 4.e-02
 4.e-02 4.e-02 4.e-02 4.e-02 4.e-02 4.e-02 4.e-02 4.e-02 4.e-02 4.e-02
 4.e-02 4.e-02 4.e-02 4.e-02 4.e-02 4.e-02 4.e-02 4.e-02 4.e-02 4.e-02
 4.e-02 4.e-02 4.e-02 4.e-02 4.e-02 4.e-02 4.e-02 4.e-02 2.e-02 1.e-06
 2.e-02 2.e-02]
order = 3
gene ranges = [(-0.01, 0.01), (-0.01, 0.01), (-0.01, 0.01), (-0.01, 0.01), (-0.01, 0.01), (-0.01, 0.01), (-0.01, 0.01), (-0.01, 0.01), (-0.01, 0.01), (-0.01, 0.01), (-0.01, 0.01), (-0.01, 0.01), (-0.01, 0.01), (-0.01, 0.01), (-0.01, 0.01), (-0.01, 0.01), (-0.01, 0.01), (-0.01, 0.01), (-0.01, 0.01), (-0.01, 0.01), (-0.01, 0.01), (-0.01, 0.01), (-0.01, 0.01), (-0.01, 0.01), (-0.01, 0.01), (-0.01, 0.01), (-0.01, 0.01), (-0.01, 0.01), (-0.01, 0.01), (-0.01, 0.01), (-0.01, 0.01), (-0.01, 0.01), (-0.01, 0.01), (-0.01, 0.01), (-0.01, 0.01), (-0.01, 0.01), (-0.01, 0.01), (-0.01, 0.01), (-0.01, 0.01), (-0.01, 0.01), (-0.01, 0.01), (-0.01, 0.01), (-0.01, 0.01), (-0.01, 0.01), (-0.01, 0.01), (-0.01, 0.01), (-0.01, 0.01), (-0.01, 0.01), (0.98, 1.02), (-1e-05, 1e-05), (0.58, 0.68), (1.31, 1.41)]
