Best in last gen:
[ 2.34089085e-03 -2.87364074e-03 -2.23669593e-03  1.95322542e-02
 -2.05390634e-02  3.43184383e-03 -2.41337072e-04  1.21660939e-02
  1.91382639e-02  9.13912575e-03  1.90951364e-02 -1.51517595e-02
 -3.15470498e-02  1.51178584e-02  1.29870019e-02  1.79826994e-02
  1.04612298e-02  2.04739357e-02  7.82294750e-03  1.27813614e-02
  2.30397122e-02  1.27018287e-02 -1.37560397e-02  1.62954492e-02
 -1.72045344e-03  2.95648266e-04 -1.88643565e-02  2.90728065e-02
  2.14000694e-02  3.24182378e-03  2.59074280e-02  1.22821331e-02
 -4.18928995e-04 -9.23163283e-03 -2.26964375e-02  5.41257604e-03
  8.53481551e-03 -2.72127144e-02 -1.19835348e-02 -8.31355442e-03
  1.69491424e-02  9.63556863e-04 -1.65573233e-02 -1.65382183e-03
  5.43619313e-06 -1.28523307e-02  2.42441311e-02 -1.17869464e-02
  7.43734989e-04  1.29027372e-04  1.15316645e-02  9.17970620e-03
  2.01937049e-02  1.16930378e-02  9.50708908e-03  4.72224298e-03
  7.98486078e-03  8.45848084e-03  4.81745958e-03 -7.07252594e-03
  5.43113046e-03 -5.10820175e-03 -1.71417135e-02 -1.38599479e-02
 -1.05877339e-03 -7.47607156e-03  2.33313432e-02  1.90266369e-02
  2.58393715e-03 -1.63893337e-02 -1.16560143e-02 -2.08070552e-02
  1.28186899e-02  5.12111218e-03 -2.49055636e-02 -1.86659605e-03
 -1.78334122e-02  7.95618874e-03  1.96188914e-02 -1.77757125e-02
  5.21676287e-03 -9.25348497e-04 -3.18601556e-02  7.19143809e-03
 -1.15254658e-02  1.99118395e-02  2.35797182e-02 -3.03625279e-03
 -2.29682163e-04 -6.99108386e-03 -2.76905733e-03 -1.69127987e-02
  1.72984911e-02  2.31857241e-02  5.24327119e-03  2.25400103e-02
  1.94768079e-02  1.34900238e-02 -2.56410779e-03  1.70860386e-03
 -1.78234623e-02 -9.95129839e-03  3.68118772e-04  9.33536456e-03
 -2.81987090e-03  2.92216450e-02  1.89665751e-03  1.08487095e-02
  1.32645638e-02  1.21992864e-02 -2.43579340e-02 -3.17941279e-02
 -4.54246586e-03  4.81378115e-03  2.13657749e-02 -5.05357453e-03
  5.33889979e-03  7.31735616e-03  1.26833902e-02 -1.24833348e-03
  1.00015603e+00  3.32248679e-06  9.29978240e-01  2.28186746e-01]
Best fitness in last gen:
4.6309337272052726e-06
GA calculation time:
37902.813873529434

Initial parameters
population size = 500
number of generations = 20000
Real number of generations = 20000
elitism = 2
crossover_rate = 0.95
mutation rate = 0.01
mutation range = [3.e-02 3.e-02 3.e-02 3.e-02 3.e-02 3.e-02 3.e-02 3.e-02 3.e-02 3.e-02
 3.e-02 3.e-02 3.e-02 3.e-02 3.e-02 3.e-02 3.e-02 3.e-02 3.e-02 3.e-02
 3.e-02 3.e-02 3.e-02 3.e-02 3.e-02 3.e-02 3.e-02 3.e-02 3.e-02 3.e-02
 3.e-02 3.e-02 3.e-02 3.e-02 3.e-02 3.e-02 3.e-02 3.e-02 3.e-02 3.e-02
 3.e-02 3.e-02 3.e-02 3.e-02 3.e-02 3.e-02 3.e-02 3.e-02 3.e-02 3.e-02
 3.e-02 3.e-02 3.e-02 3.e-02 3.e-02 3.e-02 3.e-02 3.e-02 3.e-02 3.e-02
 3.e-02 3.e-02 3.e-02 3.e-02 3.e-02 3.e-02 3.e-02 3.e-02 3.e-02 3.e-02
 3.e-02 3.e-02 3.e-02 3.e-02 3.e-02 3.e-02 3.e-02 3.e-02 3.e-02 3.e-02
 3.e-02 3.e-02 3.e-02 3.e-02 3.e-02 3.e-02 3.e-02 3.e-02 3.e-02 3.e-02
 3.e-02 3.e-02 3.e-02 3.e-02 3.e-02 3.e-02 3.e-02 3.e-02 3.e-02 3.e-02
 3.e-02 3.e-02 3.e-02 3.e-02 3.e-02 3.e-02 3.e-02 3.e-02 3.e-02 3.e-02
 3.e-02 3.e-02 3.e-02 3.e-02 3.e-02 3.e-02 3.e-02 3.e-02 3.e-02 3.e-02
 2.e-02 1.e-06 3.e-02 3.e-02]
order = 5
gene ranges = [(-0.03, 0.03), (-0.03, 0.03), (-0.03, 0.03), (-0.03, 0.03), (-0.03, 0.03), (-0.03, 0.03), (-0.03, 0.03), (-0.03, 0.03), (-0.03, 0.03), (-0.03, 0.03), (-0.03, 0.03), (-0.03, 0.03), (-0.03, 0.03), (-0.03, 0.03), (-0.03, 0.03), (-0.03, 0.03), (-0.03, 0.03), (-0.03, 0.03), (-0.03, 0.03), (-0.03, 0.03), (-0.03, 0.03), (-0.03, 0.03), (-0.03, 0.03), (-0.03, 0.03), (-0.03, 0.03), (-0.03, 0.03), (-0.03, 0.03), (-0.03, 0.03), (-0.03, 0.03), (-0.03, 0.03), (-0.03, 0.03), (-0.03, 0.03), (-0.03, 0.03), (-0.03, 0.03), (-0.03, 0.03), (-0.03, 0.03), (-0.03, 0.03), (-0.03, 0.03), (-0.03, 0.03), (-0.03, 0.03), (-0.03, 0.03), (-0.03, 0.03), (-0.03, 0.03), (-0.03, 0.03), (-0.03, 0.03), (-0.03, 0.03), (-0.03, 0.03), (-0.03, 0.03), (-0.03, 0.03), (-0.03, 0.03), (-0.03, 0.03), (-0.03, 0.03), (-0.03, 0.03), (-0.03, 0.03), (-0.03, 0.03), (-0.03, 0.03), (-0.03, 0.03), (-0.03, 0.03), (-0.03, 0.03), (-0.03, 0.03), (-0.03, 0.03), (-0.03, 0.03), (-0.03, 0.03), (-0.03, 0.03), (-0.03, 0.03), (-0.03, 0.03), (-0.03, 0.03), (-0.03, 0.03), (-0.03, 0.03), (-0.03, 0.03), (-0.03, 0.03), (-0.03, 0.03), (-0.03, 0.03), (-0.03, 0.03), (-0.03, 0.03), (-0.03, 0.03), (-0.03, 0.03), (-0.03, 0.03), (-0.03, 0.03), (-0.03, 0.03), (-0.03, 0.03), (-0.03, 0.03), (-0.03, 0.03), (-0.03, 0.03), (-0.03, 0.03), (-0.03, 0.03), (-0.03, 0.03), (-0.03, 0.03), (-0.03, 0.03), (-0.03, 0.03), (-0.03, 0.03), (-0.03, 0.03), (-0.03, 0.03), (-0.03, 0.03), (-0.03, 0.03), (-0.03, 0.03), (-0.03, 0.03), (-0.03, 0.03), (-0.03, 0.03), (-0.03, 0.03), (-0.03, 0.03), (-0.03, 0.03), (-0.03, 0.03), (-0.03, 0.03), (-0.03, 0.03), (-0.03, 0.03), (-0.03, 0.03), (-0.03, 0.03), (-0.03, 0.03), (-0.03, 0.03), (-0.03, 0.03), (-0.03, 0.03), (-0.03, 0.03), (-0.03, 0.03), (-0.03, 0.03), (-0.03, 0.03), (-0.03, 0.03), (-0.03, 0.03), (-0.03, 0.03), (-0.03, 0.03), (0.98, 1.02), (-1e-05, 1e-05), (0.9, 0.96), (0.18, 0.24)]