Best in last gen:
[-1.86061279e-02 -2.46305896e-04  3.36319460e-02 -3.29356064e-03
  6.07396214e-02  5.09905091e-02 -4.15480883e-03  2.53114493e-02
 -1.50769135e-02  7.01672203e-02  1.67413415e-02  2.32559468e-03
 -2.97254147e-03  1.00881591e-02  8.69051638e-03  2.46964232e-02
 -3.23662243e-03  2.42544970e-03 -5.45769494e-03 -1.05048903e-02
 -8.58888949e-03  7.45539657e-02  5.29048223e-02 -3.77696520e-02
  6.80305078e-03 -2.36754812e-03  3.37722608e-02  2.15970225e-02
  3.39960715e-03 -7.10616522e-03  3.23657456e-02  1.22855691e-02
 -4.09094083e-03 -3.07869776e-02  2.66393768e-02  1.42748584e-03
 -2.06645247e-02  4.00161451e-03 -3.74571983e-03  4.70666759e-03
  1.69184084e-02  1.30967353e-02 -7.53364745e-02  4.37663329e-02
 -1.30696382e-02 -7.32626838e-02 -4.12757051e-02  3.21670958e-02
  1.00497956e+00 -1.62273359e-08  1.19712223e+00  6.56010861e-01]
Best fitness in last gen:
8.286881217213415e-06
GA calculation time:
2794.0146877765656

Initial parameters
population size = 300
number of generations = 10000
Real number of generations = 10000
elitism = 2
crossover_rate = 0.95
mutation rate = 0.01
mutation range = [4.e-02 4.e-02 4.e-02 4.e-02 4.e-02 4.e-02 4.e-02 4.e-02 4.e-02 4.e-02
 4.e-02 4.e-02 4.e-02 4.e-02 4.e-02 4.e-02 4.e-02 4.e-02 4.e-02 4.e-02
 4.e-02 4.e-02 4.e-02 4.e-02 4.e-02 4.e-02 4.e-02 4.e-02 4.e-02 4.e-02
 4.e-02 4.e-02 4.e-02 4.e-02 4.e-02 4.e-02 4.e-02 4.e-02 4.e-02 4.e-02
 4.e-02 4.e-02 4.e-02 4.e-02 4.e-02 4.e-02 4.e-02 4.e-02 2.e-02 1.e-06
 2.e-02 2.e-02]
order = 3
gene ranges = [(-0.1, 0.1), (-0.1, 0.1), (-0.1, 0.1), (-0.1, 0.1), (-0.1, 0.1), (-0.1, 0.1), (-0.1, 0.1), (-0.1, 0.1), (-0.1, 0.1), (-0.1, 0.1), (-0.1, 0.1), (-0.1, 0.1), (-0.1, 0.1), (-0.1, 0.1), (-0.1, 0.1), (-0.1, 0.1), (-0.1, 0.1), (-0.1, 0.1), (-0.1, 0.1), (-0.1, 0.1), (-0.1, 0.1), (-0.1, 0.1), (-0.1, 0.1), (-0.1, 0.1), (-0.1, 0.1), (-0.1, 0.1), (-0.1, 0.1), (-0.1, 0.1), (-0.1, 0.1), (-0.1, 0.1), (-0.1, 0.1), (-0.1, 0.1), (-0.1, 0.1), (-0.1, 0.1), (-0.1, 0.1), (-0.1, 0.1), (-0.1, 0.1), (-0.1, 0.1), (-0.1, 0.1), (-0.1, 0.1), (-0.1, 0.1), (-0.1, 0.1), (-0.1, 0.1), (-0.1, 0.1), (-0.1, 0.1), (-0.1, 0.1), (-0.1, 0.1), (-0.1, 0.1), (0.98, 1.02), (-1e-05, 1e-05), (1.16, 1.26), (0.6, 0.7)]
