Best in last gen:
[-3.91923463e-02 -2.43841027e-02  4.06395920e-03 -3.37380797e-02
 -2.14120800e-02  2.24461636e-02 -7.58017168e-02 -3.47058659e-02
 -7.42193088e-02  2.16779133e-02 -8.80798702e-02 -7.41261229e-03
 -1.59161400e-02 -4.00240769e-03 -4.86773209e-02  2.26262412e-02
 -2.40057072e-03 -3.95650015e-02  5.33447881e-02  3.13392673e-02
  1.62381246e-02  3.14768190e-02  7.84025725e-04 -5.66478797e-02
 -3.23376646e-02  8.41550584e-02 -5.59534398e-03 -6.36100726e-02
  3.05552277e-02 -8.87668164e-02  6.62946253e-02  8.42813995e-02
 -2.78605189e-02  5.14813529e-02 -7.56834124e-04 -4.53799236e-02
  1.90005225e-02  3.63991622e-02  4.90804708e-02  4.48959445e-02
  2.61979908e-02 -8.20548060e-03 -1.58870249e-02 -3.87075809e-02
 -3.28232974e-02 -2.31196082e-02 -5.16615396e-04 -3.50657503e-02
  1.02590590e+00 -5.20108548e-01  5.76376647e-01  1.28863706e+00]
Best fitness in last gen:
1.2156688615298535e-06

Best in all:
[-3.91923463e-02 -2.43841027e-02  4.06395920e-03 -3.37380797e-02
 -2.14120800e-02  2.24461636e-02 -7.58017168e-02 -3.47058659e-02
 -7.42193088e-02  2.16779133e-02 -8.80798702e-02 -7.41261229e-03
 -1.59161400e-02 -4.00240769e-03 -4.86773209e-02  2.26262412e-02
 -2.40057072e-03 -3.95650015e-02  5.33447881e-02  3.13392673e-02
  1.62381246e-02  3.14768190e-02  7.84025725e-04 -5.66478797e-02
 -3.23376646e-02  8.41550584e-02 -5.59534398e-03 -6.36100726e-02
  3.05552277e-02 -8.87668164e-02  6.62946253e-02  8.42813995e-02
 -2.78605189e-02  5.14813529e-02 -7.56834124e-04 -4.53799236e-02
  1.90005225e-02  3.63991622e-02  4.90804708e-02  4.48959445e-02
  2.61979908e-02 -8.20548060e-03 -1.58870249e-02 -3.87075809e-02
 -3.28232974e-02 -2.31196082e-02 -5.16615396e-04 -3.50657503e-02
  1.02590590e+00 -5.20108548e-01  5.76376647e-01  1.28863706e+00]
Best fitness in all:
1.2156688615298535e-06
GA calculation time:
27.251567363739014

Initial parameters
population size = 15
number of generations = 1000
Real number of generations = 1000
elitism = 2
crossover_rate = 0.95
mutation rate = 0.007
mutation range = 0.1
order = 3
gene ranges = ((-0.1, 0.1), (0.98, 1.02), (-2, 2), (0.55, 0.65), (1.2, 1.3))
