Best in last gen:
[ 1.48360148e-02 -1.52160036e-03  4.01197440e-02  1.58433470e-02
 -1.88103584e-02 -1.18710577e-02 -1.85168297e-02 -6.09834586e-02
  5.00629526e-02  1.56117995e-02  3.86454214e-02  1.41249681e-02
 -3.36324791e-02 -2.89526601e-02  2.58303826e-03 -1.68830680e-02
 -4.99589081e-02  4.42371850e-02 -2.09276632e-02  1.10736560e-02
 -4.55911100e-02  6.61753940e-02  8.57050221e-03 -2.85424019e-02
 -1.48181745e-02 -6.02529289e-02 -4.41707411e-02  2.70125028e-02
 -4.10109726e-04  6.36022057e-02  5.12147188e-02  6.07759796e-02
  2.53157546e-02 -1.51822282e-02  2.98954085e-02 -5.94102090e-03
 -5.75610389e-02  3.82584605e-02 -5.79373561e-04  6.55143817e-03
  4.72717728e-02 -4.48981378e-02 -6.28863448e-02 -2.83159271e-02
 -3.22076460e-03  4.13932721e-02  3.56153350e-02 -1.88143731e-02
  1.00921962e+00  4.12885423e-02  1.15529657e+00  7.86688986e-01]
Best fitness in last gen:
3.2857757297933944e-05
GA calculation time:
18979.83626151085

Initial parameters
population size = 500
number of generations = 30000
Real number of generations = 30000
elitism = 2
crossover_rate = 0.95
mutation rate = 0.02
mutation range = [0.1  0.1  0.1  0.1  0.1  0.1  0.1  0.1  0.1  0.1  0.1  0.1  0.1  0.1
 0.1  0.1  0.1  0.1  0.1  0.1  0.1  0.1  0.1  0.1  0.1  0.1  0.1  0.1
 0.1  0.1  0.1  0.1  0.1  0.1  0.1  0.1  0.1  0.1  0.1  0.1  0.1  0.1
 0.1  0.1  0.1  0.1  0.1  0.1  0.04 2.6  0.1  0.1 ]
order = 3
gene ranges = ((-0.05, 0.05), (0.98, 1.02), (-1.3, 1.3), (1.11, 1.21), (0.72, 0.82))