Best in last gen:
[ 4.06217658e-02  4.02610388e-02  2.09185799e-02 -7.43788594e-04
  3.29591133e-02 -9.84902653e-03 -1.12331359e-02 -1.59114544e-03
  4.31053060e-02  4.73932564e-02  6.85643105e-03 -3.75396238e-04
  4.41151345e-02  1.92990206e-02  5.43425125e-03 -4.18301027e-02
  2.27255697e-02 -1.34195052e-02  1.06709375e-02  3.58763375e-02
 -9.70054330e-04 -3.02319241e-02  1.90820742e-02 -1.91970816e-02
  4.21308266e-02  8.86581118e-03 -3.68860157e-02  3.03351769e-02
  8.83801137e-03  1.11930889e-02 -8.37485816e-03  2.49311099e-02
  3.71272623e-02  5.18363499e-02 -5.01512472e-03  1.68650208e-02
  2.06745893e-02 -5.59121721e-02 -5.69692931e-03  7.49710390e-03
  5.71742568e-03  2.00968052e-02  2.91420256e-02 -1.65446289e-02
  3.36905656e-02 -7.46202308e-03  1.22934346e-02 -1.48825645e-02
  1.00191406e+00 -3.77750527e-07  1.43992703e+00  5.73814119e-01]
Best fitness in last gen:
4.6661191577406146e-07
GA calculation time:
49024.58026957512

Initial parameters
population size = 100
number of generations = 1000
Real number of generations = 1000
elitism = 2
crossover_rate = 0.95
mutation rate = 0.01
mutation range = [4.e-02 4.e-02 4.e-02 4.e-02 4.e-02 4.e-02 4.e-02 4.e-02 4.e-02 4.e-02
 4.e-02 4.e-02 4.e-02 4.e-02 4.e-02 4.e-02 4.e-02 4.e-02 4.e-02 4.e-02
 4.e-02 4.e-02 4.e-02 4.e-02 4.e-02 4.e-02 4.e-02 4.e-02 4.e-02 4.e-02
 4.e-02 4.e-02 4.e-02 4.e-02 4.e-02 4.e-02 4.e-02 4.e-02 4.e-02 4.e-02
 4.e-02 4.e-02 4.e-02 4.e-02 4.e-02 4.e-02 4.e-02 4.e-02 2.e-02 1.e-06
 2.e-02 2.e-02]
order = 3
gene ranges = [(-0.1, 0.1), (-0.1, 0.1), (-0.1, 0.1), (-0.1, 0.1), (-0.1, 0.1), (-0.1, 0.1), (-0.1, 0.1), (-0.1, 0.1), (-0.1, 0.1), (-0.1, 0.1), (-0.1, 0.1), (-0.1, 0.1), (-0.1, 0.1), (-0.1, 0.1), (-0.1, 0.1), (-0.1, 0.1), (-0.1, 0.1), (-0.1, 0.1), (-0.1, 0.1), (-0.1, 0.1), (-0.1, 0.1), (-0.1, 0.1), (-0.1, 0.1), (-0.1, 0.1), (-0.1, 0.1), (-0.1, 0.1), (-0.1, 0.1), (-0.1, 0.1), (-0.1, 0.1), (-0.1, 0.1), (-0.1, 0.1), (-0.1, 0.1), (-0.1, 0.1), (-0.1, 0.1), (-0.1, 0.1), (-0.1, 0.1), (-0.1, 0.1), (-0.1, 0.1), (-0.1, 0.1), (-0.1, 0.1), (-0.1, 0.1), (-0.1, 0.1), (-0.1, 0.1), (-0.1, 0.1), (-0.1, 0.1), (-0.1, 0.1), (-0.1, 0.1), (-0.1, 0.1), (0.98, 1.02), (-1e-05, 1e-05), (1.43, 1.47), (0.55, 0.59)]
