Best in last gen:
[ 1.47313797e-02  2.78791435e-02  4.15991019e-03  3.99655841e-02
  6.32479774e-02  1.97403309e-02 -6.15290201e-02 -8.16644776e-03
 -3.42909699e-02  2.96152270e-02 -2.23444549e-02 -3.16261097e-02
  1.87080578e-02 -6.06618991e-03 -1.08102651e-03  3.74630933e-02
  1.74680381e-02  1.15967755e-02  3.13182799e-03 -2.21477730e-03
  8.94947252e-03 -3.09253140e-02 -2.59720972e-02  2.19958192e-02
  1.48277081e-03  5.79563598e-02 -5.23518990e-02 -1.91988115e-02
 -1.55134342e-02 -3.66261369e-03  2.22363448e-02 -1.20267254e-02
 -7.28278632e-03  6.00463337e-03 -2.98877242e-03  1.84327400e-02
 -1.77548659e-02  1.95546478e-02 -1.54043953e-03 -1.56312424e-02
  3.93151961e-02  1.18292632e-02 -1.98014196e-02 -1.88130993e-03
 -7.35875363e-03  1.87284493e-02 -5.15210863e-02 -1.27446482e-02
  9.96961864e-01  1.33661390e-06  9.23453369e-01  3.23617204e-01]
Best fitness in last gen:
6.587615144164276e-07
GA calculation time:
298.6848495006561

Initial parameters
population size = 300
number of generations = 1000
Real number of generations = 1000
elitism = 2
crossover_rate = 0.95
mutation rate = 0.01
mutation range = [4.e-02 4.e-02 4.e-02 4.e-02 4.e-02 4.e-02 4.e-02 4.e-02 4.e-02 4.e-02
 4.e-02 4.e-02 4.e-02 4.e-02 4.e-02 4.e-02 4.e-02 4.e-02 4.e-02 4.e-02
 4.e-02 4.e-02 4.e-02 4.e-02 4.e-02 4.e-02 4.e-02 4.e-02 4.e-02 4.e-02
 4.e-02 4.e-02 4.e-02 4.e-02 4.e-02 4.e-02 4.e-02 4.e-02 4.e-02 4.e-02
 4.e-02 4.e-02 4.e-02 4.e-02 4.e-02 4.e-02 4.e-02 4.e-02 2.e-02 1.e-06
 2.e-02 2.e-02]
order = 3
gene ranges = [(-0.1, 0.1), (-0.1, 0.1), (-0.1, 0.1), (-0.1, 0.1), (-0.1, 0.1), (-0.1, 0.1), (-0.1, 0.1), (-0.1, 0.1), (-0.1, 0.1), (-0.1, 0.1), (-0.1, 0.1), (-0.1, 0.1), (-0.1, 0.1), (-0.1, 0.1), (-0.1, 0.1), (-0.1, 0.1), (-0.1, 0.1), (-0.1, 0.1), (-0.1, 0.1), (-0.1, 0.1), (-0.1, 0.1), (-0.1, 0.1), (-0.1, 0.1), (-0.1, 0.1), (-0.1, 0.1), (-0.1, 0.1), (-0.1, 0.1), (-0.1, 0.1), (-0.1, 0.1), (-0.1, 0.1), (-0.1, 0.1), (-0.1, 0.1), (-0.1, 0.1), (-0.1, 0.1), (-0.1, 0.1), (-0.1, 0.1), (-0.1, 0.1), (-0.1, 0.1), (-0.1, 0.1), (-0.1, 0.1), (-0.1, 0.1), (-0.1, 0.1), (-0.1, 0.1), (-0.1, 0.1), (-0.1, 0.1), (-0.1, 0.1), (-0.1, 0.1), (-0.1, 0.1), (0.98, 1.02), (-1e-05, 1e-05), (0.88, 0.98), (0.28, 0.38)]
