Best in last gen:
[ 8.71218572e-03  3.57421422e-02 -4.05195989e-03  3.22317777e-03
 -1.36915958e-02 -1.99015689e-02 -1.17903776e-02  2.14955168e-02
  3.72805943e-02  3.01546234e-02 -3.83676419e-03 -3.06257693e-03
 -6.17238871e-03  1.53057319e-02 -1.97009754e-03  4.52436387e-02
  1.84087267e-02 -9.62074708e-04  1.96342833e-02  1.42563087e-02
 -2.47118663e-02  4.40428134e-03  9.27579916e-03 -2.96070226e-03
 -1.40278272e-02 -1.40311007e-03 -2.05249376e-02 -2.28966006e-02
  1.95661888e-03  1.35182373e-02  3.32269129e-02  7.95454079e-04
  1.40025578e-02 -6.10652950e-03  6.33650373e-03 -2.55966477e-03
  9.14612286e-03 -6.11078819e-03 -4.58282908e-03 -1.09855321e-02
  1.94868038e-02 -1.47756616e-02 -2.13076852e-04 -2.77699251e-02
  4.02219385e-02 -1.35077906e-03  1.06013614e-02  8.83881861e-03
  4.48409168e-03  5.61845851e-03  5.54786656e-03 -8.00702071e-03
  2.58289377e-02 -6.87095390e-03 -1.51688901e-02  1.30046593e-02
  2.83546852e-02 -4.14392390e-03 -3.58877192e-04 -1.44806260e-02
  3.37290162e-02  1.12714749e-02 -1.44092538e-02 -1.09229336e-02
 -2.72318352e-03 -1.00268149e-02  2.86966308e-02  1.18369883e-02
  8.51210355e-03  2.29448938e-03 -3.38069599e-02 -1.55930235e-03
  4.29939919e-03  1.72393598e-02 -1.99623860e-02 -1.11129099e-02
 -2.71018468e-02  2.96056246e-02  1.32280873e-02 -1.02118640e-02
  5.63434699e-03 -2.40504401e-02 -1.08008575e-02 -8.63287576e-03
  3.37052982e-03  1.80711504e-02  3.53847008e-02 -1.30903467e-02
  3.03469231e-03  2.11244241e-02 -2.14441226e-02 -9.78243303e-03
  2.67751067e-02  1.04822112e-02  4.43013885e-03  1.72363881e-02
  2.07203986e-02  2.24749155e-02  6.94710067e-03  6.97502374e-03
 -3.36565497e-02 -4.88092492e-03  1.53894800e-02  7.93662673e-03
 -1.84207739e-02  3.47386908e-03 -7.17693445e-03 -1.20857352e-02
 -3.77530377e-02 -1.15586066e-02  3.24890887e-04 -3.59923144e-03
  2.12349331e-02  9.93555509e-03 -6.70942992e-03 -1.69526455e-02
 -2.14492671e-03  2.04865397e-02  1.05517403e-03  1.94338993e-02
  1.00837934e+00  7.71039521e-07  9.31414442e-01  2.26798891e-01]
Best fitness in last gen:
4.289108376062735e-06
GA calculation time:
35568.200341939926

Initial parameters
population size = 500
number of generations = 20000
Real number of generations = 20000
elitism = 2
crossover_rate = 0.95
mutation rate = 0.01
mutation range = [3.e-02 3.e-02 3.e-02 3.e-02 3.e-02 3.e-02 3.e-02 3.e-02 3.e-02 3.e-02
 3.e-02 3.e-02 3.e-02 3.e-02 3.e-02 3.e-02 3.e-02 3.e-02 3.e-02 3.e-02
 3.e-02 3.e-02 3.e-02 3.e-02 3.e-02 3.e-02 3.e-02 3.e-02 3.e-02 3.e-02
 3.e-02 3.e-02 3.e-02 3.e-02 3.e-02 3.e-02 3.e-02 3.e-02 3.e-02 3.e-02
 3.e-02 3.e-02 3.e-02 3.e-02 3.e-02 3.e-02 3.e-02 3.e-02 3.e-02 3.e-02
 3.e-02 3.e-02 3.e-02 3.e-02 3.e-02 3.e-02 3.e-02 3.e-02 3.e-02 3.e-02
 3.e-02 3.e-02 3.e-02 3.e-02 3.e-02 3.e-02 3.e-02 3.e-02 3.e-02 3.e-02
 3.e-02 3.e-02 3.e-02 3.e-02 3.e-02 3.e-02 3.e-02 3.e-02 3.e-02 3.e-02
 3.e-02 3.e-02 3.e-02 3.e-02 3.e-02 3.e-02 3.e-02 3.e-02 3.e-02 3.e-02
 3.e-02 3.e-02 3.e-02 3.e-02 3.e-02 3.e-02 3.e-02 3.e-02 3.e-02 3.e-02
 3.e-02 3.e-02 3.e-02 3.e-02 3.e-02 3.e-02 3.e-02 3.e-02 3.e-02 3.e-02
 3.e-02 3.e-02 3.e-02 3.e-02 3.e-02 3.e-02 3.e-02 3.e-02 3.e-02 3.e-02
 2.e-02 1.e-06 2.e-02 2.e-02]
order = 5
gene ranges = [(-0.03, 0.03), (-0.03, 0.03), (-0.03, 0.03), (-0.03, 0.03), (-0.03, 0.03), (-0.03, 0.03), (-0.03, 0.03), (-0.03, 0.03), (-0.03, 0.03), (-0.03, 0.03), (-0.03, 0.03), (-0.03, 0.03), (-0.03, 0.03), (-0.03, 0.03), (-0.03, 0.03), (-0.03, 0.03), (-0.03, 0.03), (-0.03, 0.03), (-0.03, 0.03), (-0.03, 0.03), (-0.03, 0.03), (-0.03, 0.03), (-0.03, 0.03), (-0.03, 0.03), (-0.03, 0.03), (-0.03, 0.03), (-0.03, 0.03), (-0.03, 0.03), (-0.03, 0.03), (-0.03, 0.03), (-0.03, 0.03), (-0.03, 0.03), (-0.03, 0.03), (-0.03, 0.03), (-0.03, 0.03), (-0.03, 0.03), (-0.03, 0.03), (-0.03, 0.03), (-0.03, 0.03), (-0.03, 0.03), (-0.03, 0.03), (-0.03, 0.03), (-0.03, 0.03), (-0.03, 0.03), (-0.03, 0.03), (-0.03, 0.03), (-0.03, 0.03), (-0.03, 0.03), (-0.03, 0.03), (-0.03, 0.03), (-0.03, 0.03), (-0.03, 0.03), (-0.03, 0.03), (-0.03, 0.03), (-0.03, 0.03), (-0.03, 0.03), (-0.03, 0.03), (-0.03, 0.03), (-0.03, 0.03), (-0.03, 0.03), (-0.03, 0.03), (-0.03, 0.03), (-0.03, 0.03), (-0.03, 0.03), (-0.03, 0.03), (-0.03, 0.03), (-0.03, 0.03), (-0.03, 0.03), (-0.03, 0.03), (-0.03, 0.03), (-0.03, 0.03), (-0.03, 0.03), (-0.03, 0.03), (-0.03, 0.03), (-0.03, 0.03), (-0.03, 0.03), (-0.03, 0.03), (-0.03, 0.03), (-0.03, 0.03), (-0.03, 0.03), (-0.03, 0.03), (-0.03, 0.03), (-0.03, 0.03), (-0.03, 0.03), (-0.03, 0.03), (-0.03, 0.03), (-0.03, 0.03), (-0.03, 0.03), (-0.03, 0.03), (-0.03, 0.03), (-0.03, 0.03), (-0.03, 0.03), (-0.03, 0.03), (-0.03, 0.03), (-0.03, 0.03), (-0.03, 0.03), (-0.03, 0.03), (-0.03, 0.03), (-0.03, 0.03), (-0.03, 0.03), (-0.03, 0.03), (-0.03, 0.03), (-0.03, 0.03), (-0.03, 0.03), (-0.03, 0.03), (-0.03, 0.03), (-0.03, 0.03), (-0.03, 0.03), (-0.03, 0.03), (-0.03, 0.03), (-0.03, 0.03), (-0.03, 0.03), (-0.03, 0.03), (-0.03, 0.03), (-0.03, 0.03), (-0.03, 0.03), (-0.03, 0.03), (-0.03, 0.03), (-0.03, 0.03), (-0.03, 0.03), (0.98, 1.02), (-1e-05, 1e-05), (0.91, 0.95), (0.19, 0.23)]