Best in last gen:
[-6.16257569e-04 -1.18833412e-03 -8.55566507e-03 -4.22155322e-02
  1.89596964e-02 -3.44552979e-02  3.49688236e-03 -1.08512749e-02
 -5.72164492e-02  9.80584572e-02  3.21210616e-02 -1.70645626e-03
  1.26605850e-02 -4.43054782e-03  1.72793524e-02  1.49301472e-02
  3.98589640e-02  5.05551230e-02 -2.21050584e-02 -2.58146599e-02
 -7.48154845e-03  1.94954747e-02  2.31800440e-02 -9.03390997e-03
 -4.16807712e-02  1.23016489e-02  1.35505785e-03  1.13244948e-03
  6.28782100e-03  1.33667822e-02  7.28391051e-03  1.56245056e-02
 -1.97609339e-02  1.14757286e-02 -5.14057221e-03 -1.71817732e-02
  1.88070667e-02 -1.23030531e-02 -2.80966504e-03  1.44564430e-02
 -5.07181004e-03  2.87817750e-02 -4.81299887e-02 -1.75238568e-02
 -8.68574847e-03 -1.84959560e-02  3.70106114e-03 -1.76159723e-02
  9.82046499e-01  4.03687449e-01  1.28820369e+00  2.74335214e+00]
Best fitness in last gen:
1.11978558961787e-06

Best in all:
[-6.16257569e-04 -1.18833412e-03 -8.55566507e-03 -4.22155322e-02
  1.89596964e-02 -3.44552979e-02  3.49688236e-03 -1.08512749e-02
 -5.72164492e-02  9.80584572e-02  3.21210616e-02 -1.70645626e-03
  1.26605850e-02 -4.43054782e-03  1.72793524e-02  1.49301472e-02
  3.98589640e-02  5.05551230e-02 -2.21050584e-02 -2.58146599e-02
 -7.48154845e-03  1.94954747e-02  2.31800440e-02 -9.03390997e-03
 -4.16807712e-02  1.23016489e-02  1.35505785e-03  1.13244948e-03
  6.28782100e-03  1.33667822e-02  7.28391051e-03  1.56245056e-02
 -1.97609339e-02  1.14757286e-02 -5.14057221e-03 -1.71817732e-02
  1.88070667e-02 -1.23030531e-02 -2.80966504e-03  1.44564430e-02
 -5.07181004e-03  2.87817750e-02 -4.81299887e-02 -1.75238568e-02
 -8.68574847e-03 -1.84959560e-02  3.70106114e-03 -1.76159723e-02
  9.82046499e-01  4.03687449e-01  1.28820369e+00  2.74335214e+00]
Best fitness in all:
1.11978558961787e-06
GA calculation time:
10357.276816606522

Initial parameters
population size = 500
number of generations = 20000
Real number of generations = 20000
elitism = 2
crossover_rate = 0.95
mutation rate = 0.02
mutation range = [0.05 0.05 0.05 0.05 0.05 0.05 0.05 0.05 0.05 0.05 0.05 0.05 0.05 0.05
 0.05 0.05 0.05 0.05 0.05 0.05 0.05 0.05 0.05 0.05 0.05 0.05 0.05 0.05
 0.05 0.05 0.05 0.05 0.05 0.05 0.05 0.05 0.05 0.05 0.05 0.05 0.05 0.05
 0.05 0.05 0.05 0.05 0.05 0.05 0.02 0.8  0.05 0.05]
order = 3
gene ranges = ((-0.05, 0.05), (0.98, 1.02), (-0.8, 0.8), (1.25, 1.35), (2.7, 2.8))
