Best in last gen:
[ 1.97262928e-02 -2.14465557e-02  4.90776576e-03  6.39547466e-03
 -9.55617242e-04 -9.07386853e-03  3.52667412e-02  1.32250106e-02
  2.62220761e-02  1.51353894e-02 -1.64403251e-03 -2.11211136e-02
  3.34575766e-02  3.47622900e-02 -7.48543408e-03 -2.42389243e-02
  2.38951785e-02 -2.07962186e-02 -2.11891084e-02 -6.08367025e-03
  6.72787736e-03 -6.22847994e-03 -1.62881615e-02  1.97254434e-02
 -1.44597318e-02 -1.23088484e-02  7.83283698e-03  1.09324391e-02
  4.68834330e-02  4.15936897e-03 -1.28629744e-02 -1.18740616e-02
 -3.50993237e-03  4.82222371e-04 -6.82201048e-03  8.57389287e-03
  3.86941252e-04 -1.46349469e-02 -2.30615899e-02 -1.52794782e-02
 -7.03206016e-03  2.56769620e-02 -5.19599943e-03 -2.18231792e-02
 -1.85581362e-02 -1.33328716e-02 -5.85044053e-02  5.65784870e-03
  9.91252373e-01 -3.90295300e-07  1.37101294e+00  6.47250408e-01]
Best fitness in last gen:
1.4054234342260859e-05
GA calculation time:
1544.8295242786407

Initial parameters
population size = 250
number of generations = 5000
Real number of generations = 5000
elitism = 2
crossover_rate = 0.95
mutation rate = 0.01
mutation range = [4.e-02 4.e-02 4.e-02 4.e-02 4.e-02 4.e-02 4.e-02 4.e-02 4.e-02 4.e-02
 4.e-02 4.e-02 4.e-02 4.e-02 4.e-02 4.e-02 4.e-02 4.e-02 4.e-02 4.e-02
 4.e-02 4.e-02 4.e-02 4.e-02 4.e-02 4.e-02 4.e-02 4.e-02 4.e-02 4.e-02
 4.e-02 4.e-02 4.e-02 4.e-02 4.e-02 4.e-02 4.e-02 4.e-02 4.e-02 4.e-02
 4.e-02 4.e-02 4.e-02 4.e-02 4.e-02 4.e-02 4.e-02 4.e-02 2.e-02 1.e-06
 2.e-02 2.e-02]
order = 3
gene ranges = [(-0.04, 0.04), (-0.04, 0.04), (-0.04, 0.04), (-0.04, 0.04), (-0.04, 0.04), (-0.04, 0.04), (-0.04, 0.04), (-0.04, 0.04), (-0.04, 0.04), (-0.04, 0.04), (-0.04, 0.04), (-0.04, 0.04), (-0.04, 0.04), (-0.04, 0.04), (-0.04, 0.04), (-0.04, 0.04), (-0.04, 0.04), (-0.04, 0.04), (-0.04, 0.04), (-0.04, 0.04), (-0.04, 0.04), (-0.04, 0.04), (-0.04, 0.04), (-0.04, 0.04), (-0.04, 0.04), (-0.04, 0.04), (-0.04, 0.04), (-0.04, 0.04), (-0.04, 0.04), (-0.04, 0.04), (-0.04, 0.04), (-0.04, 0.04), (-0.04, 0.04), (-0.04, 0.04), (-0.04, 0.04), (-0.04, 0.04), (-0.04, 0.04), (-0.04, 0.04), (-0.04, 0.04), (-0.04, 0.04), (-0.04, 0.04), (-0.04, 0.04), (-0.04, 0.04), (-0.04, 0.04), (-0.04, 0.04), (-0.04, 0.04), (-0.04, 0.04), (-0.04, 0.04), (0.98, 1.02), (-1e-05, 1e-05), (1.35, 1.39), (0.63, 0.67)]
