Best in last gen:
[-0.0345834   0.00868167 -0.0247615   0.01353128 -0.00254963  0.03242633
 -0.02781094 -0.0197728   0.05696916  0.02550655 -0.01170032  0.0151686
 -0.02006305  0.0168329   0.00265325 -0.0577238   0.00560601  0.05192974
  0.02844492  0.01859573 -0.0131621  -0.05553296 -0.04774507 -0.01271241
  0.01679     0.04038427 -0.02527565  0.01205649 -0.03301614 -0.03020289
 -0.07678438  0.01891345 -0.03011838 -0.03886127  0.01837966  0.05907233
 -0.03167797  0.03687279  0.0419635  -0.05029535  0.08602602 -0.02058306
  0.03867906  0.03978396  0.01181162  0.06424406 -0.01182542  0.014544
  0.96726854 -0.46065121  1.17368398  0.74805812]
Best fitness in last gen:
2.391499710524702e-05
GA calculation time:
18951.14074397087

Initial parameters
population size = 500
number of generations = 30000
Real number of generations = 30000
elitism = 2
crossover_rate = 0.95
mutation rate = 0.02
mutation range = [0.1  0.1  0.1  0.1  0.1  0.1  0.1  0.1  0.1  0.1  0.1  0.1  0.1  0.1
 0.1  0.1  0.1  0.1  0.1  0.1  0.1  0.1  0.1  0.1  0.1  0.1  0.1  0.1
 0.1  0.1  0.1  0.1  0.1  0.1  0.1  0.1  0.1  0.1  0.1  0.1  0.1  0.1
 0.1  0.1  0.1  0.1  0.1  0.1  0.04 2.6  0.1  0.1 ]
order = 3
gene ranges = ((-0.05, 0.05), (0.98, 1.02), (-1.3, 1.3), (1.11, 1.21), (0.72, 0.82))