Best in last gen:
[-1.24096811e-03  8.28537187e-05  1.48041067e-03  4.70461278e-03
  2.29002282e-02  5.55669346e-02 -1.81091315e-02  5.24442088e-02
  4.99248294e-02  7.82690941e-03 -2.72021330e-02  3.50272821e-02
  3.89874635e-02 -2.75990466e-02  2.52075220e-02  2.51460276e-03
  2.41519822e-02 -7.85533627e-03  1.32652694e-02 -8.57988325e-03
  1.00255291e-02  2.22250434e-02  6.17343179e-02  5.50674308e-02
  1.07987868e-02 -2.83754119e-02 -4.53307859e-02  2.22163307e-02
  2.37883544e-02 -3.01011941e-02 -8.79317100e-02 -3.53236530e-02
 -9.88685402e-03 -3.34121384e-02  1.90889911e-03  1.78458913e-02
  1.91072171e-02  2.37333786e-03 -4.76217852e-03 -2.26656862e-02
  1.50228670e-02  4.30081296e-03  2.71620329e-03 -2.95753704e-02
 -8.75530959e-03  2.24945040e-02 -3.40884048e-02  7.64459984e-03
  9.97120123e-01 -8.96897751e-07  7.46334226e-01  3.29081887e-01]
Best fitness in last gen:
1.6730608106912557e-05
GA calculation time:
7265.314565420151

Initial parameters
population size = 300
number of generations = 20000
Real number of generations = 20000
elitism = 2
crossover_rate = 0.95
mutation rate = 0.01
mutation range = [4.e-02 4.e-02 4.e-02 4.e-02 4.e-02 4.e-02 4.e-02 4.e-02 4.e-02 4.e-02
 4.e-02 4.e-02 4.e-02 4.e-02 4.e-02 4.e-02 4.e-02 4.e-02 4.e-02 4.e-02
 4.e-02 4.e-02 4.e-02 4.e-02 4.e-02 4.e-02 4.e-02 4.e-02 4.e-02 4.e-02
 4.e-02 4.e-02 4.e-02 4.e-02 4.e-02 4.e-02 4.e-02 4.e-02 4.e-02 4.e-02
 4.e-02 4.e-02 4.e-02 4.e-02 4.e-02 4.e-02 4.e-02 4.e-02 2.e-02 1.e-06
 2.e-02 2.e-02]
order = 3
gene ranges = [(-0.1, 0.1), (-0.1, 0.1), (-0.1, 0.1), (-0.1, 0.1), (-0.1, 0.1), (-0.1, 0.1), (-0.1, 0.1), (-0.1, 0.1), (-0.1, 0.1), (-0.1, 0.1), (-0.1, 0.1), (-0.1, 0.1), (-0.1, 0.1), (-0.1, 0.1), (-0.1, 0.1), (-0.1, 0.1), (-0.1, 0.1), (-0.1, 0.1), (-0.1, 0.1), (-0.1, 0.1), (-0.1, 0.1), (-0.1, 0.1), (-0.1, 0.1), (-0.1, 0.1), (-0.1, 0.1), (-0.1, 0.1), (-0.1, 0.1), (-0.1, 0.1), (-0.1, 0.1), (-0.1, 0.1), (-0.1, 0.1), (-0.1, 0.1), (-0.1, 0.1), (-0.1, 0.1), (-0.1, 0.1), (-0.1, 0.1), (-0.1, 0.1), (-0.1, 0.1), (-0.1, 0.1), (-0.1, 0.1), (-0.1, 0.1), (-0.1, 0.1), (-0.1, 0.1), (-0.1, 0.1), (-0.1, 0.1), (-0.1, 0.1), (-0.1, 0.1), (-0.1, 0.1), (0.98, 1.02), (-1e-05, 1e-05), (0.72, 0.82), (0.28, 0.38)]
