Best in last gen:
[-1.15928278e-03 -1.72444941e-02 -1.61793171e-02 -1.05561124e-02
  1.52607681e-02 -9.17419656e-03  3.14436115e-02  6.05598951e-03
 -6.37397833e-03  1.05059297e-03  5.02571388e-02  4.04982250e-03
  7.48430464e-03  4.33095182e-03  3.75584800e-02  1.28829015e-02
 -1.54145704e-04  2.89952881e-03 -3.51196048e-03  2.01349135e-02
 -7.93787679e-03  4.44376108e-03 -2.41068023e-03 -3.24654292e-02
 -1.79988840e-02 -3.79045850e-02 -4.54945419e-03  1.90503726e-03
 -1.07949497e-02 -2.52675538e-02  2.19660574e-02  1.20189984e-02
  5.47950127e-02  2.31603045e-02 -2.04651345e-02 -5.55607317e-03
  8.02952825e-04  3.08493480e-02  9.26022396e-03 -4.26671099e-03
 -6.12765390e-03  2.98600435e-02  3.23509074e-02 -1.96280537e-04
  1.01790429e-02  4.02545701e-02  1.32712148e-02  7.17449052e-03
  9.91205671e-01 -6.88586432e-07  5.62933925e-01  2.01643093e+00]
Best fitness in last gen:
7.528775060177621e-07
GA calculation time:
315.99704599380493

Initial parameters
population size = 100
number of generations = 2000
Real number of generations = 2000
elitism = 2
crossover_rate = 0.95
mutation rate = 0.01
mutation range = [4.e-02 4.e-02 4.e-02 4.e-02 4.e-02 4.e-02 4.e-02 4.e-02 4.e-02 4.e-02
 4.e-02 4.e-02 4.e-02 4.e-02 4.e-02 4.e-02 4.e-02 4.e-02 4.e-02 4.e-02
 4.e-02 4.e-02 4.e-02 4.e-02 4.e-02 4.e-02 4.e-02 4.e-02 4.e-02 4.e-02
 4.e-02 4.e-02 4.e-02 4.e-02 4.e-02 4.e-02 4.e-02 4.e-02 4.e-02 4.e-02
 4.e-02 4.e-02 4.e-02 4.e-02 4.e-02 4.e-02 4.e-02 4.e-02 2.e-02 1.e-06
 2.e-02 2.e-02]
order = 3
gene ranges = [(-0.04, 0.04), (-0.04, 0.04), (-0.04, 0.04), (-0.04, 0.04), (-0.04, 0.04), (-0.04, 0.04), (-0.04, 0.04), (-0.04, 0.04), (-0.04, 0.04), (-0.04, 0.04), (-0.04, 0.04), (-0.04, 0.04), (-0.04, 0.04), (-0.04, 0.04), (-0.04, 0.04), (-0.04, 0.04), (-0.04, 0.04), (-0.04, 0.04), (-0.04, 0.04), (-0.04, 0.04), (-0.04, 0.04), (-0.04, 0.04), (-0.04, 0.04), (-0.04, 0.04), (-0.04, 0.04), (-0.04, 0.04), (-0.04, 0.04), (-0.04, 0.04), (-0.04, 0.04), (-0.04, 0.04), (-0.04, 0.04), (-0.04, 0.04), (-0.04, 0.04), (-0.04, 0.04), (-0.04, 0.04), (-0.04, 0.04), (-0.04, 0.04), (-0.04, 0.04), (-0.04, 0.04), (-0.04, 0.04), (-0.04, 0.04), (-0.04, 0.04), (-0.04, 0.04), (-0.04, 0.04), (-0.04, 0.04), (-0.04, 0.04), (-0.04, 0.04), (-0.04, 0.04), (0.98, 1.02), (-1e-05, 1e-05), (0.55, 0.59), (2.0, 2.04)]
