Best in last gen:
[ 2.51810493e-02  9.69249201e-03  7.06387094e-02 -3.51405995e-02
  5.16842617e-02 -4.51128663e-03  3.45621348e-02 -2.32875922e-02
  2.06734726e-02  8.76367261e-02 -3.11136085e-03  1.30537425e-02
  8.55693341e-02 -2.96633779e-02  3.47120077e-02 -4.06297679e-02
 -4.02156437e-02 -2.12185263e-02  5.47011181e-03  6.88838257e-03
  7.55727727e-02 -2.06555991e-02 -5.88669265e-02 -4.29496009e-03
 -8.97633291e-03 -5.72960463e-03  1.04368579e-02  8.16987772e-03
 -9.37509419e-02 -7.53792088e-03  4.08227724e-02  4.48302778e-02
  3.70874269e-03 -1.26992923e-03  4.38348945e-02 -2.75334907e-02
  4.35060332e-02  9.88189955e-03 -1.56298767e-02  1.32698919e-02
 -2.96960379e-03  2.48783654e-02  1.70600555e-02 -1.10371083e-02
  4.70102052e-03  8.49721035e-02 -5.66570025e-04 -2.60086015e-03
  9.87033743e-01  9.21610677e-01  1.24087053e+00  8.29154941e-01]
Best fitness in last gen:
1.3242449690014265e-05

Best in all:
[ 2.51810493e-02  9.69249201e-03  7.06387094e-02 -3.51405995e-02
  5.16842617e-02 -4.51128663e-03  3.45621348e-02 -2.32875922e-02
  2.06734726e-02  8.76367261e-02 -3.11136085e-03  1.30537425e-02
  8.55693341e-02 -2.96633779e-02  3.47120077e-02 -4.06297679e-02
 -4.02156437e-02 -2.12185263e-02  5.47011181e-03  6.88838257e-03
  7.55727727e-02 -2.06555991e-02 -5.88669265e-02 -4.29496009e-03
 -8.97633291e-03 -5.72960463e-03  1.04368579e-02  8.16987772e-03
 -9.37509419e-02 -7.53792088e-03  4.08227724e-02  4.48302778e-02
  3.70874269e-03 -1.26992923e-03  4.38348945e-02 -2.75334907e-02
  4.35060332e-02  9.88189955e-03 -1.56298767e-02  1.32698919e-02
 -2.96960379e-03  2.48783654e-02  1.70600555e-02 -1.10371083e-02
  4.70102052e-03  8.49721035e-02 -5.66570025e-04 -2.60086015e-03
  9.87033743e-01  9.21610677e-01  1.24087053e+00  8.29154941e-01]
Best fitness in all:
1.3242449690014265e-05
GA calculation time:
62958.53255534172

Initial parameters
population size = 500
number of generations = 100000
Real number of generations = 100000
elitism = 2
crossover_rate = 0.95
mutation rate = 0.007
mutation range = 0.1
order = 3
gene ranges = ((-0.1, 0.1), (0.98, 1.02), (-2, 2), (1.0, 1.4), (0.5, 0.9))