Best in last gen:
[-8.58265661e-03 -3.78118897e-03 -2.08180293e-02 -7.81901494e-03
 -2.15932155e-02  9.26463225e-03  1.50294747e-03  3.74006929e-03
  1.69782591e-02 -8.68102573e-03  1.43677047e-02  2.45354704e-04
 -1.35825852e-02  2.89984466e-03 -3.82704081e-03 -1.65557966e-02
  1.11899038e-02 -9.64936647e-03 -7.51214210e-03  3.60996348e-03
 -1.53844717e-02  9.12896921e-04  5.10409391e-03 -4.83534881e-03
 -2.44982237e-02  2.73611729e-02  1.66592636e-02  1.28534473e-03
 -4.97661463e-03  1.20043544e-02 -1.63853643e-03 -1.04776918e-02
 -3.23248756e-02  5.89991245e-03  2.04708084e-03  7.34466610e-04
 -4.69403960e-03 -7.50181878e-03 -1.03342712e-02  1.27575664e-02
 -2.84667766e-03  9.01868410e-03  1.67344766e-04 -3.39499317e-02
 -1.00834617e-02  5.95576541e-03  8.48128251e-03  6.11688302e-03
  1.00299116e+00 -1.66248980e-06  7.74387153e-01  3.33083603e-01]
Best fitness in last gen:
0.0
GA calculation time:
6.213575124740601

Initial parameters
population size = 300
number of generations = 10
Real number of generations = 10
elitism = 2
crossover_rate = 0.95
mutation rate = 0.01
mutation range = [4.e-02 4.e-02 4.e-02 4.e-02 4.e-02 4.e-02 4.e-02 4.e-02 4.e-02 4.e-02
 4.e-02 4.e-02 4.e-02 4.e-02 4.e-02 4.e-02 4.e-02 4.e-02 4.e-02 4.e-02
 4.e-02 4.e-02 4.e-02 4.e-02 4.e-02 4.e-02 4.e-02 4.e-02 4.e-02 4.e-02
 4.e-02 4.e-02 4.e-02 4.e-02 4.e-02 4.e-02 4.e-02 4.e-02 4.e-02 4.e-02
 4.e-02 4.e-02 4.e-02 4.e-02 4.e-02 4.e-02 4.e-02 4.e-02 2.e-02 1.e-06
 2.e-02 2.e-02]
order = 3
gene ranges = [(-0.1, 0.1), (-0.1, 0.1), (-0.1, 0.1), (-0.1, 0.1), (-0.1, 0.1), (-0.1, 0.1), (-0.1, 0.1), (-0.1, 0.1), (-0.1, 0.1), (-0.1, 0.1), (-0.1, 0.1), (-0.1, 0.1), (-0.1, 0.1), (-0.1, 0.1), (-0.1, 0.1), (-0.1, 0.1), (-0.1, 0.1), (-0.1, 0.1), (-0.1, 0.1), (-0.1, 0.1), (-0.1, 0.1), (-0.1, 0.1), (-0.1, 0.1), (-0.1, 0.1), (-0.1, 0.1), (-0.1, 0.1), (-0.1, 0.1), (-0.1, 0.1), (-0.1, 0.1), (-0.1, 0.1), (-0.1, 0.1), (-0.1, 0.1), (-0.1, 0.1), (-0.1, 0.1), (-0.1, 0.1), (-0.1, 0.1), (-0.1, 0.1), (-0.1, 0.1), (-0.1, 0.1), (-0.1, 0.1), (-0.1, 0.1), (-0.1, 0.1), (-0.1, 0.1), (-0.1, 0.1), (-0.1, 0.1), (-0.1, 0.1), (-0.1, 0.1), (-0.1, 0.1), (0.98, 1.02), (-1e-05, 1e-05), (0.72, 0.82), (0.28, 0.38)]
