Best in last gen:
[-3.18257843e-02 -3.40073279e-02  5.51342206e-02  2.19624466e-02
  1.52838893e-02 -2.55983466e-02  4.12190939e-02 -6.36098828e-02
  1.67759967e-02  1.07324823e-03 -3.27033150e-02  1.15856250e-02
 -4.90608010e-02 -4.59928452e-03 -4.21891642e-03 -1.00651237e-02
 -6.29045360e-03  4.43551123e-03 -3.81562827e-03 -6.67649025e-03
  7.91748039e-03  7.47580766e-02 -1.51286631e-02 -2.59914294e-02
  2.57792951e-02 -7.83495729e-02  1.72496226e-02  4.87890249e-02
  1.91535391e-02  4.98234151e-04 -7.25440145e-02 -1.81742900e-02
 -9.38392547e-03 -1.08611289e-02  1.42930063e-02 -1.84042105e-02
  2.15888871e-02 -5.85533205e-03 -8.00498751e-03  2.29982178e-02
 -1.62979728e-02  6.32835348e-03 -3.63971029e-02  4.78350009e-02
 -2.10288647e-02 -1.13748069e-01 -4.43701462e-02  4.92019314e-04
  1.03055759e+00  1.85803170e-01  1.13650324e+00  7.16546343e-01]
Best fitness in last gen:
0.001001295782745719

Best in all:
[-3.18257843e-02 -3.40073279e-02  5.51342206e-02  2.19624466e-02
  1.52838893e-02 -2.55983466e-02  4.12190939e-02 -6.36098828e-02
  1.67759967e-02  1.07324823e-03 -3.27033150e-02  1.15856250e-02
 -4.90608010e-02 -4.59928452e-03 -4.21891642e-03 -1.00651237e-02
 -6.29045360e-03  4.43551123e-03 -3.81562827e-03 -6.67649025e-03
  7.91748039e-03  7.47580766e-02 -1.51286631e-02 -2.59914294e-02
  2.57792951e-02 -7.83495729e-02  1.72496226e-02  4.87890249e-02
  1.91535391e-02  4.98234151e-04 -7.25440145e-02 -1.81742900e-02
 -9.38392547e-03 -1.08611289e-02  1.42930063e-02 -1.84042105e-02
  2.15888871e-02 -5.85533205e-03 -8.00498751e-03  2.29982178e-02
 -1.62979728e-02  6.32835348e-03 -3.63971029e-02  4.78350009e-02
 -2.10288647e-02 -1.13748069e-01 -4.43701462e-02  4.92019314e-04
  1.03055759e+00  1.85803170e-01  1.13650324e+00  7.16546343e-01]
Best fitness in all:
0.001001295782745719
GA calculation time:
130.6138231754303

Initial parameters
population size = 15
number of generations = 10000
Real number of generations = 5199
elitism = 2
crossover_rate = 0.95
mutation rate = 0.007
mutation range = 0.1
order = 3
gene ranges = ((-0.1, 0.1), (0.98, 1.02), (-2, 2), (1.1, 1.2), (0.65, 0.75))
