Best in last gen:
[-1.52809510e-02 -1.19183360e-02 -2.84767580e-02 -1.55735836e-02
  2.45734490e-03  4.36709465e-02  3.84239045e-02 -5.38102311e-03
  2.75755528e-02 -5.56958089e-02  3.31046592e-02  8.73447800e-03
 -5.68463519e-03 -2.08120387e-02  2.69240182e-03  1.53157111e-03
  8.88430855e-03  1.12520386e-02  1.44615829e-03 -1.65250809e-03
 -2.03635689e-02  1.50156588e-02 -6.34552952e-03 -1.73241827e-02
 -5.65668162e-03 -6.42289943e-02  5.30210130e-02 -2.01597843e-02
 -1.05590553e-02 -2.99240959e-02  4.69549710e-02  5.39663154e-02
  3.64339169e-02  1.50609950e-03  4.00295261e-03  1.02758730e-02
 -7.88704603e-03 -4.06498479e-03 -1.88732951e-02 -1.11798297e-02
  6.01386575e-03 -3.83405671e-02 -7.91648775e-02  2.15391811e-03
 -3.08626733e-03 -2.02308049e-04  1.06720715e-02  4.79065195e-03
  9.82997153e-01  4.92964555e-03  1.68613203e+00  7.84243438e-01]
Best fitness in last gen:
1.474864190564348e-06

Best in all:
[-1.52809510e-02 -1.19183360e-02 -2.84767580e-02 -1.55735836e-02
  2.45734490e-03  4.36709465e-02  3.84239045e-02 -5.38102311e-03
  2.75755528e-02 -5.56958089e-02  3.31046592e-02  8.73447800e-03
 -5.68463519e-03 -2.08120387e-02  2.69240182e-03  1.53157111e-03
  8.88430855e-03  1.12520386e-02  1.44615829e-03 -1.65250809e-03
 -2.03635689e-02  1.50156588e-02 -6.34552952e-03 -1.73241827e-02
 -5.65668162e-03 -6.42289943e-02  5.30210130e-02 -2.01597843e-02
 -1.05590553e-02 -2.99240959e-02  4.69549710e-02  5.39663154e-02
  3.64339169e-02  1.50609950e-03  4.00295261e-03  1.02758730e-02
 -7.88704603e-03 -4.06498479e-03 -1.88732951e-02 -1.11798297e-02
  6.01386575e-03 -3.83405671e-02 -7.91648775e-02  2.15391811e-03
 -3.08626733e-03 -2.02308049e-04  1.06720715e-02  4.79065195e-03
  9.82997153e-01  4.92964555e-03  1.68613203e+00  7.84243438e-01]
Best fitness in all:
1.474864190564348e-06

Initial parameters
population size = 1000
number of generations = 10000
Real number of generations = 10000
elitism = 2
crossover_rate = 0.95
mutation rate = 0.007
mutation range = 0.1
order = 3
gene ranges = ((-0.3, 0.3), (0.95, 1.05), (-2, 2), (1.3, 2.1), (0.4, 1.2))
