Best in last gen:
[ 1.31324009e-02  2.04749158e-03 -1.33518459e-02 -1.27246385e-02
 -3.48785575e-02  1.86201394e-02 -2.78955215e-02 -4.79921504e-03
 -1.61436516e-02 -9.26565314e-03 -7.18435713e-03  3.38682025e-03
  1.28215712e-02  5.04431167e-02 -1.26951965e-02 -1.11760210e-02
  3.51377404e-03  1.09595053e-02  2.56746189e-03  3.39878127e-02
 -3.86162707e-02 -7.39403058e-03 -6.24227594e-03  1.82711251e-02
  2.30186512e-02  3.56124647e-02  1.19946039e-02 -2.22760820e-02
  4.88547129e-02 -2.09100027e-02 -5.98191185e-03  2.69526329e-02
  2.05271532e-02  1.78962115e-02 -9.80358903e-04  2.98715062e-03
  1.68056906e-02 -2.86143433e-03  3.93036312e-03  3.36451317e-03
 -6.13675060e-03 -4.40013897e-03  3.44874845e-04  7.51648558e-03
 -1.44934213e-02  1.31887338e-02 -4.80184541e-03 -2.07446833e-02
  1.14392248e-02  2.70475054e-03 -5.58226441e-03  1.00378318e-03
  9.11181040e-03  1.19215263e-02  2.48287049e-02  2.09020212e-02
  1.95760266e-02  4.00947975e-03  4.98910128e-02 -1.66136785e-02
 -3.88425969e-02  1.96293980e-02 -2.96326156e-02 -9.04820829e-03
  7.58016855e-03 -4.89295523e-02 -4.01330892e-03  2.73832823e-04
  1.07877421e-02 -1.88462265e-02 -1.00381632e-02  1.83241626e-02
  6.81671105e-03  1.17763743e-02 -3.27412802e-02  1.11473117e-02
  2.51230322e-02 -4.51048685e-02  3.58216205e-02  2.91635105e-02
  1.00674991e+00  1.42573612e-06  3.17030797e-01  2.84257373e-01]
Best fitness in last gen:
1.9494953478808515e-06
GA calculation time:
786.8496565818787

Initial parameters
population size = 300
number of generations = 2000
Real number of generations = 2000
elitism = 2
crossover_rate = 0.95
mutation rate = 0.01
mutation range = [4.e-02 4.e-02 4.e-02 4.e-02 4.e-02 4.e-02 4.e-02 4.e-02 4.e-02 4.e-02
 4.e-02 4.e-02 4.e-02 4.e-02 4.e-02 4.e-02 4.e-02 4.e-02 4.e-02 4.e-02
 4.e-02 4.e-02 4.e-02 4.e-02 4.e-02 4.e-02 4.e-02 4.e-02 4.e-02 4.e-02
 4.e-02 4.e-02 4.e-02 4.e-02 4.e-02 4.e-02 4.e-02 4.e-02 4.e-02 4.e-02
 4.e-02 4.e-02 4.e-02 4.e-02 4.e-02 4.e-02 4.e-02 4.e-02 4.e-02 4.e-02
 4.e-02 4.e-02 4.e-02 4.e-02 4.e-02 4.e-02 4.e-02 4.e-02 4.e-02 4.e-02
 4.e-02 4.e-02 4.e-02 4.e-02 4.e-02 4.e-02 4.e-02 4.e-02 4.e-02 4.e-02
 4.e-02 4.e-02 4.e-02 4.e-02 4.e-02 4.e-02 4.e-02 4.e-02 4.e-02 4.e-02
 2.e-02 1.e-06 2.e-02 2.e-02]
order = 4
gene ranges = [(-0.1, 0.1), (-0.1, 0.1), (-0.1, 0.1), (-0.1, 0.1), (-0.1, 0.1), (-0.1, 0.1), (-0.1, 0.1), (-0.1, 0.1), (-0.1, 0.1), (-0.1, 0.1), (-0.1, 0.1), (-0.1, 0.1), (-0.1, 0.1), (-0.1, 0.1), (-0.1, 0.1), (-0.1, 0.1), (-0.1, 0.1), (-0.1, 0.1), (-0.1, 0.1), (-0.1, 0.1), (-0.1, 0.1), (-0.1, 0.1), (-0.1, 0.1), (-0.1, 0.1), (-0.1, 0.1), (-0.1, 0.1), (-0.1, 0.1), (-0.1, 0.1), (-0.1, 0.1), (-0.1, 0.1), (-0.1, 0.1), (-0.1, 0.1), (-0.1, 0.1), (-0.1, 0.1), (-0.1, 0.1), (-0.1, 0.1), (-0.1, 0.1), (-0.1, 0.1), (-0.1, 0.1), (-0.1, 0.1), (-0.1, 0.1), (-0.1, 0.1), (-0.1, 0.1), (-0.1, 0.1), (-0.1, 0.1), (-0.1, 0.1), (-0.1, 0.1), (-0.1, 0.1), (-0.1, 0.1), (-0.1, 0.1), (-0.1, 0.1), (-0.1, 0.1), (-0.1, 0.1), (-0.1, 0.1), (-0.1, 0.1), (-0.1, 0.1), (-0.1, 0.1), (-0.1, 0.1), (-0.1, 0.1), (-0.1, 0.1), (-0.1, 0.1), (-0.1, 0.1), (-0.1, 0.1), (-0.1, 0.1), (-0.1, 0.1), (-0.1, 0.1), (-0.1, 0.1), (-0.1, 0.1), (-0.1, 0.1), (-0.1, 0.1), (-0.1, 0.1), (-0.1, 0.1), (-0.1, 0.1), (-0.1, 0.1), (-0.1, 0.1), (-0.1, 0.1), (-0.1, 0.1), (-0.1, 0.1), (-0.1, 0.1), (-0.1, 0.1), (0.98, 1.02), (-1e-05, 1e-05), (0.3, 0.36), (0.25, 0.31)]
