Best in last gen:
[ 9.86399391e-03  1.39901627e-03 -3.89950412e-03 -6.88134937e-03
 -5.99762075e-03  4.84558070e-02 -3.80866004e-03 -3.10388907e-03
 -1.00599225e-02  6.85837286e-02  7.40172225e-03  1.76440702e-03
 -6.68772329e-03  1.20176851e-03 -6.34214909e-03 -1.37840693e-02
 -1.61318627e-02 -9.97836880e-05 -8.32322967e-04  1.25493706e-02
  4.71181311e-03  4.38704736e-03  2.39902567e-02  8.48908973e-05
 -1.47307653e-02 -1.23041152e-02  1.40904565e-03  4.79298674e-03
 -6.58926527e-03 -2.01781596e-02  1.36628520e-02  2.73409206e-03
 -5.31827302e-03 -5.68324365e-03  1.81259643e-03 -8.10816193e-03
  4.73890109e-03 -8.29911219e-03  8.89254498e-04 -1.39784655e-03
  7.32351127e-03  8.40174100e-03 -5.41425715e-02  1.88385927e-02
  8.04728951e-03  8.65380056e-03 -2.28396739e-03  2.98039609e-03
  1.00150421e+00 -4.27195865e-02  1.20738540e+00  6.93207100e-01]
Best fitness in last gen:
1.4254833324068447e-07

Best in all:
[ 9.86399391e-03  1.39901627e-03 -3.89950412e-03 -6.88134937e-03
 -5.99762075e-03  4.84558070e-02 -3.80866004e-03 -3.10388907e-03
 -1.00599225e-02  6.85837286e-02  7.40172225e-03  1.76440702e-03
 -6.68772329e-03  1.20176851e-03 -6.34214909e-03 -1.37840693e-02
 -1.61318627e-02 -9.97836880e-05 -8.32322967e-04  1.25493706e-02
  4.71181311e-03  4.38704736e-03  2.39902567e-02  8.48908973e-05
 -1.47307653e-02 -1.23041152e-02  1.40904565e-03  4.79298674e-03
 -6.58926527e-03 -2.01781596e-02  1.36628520e-02  2.73409206e-03
 -5.31827302e-03 -5.68324365e-03  1.81259643e-03 -8.10816193e-03
  4.73890109e-03 -8.29911219e-03  8.89254498e-04 -1.39784655e-03
  7.32351127e-03  8.40174100e-03 -5.41425715e-02  1.88385927e-02
  8.04728951e-03  8.65380056e-03 -2.28396739e-03  2.98039609e-03
  1.00150421e+00 -4.27195865e-02  1.20738540e+00  6.93207100e-01]
Best fitness in all:
1.4254833324068447e-07
GA calculation time:
62.33326315879822

Initial parameters
population size = 500
number of generations = 100
Real number of generations = 100
elitism = 2
crossover_rate = 0.95
mutation rate = 0.007
mutation range = 0.1
order = 3
gene ranges = ((-0.1, 0.1), (0.98, 1.02), (-2, 2), (1.0, 1.4), (0.5, 0.9))
