Best in last gen:
[ 1.09576959e-03  7.95512557e-03  1.24145182e-02  3.23395382e-02
  1.34251102e-02 -9.11490658e-03  1.63919510e-01 -1.24851888e-02
 -1.26396498e-02  1.13519244e-02  6.59450168e-03 -1.93845674e-04
  1.47339766e-02 -1.22537992e-02 -3.65567261e-03 -1.66177408e-02
 -1.85606978e-02 -8.02254160e-03  2.56952874e-02  1.44899463e-02
  2.26738555e-02  1.18328622e-02  9.62386140e-03 -1.68319095e-02
  5.09979847e-02  2.30230881e-02  6.24462796e-03 -1.66431435e-02
  3.12102250e-03  1.91936488e-02 -1.55154430e-02  3.61597244e-03
  1.30095071e-02 -6.01813936e-04 -1.81018741e-02  1.34502796e-02
  5.75980489e-03 -2.12759236e-03 -7.95158542e-03 -4.92782148e-03
 -4.79190882e-03  9.95085147e-03 -1.30263349e-01 -6.71647364e-02
 -1.40306506e-02 -2.60007997e-02 -2.40951698e-02  3.09423522e-02
  9.94723694e-01 -2.96099143e-06  1.90763124e+00  5.38664878e-01]
Best fitness in last gen:
5.2418687058951106e-06
GA calculation time:
2821.4215321540833

Initial parameters
population size = 300
number of generations = 10000
Real number of generations = 10000
elitism = 2
crossover_rate = 0.95
mutation rate = 0.01
mutation range = [4.e-02 4.e-02 4.e-02 4.e-02 4.e-02 4.e-02 4.e-02 4.e-02 4.e-02 4.e-02
 4.e-02 4.e-02 4.e-02 4.e-02 4.e-02 4.e-02 4.e-02 4.e-02 4.e-02 4.e-02
 4.e-02 4.e-02 4.e-02 4.e-02 4.e-02 4.e-02 4.e-02 4.e-02 4.e-02 4.e-02
 4.e-02 4.e-02 4.e-02 4.e-02 4.e-02 4.e-02 4.e-02 4.e-02 4.e-02 4.e-02
 4.e-02 4.e-02 4.e-02 4.e-02 4.e-02 4.e-02 4.e-02 4.e-02 2.e-02 1.e-06
 2.e-02 2.e-02]
order = 3
gene ranges = [(-0.1, 0.1), (-0.1, 0.1), (-0.1, 0.1), (-0.1, 0.1), (-0.1, 0.1), (-0.1, 0.1), (-0.1, 0.1), (-0.1, 0.1), (-0.1, 0.1), (-0.1, 0.1), (-0.1, 0.1), (-0.1, 0.1), (-0.1, 0.1), (-0.1, 0.1), (-0.1, 0.1), (-0.1, 0.1), (-0.1, 0.1), (-0.1, 0.1), (-0.1, 0.1), (-0.1, 0.1), (-0.1, 0.1), (-0.1, 0.1), (-0.1, 0.1), (-0.1, 0.1), (-0.1, 0.1), (-0.1, 0.1), (-0.1, 0.1), (-0.1, 0.1), (-0.1, 0.1), (-0.1, 0.1), (-0.1, 0.1), (-0.1, 0.1), (-0.1, 0.1), (-0.1, 0.1), (-0.1, 0.1), (-0.1, 0.1), (-0.1, 0.1), (-0.1, 0.1), (-0.1, 0.1), (-0.1, 0.1), (-0.1, 0.1), (-0.1, 0.1), (-0.1, 0.1), (-0.1, 0.1), (-0.1, 0.1), (-0.1, 0.1), (-0.1, 0.1), (-0.1, 0.1), (0.98, 1.02), (-1e-05, 1e-05), (1.88, 1.94), (0.5, 0.56)]
