Best in last gen:
[ 9.67681921e-03 -2.24573191e-03 -4.27457472e-03  1.80203799e-02
 -7.25647678e-03  2.11951094e-02 -1.68840674e-03  2.76783814e-03
  3.40512920e-02  1.76910833e-02 -2.77407670e-02 -1.12519501e-02
  1.72162710e-02  1.76523353e-02  1.82621792e-02 -9.48181254e-03
 -2.82540982e-02  6.43482553e-03  3.85148486e-03 -1.29581296e-02
  6.58991981e-03 -5.52176326e-03 -2.25317370e-03  2.92596338e-02
  6.20282824e-03 -1.51985808e-02 -3.55253560e-02  2.14933850e-02
  2.14313255e-02 -2.31444407e-02  1.11232381e-02  1.53304905e-02
  1.42276827e-02  1.82218875e-02  1.45520749e-02 -5.91361368e-04
 -4.79941973e-05  1.18856781e-02 -3.87768585e-03  8.72666020e-03
  1.06919900e-02  1.63873630e-03  2.03207367e-02  1.74491332e-02
  2.24392105e-02  8.48487021e-04  2.34160941e-03 -9.67099500e-03
 -1.81424305e-02  1.42259859e-02 -5.78246475e-03  1.91926992e-03
  2.76972060e-03 -1.47507603e-02  1.72615670e-02  1.61511312e-04
 -2.62121956e-02 -4.38040961e-03 -1.27358927e-02 -1.25867595e-02
  2.69760411e-02 -2.96690131e-04  2.03316674e-02  1.61148851e-02
 -5.43140354e-03 -7.09527347e-03 -4.54755844e-03  8.71691885e-03
 -1.08527288e-02  7.26247905e-04 -2.78591741e-03  6.76940985e-03
  1.23895089e-02 -2.71060161e-02  7.43851069e-03  1.09450817e-02
  9.95683579e-03 -3.12304929e-03 -1.36060726e-02  1.24818938e-02
 -8.30743315e-03  3.52329401e-02 -8.57305099e-03  1.57054859e-02
 -2.28119619e-02 -5.15930645e-03 -2.17564553e-04  1.66970432e-02
 -1.98627941e-02 -1.13031175e-02  1.97126045e-02 -4.23958158e-03
  4.20216647e-03  1.88108169e-03  2.40464733e-02  2.55477026e-02
 -2.85883638e-03 -3.74606508e-04  2.16245719e-03 -8.69663148e-04
 -6.34413291e-03 -5.05341200e-03 -1.51156423e-03  1.48036007e-03
 -6.31723308e-03  2.08017507e-02 -1.39491780e-02  1.29889801e-02
  7.93605268e-04  5.07187557e-03 -8.35566767e-04 -3.49679956e-02
  3.59651178e-03  1.94006879e-02  7.66411917e-03  3.73112855e-03
 -2.72710408e-02  2.74996634e-02 -1.27492014e-02  1.84833925e-02
  1.00539038e+00  1.07757031e-06  6.42395739e-01  3.49704524e-01]
Best fitness in last gen:
1.4005329035705514e-06
GA calculation time:
362.61800384521484

Initial parameters
population size = 100
number of generations = 1000
Real number of generations = 1000
elitism = 2
crossover_rate = 0.95
mutation rate = 0.01
mutation range = [4.e-02 4.e-02 4.e-02 4.e-02 4.e-02 4.e-02 4.e-02 4.e-02 4.e-02 4.e-02
 4.e-02 4.e-02 4.e-02 4.e-02 4.e-02 4.e-02 4.e-02 4.e-02 4.e-02 4.e-02
 4.e-02 4.e-02 4.e-02 4.e-02 4.e-02 4.e-02 4.e-02 4.e-02 4.e-02 4.e-02
 4.e-02 4.e-02 4.e-02 4.e-02 4.e-02 4.e-02 4.e-02 4.e-02 4.e-02 4.e-02
 4.e-02 4.e-02 4.e-02 4.e-02 4.e-02 4.e-02 4.e-02 4.e-02 4.e-02 4.e-02
 4.e-02 4.e-02 4.e-02 4.e-02 4.e-02 4.e-02 4.e-02 4.e-02 4.e-02 4.e-02
 4.e-02 4.e-02 4.e-02 4.e-02 4.e-02 4.e-02 4.e-02 4.e-02 4.e-02 4.e-02
 4.e-02 4.e-02 4.e-02 4.e-02 4.e-02 4.e-02 4.e-02 4.e-02 4.e-02 4.e-02
 4.e-02 4.e-02 4.e-02 4.e-02 4.e-02 4.e-02 4.e-02 4.e-02 4.e-02 4.e-02
 4.e-02 4.e-02 4.e-02 4.e-02 4.e-02 4.e-02 4.e-02 4.e-02 4.e-02 4.e-02
 4.e-02 4.e-02 4.e-02 4.e-02 4.e-02 4.e-02 4.e-02 4.e-02 4.e-02 4.e-02
 4.e-02 4.e-02 4.e-02 4.e-02 4.e-02 4.e-02 4.e-02 4.e-02 4.e-02 4.e-02
 2.e-02 1.e-06 2.e-02 2.e-02]
order = 5
gene ranges = [(-0.04, 0.04), (-0.04, 0.04), (-0.04, 0.04), (-0.04, 0.04), (-0.04, 0.04), (-0.04, 0.04), (-0.04, 0.04), (-0.04, 0.04), (-0.04, 0.04), (-0.04, 0.04), (-0.04, 0.04), (-0.04, 0.04), (-0.04, 0.04), (-0.04, 0.04), (-0.04, 0.04), (-0.04, 0.04), (-0.04, 0.04), (-0.04, 0.04), (-0.04, 0.04), (-0.04, 0.04), (-0.04, 0.04), (-0.04, 0.04), (-0.04, 0.04), (-0.04, 0.04), (-0.04, 0.04), (-0.04, 0.04), (-0.04, 0.04), (-0.04, 0.04), (-0.04, 0.04), (-0.04, 0.04), (-0.04, 0.04), (-0.04, 0.04), (-0.04, 0.04), (-0.04, 0.04), (-0.04, 0.04), (-0.04, 0.04), (-0.04, 0.04), (-0.04, 0.04), (-0.04, 0.04), (-0.04, 0.04), (-0.04, 0.04), (-0.04, 0.04), (-0.04, 0.04), (-0.04, 0.04), (-0.04, 0.04), (-0.04, 0.04), (-0.04, 0.04), (-0.04, 0.04), (-0.04, 0.04), (-0.04, 0.04), (-0.04, 0.04), (-0.04, 0.04), (-0.04, 0.04), (-0.04, 0.04), (-0.04, 0.04), (-0.04, 0.04), (-0.04, 0.04), (-0.04, 0.04), (-0.04, 0.04), (-0.04, 0.04), (-0.04, 0.04), (-0.04, 0.04), (-0.04, 0.04), (-0.04, 0.04), (-0.04, 0.04), (-0.04, 0.04), (-0.04, 0.04), (-0.04, 0.04), (-0.04, 0.04), (-0.04, 0.04), (-0.04, 0.04), (-0.04, 0.04), (-0.04, 0.04), (-0.04, 0.04), (-0.04, 0.04), (-0.04, 0.04), (-0.04, 0.04), (-0.04, 0.04), (-0.04, 0.04), (-0.04, 0.04), (-0.04, 0.04), (-0.04, 0.04), (-0.04, 0.04), (-0.04, 0.04), (-0.04, 0.04), (-0.04, 0.04), (-0.04, 0.04), (-0.04, 0.04), (-0.04, 0.04), (-0.04, 0.04), (-0.04, 0.04), (-0.04, 0.04), (-0.04, 0.04), (-0.04, 0.04), (-0.04, 0.04), (-0.04, 0.04), (-0.04, 0.04), (-0.04, 0.04), (-0.04, 0.04), (-0.04, 0.04), (-0.04, 0.04), (-0.04, 0.04), (-0.04, 0.04), (-0.04, 0.04), (-0.04, 0.04), (-0.04, 0.04), (-0.04, 0.04), (-0.04, 0.04), (-0.04, 0.04), (-0.04, 0.04), (-0.04, 0.04), (-0.04, 0.04), (-0.04, 0.04), (-0.04, 0.04), (-0.04, 0.04), (-0.04, 0.04), (-0.04, 0.04), (-0.04, 0.04), (-0.04, 0.04), (-0.04, 0.04), (0.98, 1.02), (-1e-05, 1e-05), (0.6, 0.64), (0.33, 0.37)]
