Best in last gen:
[ 1.47658246e-02  3.44748536e-03 -2.57228790e-02  3.13970170e-02
  1.48978594e-02 -5.48546469e-03 -3.12128217e-02  6.69054676e-03
  2.60271048e-02  1.58639981e-02  2.50496237e-02 -2.80588821e-02
  4.34847713e-02  1.02345853e-02  4.23781736e-03 -1.62895577e-02
  4.51162456e-03 -1.43406973e-02 -1.02906417e-04  5.88174598e-03
  1.75718814e-02 -4.47138130e-02 -8.42063937e-03 -1.72657991e-02
  1.75319796e-02 -7.62552266e-03 -7.23287439e-02 -1.66279863e-02
  1.49319280e-02  5.69812949e-03  8.41458104e-03 -3.73190467e-03
  1.78275959e-02  5.33604507e-02  2.62052025e-02 -8.58502292e-03
  5.47754062e-03 -6.10426460e-05 -2.56321705e-03  1.00949175e-02
  7.58905008e-04  1.02833945e-02  7.05308390e-03  2.15527315e-02
 -6.60671737e-03  2.96750937e-02  2.79386340e-02  1.25870744e-03
  1.00574555e+00  1.70656307e-06  5.72146992e-01  1.44906975e+00]
Best fitness in last gen:
8.069104886116553e-07
GA calculation time:
315.2235827445984

Initial parameters
population size = 100
number of generations = 1000
Real number of generations = 1000
elitism = 2
crossover_rate = 0.95
mutation rate = 0.01
mutation range = [4.e-02 4.e-02 4.e-02 4.e-02 4.e-02 4.e-02 4.e-02 4.e-02 4.e-02 4.e-02
 4.e-02 4.e-02 4.e-02 4.e-02 4.e-02 4.e-02 4.e-02 4.e-02 4.e-02 4.e-02
 4.e-02 4.e-02 4.e-02 4.e-02 4.e-02 4.e-02 4.e-02 4.e-02 4.e-02 4.e-02
 4.e-02 4.e-02 4.e-02 4.e-02 4.e-02 4.e-02 4.e-02 4.e-02 4.e-02 4.e-02
 4.e-02 4.e-02 4.e-02 4.e-02 4.e-02 4.e-02 4.e-02 4.e-02 2.e-02 1.e-06
 2.e-02 2.e-02]
order = 3
gene ranges = [(-0.1, 0.1), (-0.1, 0.1), (-0.1, 0.1), (-0.1, 0.1), (-0.1, 0.1), (-0.1, 0.1), (-0.1, 0.1), (-0.1, 0.1), (-0.1, 0.1), (-0.1, 0.1), (-0.1, 0.1), (-0.1, 0.1), (-0.1, 0.1), (-0.1, 0.1), (-0.1, 0.1), (-0.1, 0.1), (-0.1, 0.1), (-0.1, 0.1), (-0.1, 0.1), (-0.1, 0.1), (-0.1, 0.1), (-0.1, 0.1), (-0.1, 0.1), (-0.1, 0.1), (-0.1, 0.1), (-0.1, 0.1), (-0.1, 0.1), (-0.1, 0.1), (-0.1, 0.1), (-0.1, 0.1), (-0.1, 0.1), (-0.1, 0.1), (-0.1, 0.1), (-0.1, 0.1), (-0.1, 0.1), (-0.1, 0.1), (-0.1, 0.1), (-0.1, 0.1), (-0.1, 0.1), (-0.1, 0.1), (-0.1, 0.1), (-0.1, 0.1), (-0.1, 0.1), (-0.1, 0.1), (-0.1, 0.1), (-0.1, 0.1), (-0.1, 0.1), (-0.1, 0.1), (0.98, 1.02), (-1e-05, 1e-05), (0.55, 0.59), (1.43, 1.47)]
