Best in last gen:
[ 8.32608998e-03  1.88690900e-03  1.05532419e-02  7.95894699e-03
 -6.59785468e-03 -4.34755939e-03 -1.87810341e-02  8.76694539e-04
 -1.02192763e-04  1.33297144e-02  5.10111382e-04 -6.50392667e-03
 -1.46813991e-03  1.14599403e-02 -5.43903714e-03 -2.34889127e-03
 -5.39572411e-03 -1.55533194e-02  9.14467774e-03  1.92958126e-03
 -4.91784053e-02 -6.98046418e-03 -8.12213562e-03  2.53835519e-03
 -2.46283646e-02 -4.94717643e-02  1.86758659e-02  1.61795145e-03
  2.31974706e-02 -1.31092214e-03 -7.53356725e-03  6.58560849e-03
  1.40910643e-03 -9.35993581e-03 -6.62092845e-03  1.16932127e-03
 -4.36532455e-03 -2.41071967e-03 -3.30825687e-03  1.25607025e-02
 -1.78981306e-02 -9.23244796e-03  1.52615492e-02  6.15292928e-03
 -8.36109556e-03  2.29005782e-03  1.54129745e-03  2.17457896e-03
  3.33392365e-03 -1.52893830e-02 -1.09329079e-02  3.88880200e-02
  1.21867256e-02 -2.42044036e-03 -2.82362162e-03  6.14360982e-03
  6.54069102e-03  6.91179322e-03 -1.95593116e-02 -4.64940803e-03
  1.99476875e-02  8.40964534e-03  1.34534710e-02 -3.71725624e-03
  1.20647028e-02 -3.59387889e-03 -3.87446487e-04  1.05471696e-02
  4.51877522e-03  7.17726876e-03  1.65614341e-02 -9.24791455e-03
  6.16418809e-03 -3.41084765e-03  1.99440119e-03  6.65164635e-04
 -1.64175233e-03  1.15375778e-02 -6.17557347e-03 -5.24255821e-03
  2.19897217e-03  5.01561923e-03  2.45421286e-02  4.00862767e-03
  5.78791644e-03 -8.56506039e-03 -7.29930336e-03 -1.13189839e-02
 -7.77005978e-03  3.31533864e-03  2.00587714e-03  1.86499716e-03
  3.32041599e-02 -1.31475332e-02  4.82244710e-03 -5.27796154e-03
  1.65824799e-02  3.70782084e-03 -2.99263033e-03  6.22720065e-03
  1.48368587e-02 -6.88840048e-03 -9.28001137e-03 -1.04513442e-02
  3.23585143e-04  1.37769298e-02  1.87051070e-03  3.17514491e-03
 -6.99857365e-03 -1.95303825e-02  2.96657716e-04  7.03353838e-03
 -9.22094302e-04  1.22580041e-02 -8.50883643e-03 -1.49737412e-05
  3.86469183e-03  1.97601535e-02 -7.67558442e-03 -8.66497509e-03
  9.99967658e-01 -1.24556177e-01  1.72369065e+00  8.06284089e-01]
Best fitness in last gen:
6.101483660081692e-08

Best in all:
[ 8.32608998e-03  1.88690900e-03  1.05532419e-02  7.95894699e-03
 -6.59785468e-03 -4.34755939e-03 -1.87810341e-02  8.76694539e-04
 -1.02192763e-04  1.33297144e-02  5.10111382e-04 -6.50392667e-03
 -1.46813991e-03  1.14599403e-02 -5.43903714e-03 -2.34889127e-03
 -5.39572411e-03 -1.55533194e-02  9.14467774e-03  1.92958126e-03
 -4.91784053e-02 -6.98046418e-03 -8.12213562e-03  2.53835519e-03
 -2.46283646e-02 -4.94717643e-02  1.86758659e-02  1.61795145e-03
  2.31974706e-02 -1.31092214e-03 -7.53356725e-03  6.58560849e-03
  1.40910643e-03 -9.35993581e-03 -6.62092845e-03  1.16932127e-03
 -4.36532455e-03 -2.41071967e-03 -3.30825687e-03  1.25607025e-02
 -1.78981306e-02 -9.23244796e-03  1.52615492e-02  6.15292928e-03
 -8.36109556e-03  2.29005782e-03  1.54129745e-03  2.17457896e-03
  3.33392365e-03 -1.52893830e-02 -1.09329079e-02  3.88880200e-02
  1.21867256e-02 -2.42044036e-03 -2.82362162e-03  6.14360982e-03
  6.54069102e-03  6.91179322e-03 -1.95593116e-02 -4.64940803e-03
  1.99476875e-02  8.40964534e-03  1.34534710e-02 -3.71725624e-03
  1.20647028e-02 -3.59387889e-03 -3.87446487e-04  1.05471696e-02
  4.51877522e-03  7.17726876e-03  1.65614341e-02 -9.24791455e-03
  6.16418809e-03 -3.41084765e-03  1.99440119e-03  6.65164635e-04
 -1.64175233e-03  1.15375778e-02 -6.17557347e-03 -5.24255821e-03
  2.19897217e-03  5.01561923e-03  2.45421286e-02  4.00862767e-03
  5.78791644e-03 -8.56506039e-03 -7.29930336e-03 -1.13189839e-02
 -7.77005978e-03  3.31533864e-03  2.00587714e-03  1.86499716e-03
  3.32041599e-02 -1.31475332e-02  4.82244710e-03 -5.27796154e-03
  1.65824799e-02  3.70782084e-03 -2.99263033e-03  6.22720065e-03
  1.48368587e-02 -6.88840048e-03 -9.28001137e-03 -1.04513442e-02
  3.23585143e-04  1.37769298e-02  1.87051070e-03  3.17514491e-03
 -6.99857365e-03 -1.95303825e-02  2.96657716e-04  7.03353838e-03
 -9.22094302e-04  1.22580041e-02 -8.50883643e-03 -1.49737412e-05
  3.86469183e-03  1.97601535e-02 -7.67558442e-03 -8.66497509e-03
  9.99967658e-01 -1.24556177e-01  1.72369065e+00  8.06284089e-01]
Best fitness in all:
6.101483660081692e-08

Initial parameters
population size = 1000
number of generations = 10
Real number of generations = 10
elitism = 2
crossover_rate = 0.95
mutation rate = 0.007
mutation range = 0.1
order = 5
gene ranges = ((-0.1, 0.1), (0.98, 1.02), (-2, 2), (1.6, 1.8), (0.7, 0.9))
