Best in last gen:
[-6.11923330e-03 -5.77279825e-03 -1.24790803e-02  3.42806815e-03
  1.57953922e-03  1.61385822e-02  4.42945765e-03  3.76007291e-02
  3.33666886e-03  2.60431352e-02 -5.71747773e-03  1.14333865e-02
  2.06489075e-02  1.14076582e-03 -1.27505361e-02 -3.56532617e-02
  7.02015341e-04 -2.28701732e-02 -2.07356997e-02  9.52388316e-03
  4.54290335e-04 -5.72929628e-03  4.94497476e-02  2.83589506e-02
  9.49555276e-03 -8.48842094e-03 -6.11251981e-02 -2.47208801e-02
  3.83271813e-02  2.03431145e-02 -4.17242163e-02 -1.27392279e-03
  5.59066036e-03 -1.36984637e-02  1.99987265e-02 -3.02742487e-03
 -2.38384097e-02  2.22768704e-03 -2.12765791e-03 -1.27425224e-02
  1.93691922e-02  5.34771832e-03  2.40566752e-02 -5.55360328e-02
 -1.47994841e-03 -1.76761258e-03 -5.62851672e-02  3.21738461e-02
  9.96264362e-01 -4.00187507e-06  1.35767280e+00  6.58886386e-01]
Best fitness in last gen:
5.941434001305403e-06
GA calculation time:
1418.2485296726227

Initial parameters
population size = 250
number of generations = 5000
Real number of generations = 5000
elitism = 2
crossover_rate = 0.95
mutation rate = 0.01
mutation range = [4.e-02 4.e-02 4.e-02 4.e-02 4.e-02 4.e-02 4.e-02 4.e-02 4.e-02 4.e-02
 4.e-02 4.e-02 4.e-02 4.e-02 4.e-02 4.e-02 4.e-02 4.e-02 4.e-02 4.e-02
 4.e-02 4.e-02 4.e-02 4.e-02 4.e-02 4.e-02 4.e-02 4.e-02 4.e-02 4.e-02
 4.e-02 4.e-02 4.e-02 4.e-02 4.e-02 4.e-02 4.e-02 4.e-02 4.e-02 4.e-02
 4.e-02 4.e-02 4.e-02 4.e-02 4.e-02 4.e-02 4.e-02 4.e-02 2.e-02 1.e-06
 2.e-02 2.e-02]
order = 3
gene ranges = [(-0.04, 0.04), (-0.04, 0.04), (-0.04, 0.04), (-0.04, 0.04), (-0.04, 0.04), (-0.04, 0.04), (-0.04, 0.04), (-0.04, 0.04), (-0.04, 0.04), (-0.04, 0.04), (-0.04, 0.04), (-0.04, 0.04), (-0.04, 0.04), (-0.04, 0.04), (-0.04, 0.04), (-0.04, 0.04), (-0.04, 0.04), (-0.04, 0.04), (-0.04, 0.04), (-0.04, 0.04), (-0.04, 0.04), (-0.04, 0.04), (-0.04, 0.04), (-0.04, 0.04), (-0.04, 0.04), (-0.04, 0.04), (-0.04, 0.04), (-0.04, 0.04), (-0.04, 0.04), (-0.04, 0.04), (-0.04, 0.04), (-0.04, 0.04), (-0.04, 0.04), (-0.04, 0.04), (-0.04, 0.04), (-0.04, 0.04), (-0.04, 0.04), (-0.04, 0.04), (-0.04, 0.04), (-0.04, 0.04), (-0.04, 0.04), (-0.04, 0.04), (-0.04, 0.04), (-0.04, 0.04), (-0.04, 0.04), (-0.04, 0.04), (-0.04, 0.04), (-0.04, 0.04), (0.98, 1.02), (-1e-05, 1e-05), (1.35, 1.39), (0.63, 0.67)]
