Best in last gen:
[-3.24543281e-02  7.62242876e-03  3.84230272e-03  1.01359031e-03
  9.12765865e-03  2.49523624e-02 -6.60995633e-03 -2.58462604e-03
  2.25780073e-02 -8.72980639e-03  6.65863489e-04  4.45820927e-03
  5.41814270e-03 -5.56153822e-03 -1.05819485e-02  6.50055587e-02
 -2.46676299e-03  1.86688612e-02  1.42445256e-02  1.15518505e-02
 -2.35128807e-03  2.71921742e-02  2.65182131e-02 -2.87962507e-02
  7.90074568e-03 -1.01368738e-02  3.41703311e-02 -2.40831395e-02
 -8.90352754e-03  1.21405105e-02  4.17256956e-03  3.07008167e-02
  5.03615522e-03  5.56980602e-03  4.31730436e-02  1.81247280e-02
  1.80757355e-02  2.46505226e-02  9.77243328e-03 -1.02626167e-02
  3.92938973e-03  5.61868446e-03  2.30529923e-02 -1.05740432e-02
 -1.09518362e-02  4.60563685e-03 -9.51749779e-04 -9.99140164e-03
  1.00560608e+00  3.00129844e-02  1.04496321e+00  3.27700202e+00]
Best fitness in last gen:
2.296919663342497e-06

Best in all:
[-3.24543281e-02  7.62242876e-03  3.84230272e-03  1.01359031e-03
  9.12765865e-03  2.49523624e-02 -6.60995633e-03 -2.58462604e-03
  2.25780073e-02 -8.72980639e-03  6.65863489e-04  4.45820927e-03
  5.41814270e-03 -5.56153822e-03 -1.05819485e-02  6.50055587e-02
 -2.46676299e-03  1.86688612e-02  1.42445256e-02  1.15518505e-02
 -2.35128807e-03  2.71921742e-02  2.65182131e-02 -2.87962507e-02
  7.90074568e-03 -1.01368738e-02  3.41703311e-02 -2.40831395e-02
 -8.90352754e-03  1.21405105e-02  4.17256956e-03  3.07008167e-02
  5.03615522e-03  5.56980602e-03  4.31730436e-02  1.81247280e-02
  1.80757355e-02  2.46505226e-02  9.77243328e-03 -1.02626167e-02
  3.92938973e-03  5.61868446e-03  2.30529923e-02 -1.05740432e-02
 -1.09518362e-02  4.60563685e-03 -9.51749779e-04 -9.99140164e-03
  1.00560608e+00  3.00129844e-02  1.04496321e+00  3.27700202e+00]
Best fitness in all:
2.296919663342497e-06
GA calculation time:
3.910743474960327

Initial parameters
population size = 20
number of generations = 100
Real number of generations = 100
elitism = 2
crossover_rate = 0.95
mutation rate = 0.02
mutation range = [0.05 0.05 0.05 0.05 0.05 0.05 0.05 0.05 0.05 0.05 0.05 0.05 0.05 0.05
 0.05 0.05 0.05 0.05 0.05 0.05 0.05 0.05 0.05 0.05 0.05 0.05 0.05 0.05
 0.05 0.05 0.05 0.05 0.05 0.05 0.05 0.05 0.05 0.05 0.05 0.05 0.05 0.05
 0.05 0.05 0.05 0.05 0.05 0.05 0.02 0.8  0.05 0.05]
order = 3
gene ranges = ((-0.05, 0.05), (0.98, 1.02), (-0.8, 0.8), (0.6, 2.0), (2.0, 3.55))
