Best in last gen:
[-1.96873064e-02  1.35615931e-02 -1.21004099e-03  4.08409296e-03
  1.54553180e-02  3.03512746e-02 -1.16389677e-02 -1.76506754e-02
  3.25102743e-03  2.07221348e-02  7.82509776e-02 -1.25443872e-02
  4.41665166e-03 -1.09260477e-02  8.62247418e-03 -8.33311854e-03
  4.04278592e-03  1.22864914e-02 -2.38369264e-02  1.16721512e-02
 -2.14098877e-02 -2.22335514e-02  1.86675458e-02  3.96571091e-02
  1.78798822e-02 -2.67021807e-03 -4.87012876e-02 -3.31742282e-02
  1.57325813e-02 -1.19550904e-02 -6.11577950e-03 -1.49702174e-02
  1.36870259e-02  2.18259203e-02 -2.40520516e-02 -8.16697730e-02
  2.49350114e-02  1.95569126e-02  5.13379688e-02  2.09107439e-02
  1.12492784e-02 -2.37952664e-02 -1.38646820e-02  2.52098795e-04
 -6.55407745e-03 -5.41127658e-04  8.25640210e-03  4.91608920e-03
  9.97254059e-01 -1.81480764e-06  5.70351045e-01  1.69111684e-01]
Best fitness in last gen:
1.4018738393530645e-06
GA calculation time:
259.54461693763733

Initial parameters
population size = 100
number of generations = 2000
Real number of generations = 2000
elitism = 2
crossover_rate = 0.95
mutation rate = 0.01
mutation range = [4.e-02 4.e-02 4.e-02 4.e-02 4.e-02 4.e-02 4.e-02 4.e-02 4.e-02 4.e-02
 4.e-02 4.e-02 4.e-02 4.e-02 4.e-02 4.e-02 4.e-02 4.e-02 4.e-02 4.e-02
 4.e-02 4.e-02 4.e-02 4.e-02 4.e-02 4.e-02 4.e-02 4.e-02 4.e-02 4.e-02
 4.e-02 4.e-02 4.e-02 4.e-02 4.e-02 4.e-02 4.e-02 4.e-02 4.e-02 4.e-02
 4.e-02 4.e-02 4.e-02 4.e-02 4.e-02 4.e-02 4.e-02 4.e-02 2.e-02 1.e-06
 2.e-02 2.e-02]
order = 3
gene ranges = [(-0.04, 0.04), (-0.04, 0.04), (-0.04, 0.04), (-0.04, 0.04), (-0.04, 0.04), (-0.04, 0.04), (-0.04, 0.04), (-0.04, 0.04), (-0.04, 0.04), (-0.04, 0.04), (-0.04, 0.04), (-0.04, 0.04), (-0.04, 0.04), (-0.04, 0.04), (-0.04, 0.04), (-0.04, 0.04), (-0.04, 0.04), (-0.04, 0.04), (-0.04, 0.04), (-0.04, 0.04), (-0.04, 0.04), (-0.04, 0.04), (-0.04, 0.04), (-0.04, 0.04), (-0.04, 0.04), (-0.04, 0.04), (-0.04, 0.04), (-0.04, 0.04), (-0.04, 0.04), (-0.04, 0.04), (-0.04, 0.04), (-0.04, 0.04), (-0.04, 0.04), (-0.04, 0.04), (-0.04, 0.04), (-0.04, 0.04), (-0.04, 0.04), (-0.04, 0.04), (-0.04, 0.04), (-0.04, 0.04), (-0.04, 0.04), (-0.04, 0.04), (-0.04, 0.04), (-0.04, 0.04), (-0.04, 0.04), (-0.04, 0.04), (-0.04, 0.04), (-0.04, 0.04), (0.98, 1.02), (-1e-05, 1e-05), (0.55, 0.59), (0.14, 0.18)]
