Best in last gen:
[ 4.95581563e-03 -2.89195443e-02  4.06642347e-03 -2.08230458e-02
 -8.29351606e-03  8.16624203e-03  1.39477880e-02  4.22285763e-03
 -5.28394784e-03 -1.45830862e-02 -2.28781935e-02  2.09189574e-02
 -5.95629916e-03  6.15016968e-03  3.64238233e-03 -1.57507955e-02
  7.66484932e-03  7.11926492e-03  6.22356290e-03  3.19535743e-02
 -9.32745445e-03  3.76194702e-04 -1.66892975e-02  1.08800172e-03
 -2.20417249e-03  3.99863442e-03 -2.49026082e-02 -4.52038988e-03
 -1.18687241e-02 -1.04424465e-02 -6.51373672e-03  1.84675864e-02
  8.73115378e-03  1.56170781e-02  1.69068017e-02 -1.03174177e-02
  2.15781627e-02 -1.97853009e-02  2.61350027e-02  2.68547074e-02
  2.72472563e-02 -2.33072928e-02  1.54198057e-02  1.21827872e-02
 -3.43508925e-03 -3.43633578e-02  1.14231221e-02 -1.18549989e-03
  1.84132463e-02 -3.57150864e-03  2.29110580e-02  2.52027770e-02
  1.63548495e-02  4.37668465e-02  2.90345454e-03 -7.88423187e-03
 -7.79251599e-03 -2.22798956e-02 -6.40572106e-03  1.82972760e-03
  3.18678210e-02  9.57904243e-03  7.90495652e-03 -3.66447017e-02
 -1.29869515e-02 -3.56411672e-02 -6.45014283e-03 -2.53839997e-02
 -6.37062737e-03  5.19777965e-03 -7.40885824e-03 -2.09623676e-02
  9.21242124e-03 -1.66324362e-02  1.33253165e-02  5.71613498e-03
  3.37001833e-02 -2.30713983e-02 -6.82356391e-03 -1.71156175e-03
 -2.76469563e-03 -1.05416844e-02 -5.70287971e-03  2.87095088e-02
 -6.72931451e-03  7.42512356e-03 -1.84923129e-02  9.68220873e-03
  1.86117772e-02 -3.38214116e-03 -4.15136690e-03  2.58875390e-02
 -1.31820283e-02 -1.38651684e-02  7.95791083e-03  4.06426102e-03
 -1.80426291e-02 -2.13711604e-03 -2.97138695e-03  2.60720013e-02
 -4.46656706e-03  1.67940615e-02  1.22501391e-02 -2.30612753e-02
 -1.50141739e-02 -1.79409936e-02 -2.81588471e-02  1.59074394e-02
  1.71073369e-02  1.20443398e-02  1.93603340e-02  2.29476156e-02
 -1.85564123e-02 -1.29777825e-02  2.14767636e-02 -1.42990054e-02
 -1.72159369e-02  1.46174085e-02  6.57621288e-03  1.29334079e-02
  1.01908344e+00 -1.28437169e-06  3.33945683e-01  2.60427351e-01]
Best fitness in last gen:
0.001019152868024991
GA calculation time:
7601.286956548691

Initial parameters
population size = 200
number of generations = 10000
Real number of generations = 9693
elitism = 2
crossover_rate = 0.95
mutation rate = 0.01
mutation range = [3.e-02 3.e-02 3.e-02 3.e-02 3.e-02 3.e-02 3.e-02 3.e-02 3.e-02 3.e-02
 3.e-02 3.e-02 3.e-02 3.e-02 3.e-02 3.e-02 3.e-02 3.e-02 3.e-02 3.e-02
 3.e-02 3.e-02 3.e-02 3.e-02 3.e-02 3.e-02 3.e-02 3.e-02 3.e-02 3.e-02
 3.e-02 3.e-02 3.e-02 3.e-02 3.e-02 3.e-02 3.e-02 3.e-02 3.e-02 3.e-02
 3.e-02 3.e-02 3.e-02 3.e-02 3.e-02 3.e-02 3.e-02 3.e-02 3.e-02 3.e-02
 3.e-02 3.e-02 3.e-02 3.e-02 3.e-02 3.e-02 3.e-02 3.e-02 3.e-02 3.e-02
 3.e-02 3.e-02 3.e-02 3.e-02 3.e-02 3.e-02 3.e-02 3.e-02 3.e-02 3.e-02
 3.e-02 3.e-02 3.e-02 3.e-02 3.e-02 3.e-02 3.e-02 3.e-02 3.e-02 3.e-02
 3.e-02 3.e-02 3.e-02 3.e-02 3.e-02 3.e-02 3.e-02 3.e-02 3.e-02 3.e-02
 3.e-02 3.e-02 3.e-02 3.e-02 3.e-02 3.e-02 3.e-02 3.e-02 3.e-02 3.e-02
 3.e-02 3.e-02 3.e-02 3.e-02 3.e-02 3.e-02 3.e-02 3.e-02 3.e-02 3.e-02
 3.e-02 3.e-02 3.e-02 3.e-02 3.e-02 3.e-02 3.e-02 3.e-02 3.e-02 3.e-02
 2.e-02 1.e-06 3.e-02 3.e-02]
order = 5
gene ranges = [(-0.03, 0.03), (-0.03, 0.03), (-0.03, 0.03), (-0.03, 0.03), (-0.03, 0.03), (-0.03, 0.03), (-0.03, 0.03), (-0.03, 0.03), (-0.03, 0.03), (-0.03, 0.03), (-0.03, 0.03), (-0.03, 0.03), (-0.03, 0.03), (-0.03, 0.03), (-0.03, 0.03), (-0.03, 0.03), (-0.03, 0.03), (-0.03, 0.03), (-0.03, 0.03), (-0.03, 0.03), (-0.03, 0.03), (-0.03, 0.03), (-0.03, 0.03), (-0.03, 0.03), (-0.03, 0.03), (-0.03, 0.03), (-0.03, 0.03), (-0.03, 0.03), (-0.03, 0.03), (-0.03, 0.03), (-0.03, 0.03), (-0.03, 0.03), (-0.03, 0.03), (-0.03, 0.03), (-0.03, 0.03), (-0.03, 0.03), (-0.03, 0.03), (-0.03, 0.03), (-0.03, 0.03), (-0.03, 0.03), (-0.03, 0.03), (-0.03, 0.03), (-0.03, 0.03), (-0.03, 0.03), (-0.03, 0.03), (-0.03, 0.03), (-0.03, 0.03), (-0.03, 0.03), (-0.03, 0.03), (-0.03, 0.03), (-0.03, 0.03), (-0.03, 0.03), (-0.03, 0.03), (-0.03, 0.03), (-0.03, 0.03), (-0.03, 0.03), (-0.03, 0.03), (-0.03, 0.03), (-0.03, 0.03), (-0.03, 0.03), (-0.03, 0.03), (-0.03, 0.03), (-0.03, 0.03), (-0.03, 0.03), (-0.03, 0.03), (-0.03, 0.03), (-0.03, 0.03), (-0.03, 0.03), (-0.03, 0.03), (-0.03, 0.03), (-0.03, 0.03), (-0.03, 0.03), (-0.03, 0.03), (-0.03, 0.03), (-0.03, 0.03), (-0.03, 0.03), (-0.03, 0.03), (-0.03, 0.03), (-0.03, 0.03), (-0.03, 0.03), (-0.03, 0.03), (-0.03, 0.03), (-0.03, 0.03), (-0.03, 0.03), (-0.03, 0.03), (-0.03, 0.03), (-0.03, 0.03), (-0.03, 0.03), (-0.03, 0.03), (-0.03, 0.03), (-0.03, 0.03), (-0.03, 0.03), (-0.03, 0.03), (-0.03, 0.03), (-0.03, 0.03), (-0.03, 0.03), (-0.03, 0.03), (-0.03, 0.03), (-0.03, 0.03), (-0.03, 0.03), (-0.03, 0.03), (-0.03, 0.03), (-0.03, 0.03), (-0.03, 0.03), (-0.03, 0.03), (-0.03, 0.03), (-0.03, 0.03), (-0.03, 0.03), (-0.03, 0.03), (-0.03, 0.03), (-0.03, 0.03), (-0.03, 0.03), (-0.03, 0.03), (-0.03, 0.03), (-0.03, 0.03), (-0.03, 0.03), (-0.03, 0.03), (-0.03, 0.03), (-0.03, 0.03), (-0.03, 0.03), (0.98, 1.02), (-1e-05, 1e-05), (0.33, 0.37), (0.25, 0.29)]