Best in last gen:
[-6.71790057e-03 -4.97305489e-02 -8.08754357e-03  2.13015816e-02
  8.16996114e-03 -1.80079719e-02  1.28662256e-02  2.85537162e-02
  3.31455180e-02  1.36451895e-02  7.32625100e-03  1.35047500e-02
  7.86095177e-02  4.95756976e-02  9.57357193e-03 -1.97686217e-02
  4.50812350e-02  1.34607709e-02 -9.68021091e-03 -6.55405914e-03
  1.38029113e-02  3.48310302e-02  9.43765432e-03  4.77388730e-03
 -2.06394657e-03 -1.94984489e-02 -1.03932680e-02  5.24319017e-02
  5.91828817e-02 -1.92511053e-02 -4.45786077e-02 -5.54640543e-02
 -8.97926914e-03 -1.10301931e-02  1.01498153e-02  2.54553190e-02
 -5.06403887e-02  2.14256880e-02  5.40831830e-03  1.25173620e-02
  7.49993531e-03  9.37328982e-03  2.97682753e-03 -6.82549178e-02
 -8.57439664e-05 -1.52173972e-03 -4.12280282e-02  3.38271347e-02
  9.98303916e-01  4.94167754e-06  7.95037898e-01  3.37401902e-01]
Best fitness in last gen:
1.845865002578892e-05
GA calculation time:
6933.769241333008

Initial parameters
population size = 300
number of generations = 20000
Real number of generations = 20000
elitism = 2
crossover_rate = 0.95
mutation rate = 0.01
mutation range = [4.e-02 4.e-02 4.e-02 4.e-02 4.e-02 4.e-02 4.e-02 4.e-02 4.e-02 4.e-02
 4.e-02 4.e-02 4.e-02 4.e-02 4.e-02 4.e-02 4.e-02 4.e-02 4.e-02 4.e-02
 4.e-02 4.e-02 4.e-02 4.e-02 4.e-02 4.e-02 4.e-02 4.e-02 4.e-02 4.e-02
 4.e-02 4.e-02 4.e-02 4.e-02 4.e-02 4.e-02 4.e-02 4.e-02 4.e-02 4.e-02
 4.e-02 4.e-02 4.e-02 4.e-02 4.e-02 4.e-02 4.e-02 4.e-02 2.e-02 1.e-06
 2.e-02 2.e-02]
order = 3
gene ranges = [(-0.05, 0.05), (-0.05, 0.05), (-0.05, 0.05), (-0.05, 0.05), (-0.05, 0.05), (-0.05, 0.05), (-0.05, 0.05), (-0.05, 0.05), (-0.05, 0.05), (-0.05, 0.05), (-0.05, 0.05), (-0.05, 0.05), (-0.05, 0.05), (-0.05, 0.05), (-0.05, 0.05), (-0.05, 0.05), (-0.05, 0.05), (-0.05, 0.05), (-0.05, 0.05), (-0.05, 0.05), (-0.05, 0.05), (-0.05, 0.05), (-0.05, 0.05), (-0.05, 0.05), (-0.05, 0.05), (-0.05, 0.05), (-0.05, 0.05), (-0.05, 0.05), (-0.05, 0.05), (-0.05, 0.05), (-0.05, 0.05), (-0.05, 0.05), (-0.05, 0.05), (-0.05, 0.05), (-0.05, 0.05), (-0.05, 0.05), (-0.05, 0.05), (-0.05, 0.05), (-0.05, 0.05), (-0.05, 0.05), (-0.05, 0.05), (-0.05, 0.05), (-0.05, 0.05), (-0.05, 0.05), (-0.05, 0.05), (-0.05, 0.05), (-0.05, 0.05), (-0.05, 0.05), (0.98, 1.02), (-1e-05, 1e-05), (0.72, 0.82), (0.28, 0.38)]
