Best in last gen:
[ 3.55307738e-03  1.72328240e-02  2.52087999e-02 -9.64327665e-03
 -2.76124402e-02  4.02823153e-03  1.14110831e-02  1.81780794e-02
  3.78785074e-02 -4.92281091e-02  2.31228069e-02  1.65037286e-02
  1.75414014e-02 -2.64491933e-02  3.89405430e-02  5.21959402e-03
  3.51207752e-02  3.58662869e-02 -1.60131917e-02  2.41486653e-02
  1.66833903e-02 -4.00516353e-03  5.74821551e-02 -3.09969947e-02
 -2.57133753e-04 -4.33144735e-02  8.37533926e-02  1.95819298e-02
 -4.15088854e-03 -1.88436987e-02 -1.73391928e-02  1.07259886e-02
 -1.28101305e-02 -5.84887122e-02 -1.38680637e-02 -3.95988944e-03
 -2.28651387e-02 -2.31893055e-02  1.65910954e-02  4.82809415e-02
 -2.19004980e-02 -3.95066531e-03 -6.80048814e-03  4.38621599e-02
 -2.78890332e-02 -2.75803762e-02  1.63135867e-02  1.32548995e-02
  9.93945138e-01  6.52197891e-07  5.88670062e-01  2.51759327e-01]
Best fitness in last gen:
0.00023035961813910543
GA calculation time:
5754.178462505341

Initial parameters
population size = 250
number of generations = 20000
Real number of generations = 20000
elitism = 2
crossover_rate = 0.95
mutation rate = 0.01
mutation range = [4.e-02 4.e-02 4.e-02 4.e-02 4.e-02 4.e-02 4.e-02 4.e-02 4.e-02 4.e-02
 4.e-02 4.e-02 4.e-02 4.e-02 4.e-02 4.e-02 4.e-02 4.e-02 4.e-02 4.e-02
 4.e-02 4.e-02 4.e-02 4.e-02 4.e-02 4.e-02 4.e-02 4.e-02 4.e-02 4.e-02
 4.e-02 4.e-02 4.e-02 4.e-02 4.e-02 4.e-02 4.e-02 4.e-02 4.e-02 4.e-02
 4.e-02 4.e-02 4.e-02 4.e-02 4.e-02 4.e-02 4.e-02 4.e-02 2.e-02 1.e-06
 2.e-02 2.e-02]
order = 3
gene ranges = [(-0.04, 0.04), (-0.04, 0.04), (-0.04, 0.04), (-0.04, 0.04), (-0.04, 0.04), (-0.04, 0.04), (-0.04, 0.04), (-0.04, 0.04), (-0.04, 0.04), (-0.04, 0.04), (-0.04, 0.04), (-0.04, 0.04), (-0.04, 0.04), (-0.04, 0.04), (-0.04, 0.04), (-0.04, 0.04), (-0.04, 0.04), (-0.04, 0.04), (-0.04, 0.04), (-0.04, 0.04), (-0.04, 0.04), (-0.04, 0.04), (-0.04, 0.04), (-0.04, 0.04), (-0.04, 0.04), (-0.04, 0.04), (-0.04, 0.04), (-0.04, 0.04), (-0.04, 0.04), (-0.04, 0.04), (-0.04, 0.04), (-0.04, 0.04), (-0.04, 0.04), (-0.04, 0.04), (-0.04, 0.04), (-0.04, 0.04), (-0.04, 0.04), (-0.04, 0.04), (-0.04, 0.04), (-0.04, 0.04), (-0.04, 0.04), (-0.04, 0.04), (-0.04, 0.04), (-0.04, 0.04), (-0.04, 0.04), (-0.04, 0.04), (-0.04, 0.04), (-0.04, 0.04), (0.98, 1.02), (-1e-05, 1e-05), (0.56, 0.6), (0.21, 0.25)]
