Best in last gen:
[ 5.06311246e-03 -4.11868012e-02 -6.27191517e-04 -4.01734761e-02
  1.81790289e-03  4.76321864e-02  7.87112168e-04 -8.45638797e-04
  1.56254161e-03  1.37804540e-03 -1.59982815e-02  4.63371765e-03
  2.70032589e-02  1.68266289e-02  1.03117069e-02 -2.26219038e-02
  1.31664964e-02 -1.26198092e-03 -1.38364803e-02 -1.65954016e-03
 -3.89378395e-03  1.51310221e-03  2.51796636e-02  9.36891483e-03
  5.04460690e-03  1.48346124e-02  9.19210529e-03  4.30688874e-03
  2.02461957e-02  3.54403352e-02 -2.74843436e-02 -3.22645166e-02
  2.05180988e-02  4.96262702e-02 -3.49219448e-03  6.64617306e-03
 -1.02695024e-02  2.13348168e-02 -2.30895489e-03  2.27343607e-02
  2.55017465e-02  3.47875982e-02  3.90418442e-03 -1.31872643e-02
 -2.37135156e-02  5.28279784e-03 -4.63301682e-02  1.28292803e-02
  9.97641221e-01 -6.01696662e-07  1.37353746e+00  6.51200921e-01]
Best fitness in last gen:
2.376779989243099e-06
GA calculation time:
278.4657814502716

Initial parameters
population size = 100
number of generations = 2000
Real number of generations = 2000
elitism = 2
crossover_rate = 0.95
mutation rate = 0.01
mutation range = [4.e-02 4.e-02 4.e-02 4.e-02 4.e-02 4.e-02 4.e-02 4.e-02 4.e-02 4.e-02
 4.e-02 4.e-02 4.e-02 4.e-02 4.e-02 4.e-02 4.e-02 4.e-02 4.e-02 4.e-02
 4.e-02 4.e-02 4.e-02 4.e-02 4.e-02 4.e-02 4.e-02 4.e-02 4.e-02 4.e-02
 4.e-02 4.e-02 4.e-02 4.e-02 4.e-02 4.e-02 4.e-02 4.e-02 4.e-02 4.e-02
 4.e-02 4.e-02 4.e-02 4.e-02 4.e-02 4.e-02 4.e-02 4.e-02 2.e-02 1.e-06
 2.e-02 2.e-02]
order = 3
gene ranges = [(-0.04, 0.04), (-0.04, 0.04), (-0.04, 0.04), (-0.04, 0.04), (-0.04, 0.04), (-0.04, 0.04), (-0.04, 0.04), (-0.04, 0.04), (-0.04, 0.04), (-0.04, 0.04), (-0.04, 0.04), (-0.04, 0.04), (-0.04, 0.04), (-0.04, 0.04), (-0.04, 0.04), (-0.04, 0.04), (-0.04, 0.04), (-0.04, 0.04), (-0.04, 0.04), (-0.04, 0.04), (-0.04, 0.04), (-0.04, 0.04), (-0.04, 0.04), (-0.04, 0.04), (-0.04, 0.04), (-0.04, 0.04), (-0.04, 0.04), (-0.04, 0.04), (-0.04, 0.04), (-0.04, 0.04), (-0.04, 0.04), (-0.04, 0.04), (-0.04, 0.04), (-0.04, 0.04), (-0.04, 0.04), (-0.04, 0.04), (-0.04, 0.04), (-0.04, 0.04), (-0.04, 0.04), (-0.04, 0.04), (-0.04, 0.04), (-0.04, 0.04), (-0.04, 0.04), (-0.04, 0.04), (-0.04, 0.04), (-0.04, 0.04), (-0.04, 0.04), (-0.04, 0.04), (0.98, 1.02), (-1e-05, 1e-05), (1.35, 1.39), (0.63, 0.67)]
