Best in last gen:
[-4.40461897e-03  3.81318915e-02  5.31464758e-02 -2.31386255e-02
 -1.44657928e-02  2.05315045e-02 -7.67067803e-03 -3.42794313e-02
  9.18677713e-03 -5.02171025e-03 -3.37103024e-02 -5.32135086e-03
  2.75782594e-02 -3.02974689e-02 -1.98740736e-02 -2.85378814e-03
 -5.78628079e-03  1.46124213e-03  5.11115558e-03  1.33424343e-02
  6.44105606e-03 -3.27815261e-04  7.91604111e-03  2.80069851e-02
 -3.29319799e-02 -2.30985582e-02  2.35182749e-02 -3.81473651e-02
  9.29426615e-03 -1.05446823e-02 -3.78822490e-03 -7.77695506e-04
 -1.15784345e-02  1.94569910e-02  3.02532737e-02 -7.22353750e-03
  1.45213198e-02  3.65157128e-03  2.44679183e-02  1.93761966e-02
  8.14828056e-03 -6.35697175e-03 -6.26234410e-02 -6.84099236e-02
  1.06714905e-02 -9.64791559e-03  3.17227176e-02  1.65587872e-02
  1.00188962e+00  2.70220743e-06  6.25940823e-01  1.37492069e+00]
Best fitness in last gen:
2.1279434281527444e-05
GA calculation time:
996.2134668827057

Initial parameters
population size = 30
number of generations = 10000
Real number of generations = 10000
elitism = 2
crossover_rate = 0.95
mutation rate = 0.01
mutation range = [4.e-02 4.e-02 4.e-02 4.e-02 4.e-02 4.e-02 4.e-02 4.e-02 4.e-02 4.e-02
 4.e-02 4.e-02 4.e-02 4.e-02 4.e-02 4.e-02 4.e-02 4.e-02 4.e-02 4.e-02
 4.e-02 4.e-02 4.e-02 4.e-02 4.e-02 4.e-02 4.e-02 4.e-02 4.e-02 4.e-02
 4.e-02 4.e-02 4.e-02 4.e-02 4.e-02 4.e-02 4.e-02 4.e-02 4.e-02 4.e-02
 4.e-02 4.e-02 4.e-02 4.e-02 4.e-02 4.e-02 4.e-02 4.e-02 2.e-02 1.e-06
 2.e-02 2.e-02]
order = 3
gene ranges = [(-0.01, 0.01), (-0.01, 0.01), (-0.01, 0.01), (-0.01, 0.01), (-0.01, 0.01), (-0.01, 0.01), (-0.01, 0.01), (-0.01, 0.01), (-0.01, 0.01), (-0.01, 0.01), (-0.01, 0.01), (-0.01, 0.01), (-0.01, 0.01), (-0.01, 0.01), (-0.01, 0.01), (-0.01, 0.01), (-0.01, 0.01), (-0.01, 0.01), (-0.01, 0.01), (-0.01, 0.01), (-0.01, 0.01), (-0.01, 0.01), (-0.01, 0.01), (-0.01, 0.01), (-0.01, 0.01), (-0.01, 0.01), (-0.01, 0.01), (-0.01, 0.01), (-0.01, 0.01), (-0.01, 0.01), (-0.01, 0.01), (-0.01, 0.01), (-0.01, 0.01), (-0.01, 0.01), (-0.01, 0.01), (-0.01, 0.01), (-0.01, 0.01), (-0.01, 0.01), (-0.01, 0.01), (-0.01, 0.01), (-0.01, 0.01), (-0.01, 0.01), (-0.01, 0.01), (-0.01, 0.01), (-0.01, 0.01), (-0.01, 0.01), (-0.01, 0.01), (-0.01, 0.01), (0.98, 1.02), (-1e-05, 1e-05), (0.58, 0.68), (1.31, 1.41)]
