Best in last gen:
[-6.14614311e-02  6.19790716e-02  5.36615989e-02  1.45875940e-02
  1.00869372e-01 -3.93433897e-02  2.26843995e-02  1.68441080e-02
 -2.06986247e-02  6.94712610e-02 -1.30732119e-02 -5.29910994e-02
  3.31342340e-02  1.12306511e-03  1.15302778e-02  5.02055735e-02
 -3.08569199e-02 -1.46518144e-02  1.90649321e-02 -9.93737777e-04
  4.32554741e-02  6.39964400e-02  5.17705434e-02 -5.12145902e-02
 -1.03688815e-02  3.70023825e-04  2.54044700e-02  4.91273447e-02
  2.51030162e-02 -2.46512017e-02 -1.66017571e-02  1.59963848e-02
 -2.71754693e-02  2.39163197e-02 -3.97023058e-02 -4.15815911e-02
  3.98220000e-02  2.51329620e-02  4.27665391e-02 -5.13750468e-02
 -1.80954873e-02  3.06340505e-03 -5.88599777e-02 -1.28367641e-02
 -5.72142819e-02  6.78100340e-02  3.27466865e-02 -2.16459557e-02
  9.65232539e-01  9.94602208e-01  7.03986547e-01  1.17426402e+00]
Best fitness in last gen:
2.1214447754823366e-06
GA calculation time:
16813.01546049118

Initial parameters
population size = 500
number of generations = 30000
Real number of generations = 30000
elitism = 2
crossover_rate = 0.95
mutation rate = 0.01
mutation range = [0.1  0.1  0.1  0.1  0.1  0.1  0.1  0.1  0.1  0.1  0.1  0.1  0.1  0.1
 0.1  0.1  0.1  0.1  0.1  0.1  0.1  0.1  0.1  0.1  0.1  0.1  0.1  0.1
 0.1  0.1  0.1  0.1  0.1  0.1  0.1  0.1  0.1  0.1  0.1  0.1  0.1  0.1
 0.1  0.1  0.1  0.1  0.1  0.1  0.2  0.02 0.01 0.01]
order = 3
gene ranges = [(-0.1, 0.1), (-0.1, 0.1), (-0.1, 0.1), (-0.1, 0.1), (-0.1, 0.1), (-0.1, 0.1), (-0.1, 0.1), (-0.1, 0.1), (-0.1, 0.1), (-0.1, 0.1), (-0.1, 0.1), (-0.1, 0.1), (-0.1, 0.1), (-0.1, 0.1), (-0.1, 0.1), (-0.1, 0.1), (-0.1, 0.1), (-0.1, 0.1), (-0.1, 0.1), (-0.1, 0.1), (-0.1, 0.1), (-0.1, 0.1), (-0.1, 0.1), (-0.1, 0.1), (-0.1, 0.1), (-0.1, 0.1), (-0.1, 0.1), (-0.1, 0.1), (-0.1, 0.1), (-0.1, 0.1), (-0.1, 0.1), (-0.1, 0.1), (-0.1, 0.1), (-0.1, 0.1), (-0.1, 0.1), (-0.1, 0.1), (-0.1, 0.1), (-0.1, 0.1), (-0.1, 0.1), (-0.1, 0.1), (-0.1, 0.1), (-0.1, 0.1), (-0.1, 0.1), (-0.1, 0.1), (-0.1, 0.1), (-0.1, 0.1), (-0.1, 0.1), (-0.1, 0.1), (-0.2, 0.2), (0.98, 1.02), (0.69, 0.71), (1.16, 1.18)]