Best in last gen:
[ 2.75630139e-02 -2.33226233e-02  2.03049003e-02 -1.33860393e-03
 -1.04563074e-02  5.52303583e-02 -3.24344284e-04  2.46673876e-02
 -1.08314586e-02 -6.12939563e-02  4.23386632e-02 -1.67344214e-02
  2.31726511e-02 -4.45023172e-02  2.48082762e-02  1.61281406e-02
  3.85127953e-02  9.43365777e-03  2.41844537e-02  3.47516583e-02
  1.80554879e-02 -3.39858232e-02 -9.29567136e-03 -2.78980934e-02
  3.74703202e-03  3.88709409e-02 -4.50969096e-02  1.36226320e-02
 -3.48095304e-02  1.74657003e-02 -7.88802914e-03  1.12348381e-02
  1.31082805e-03 -3.41988454e-02 -4.96143869e-02  2.13482703e-02
  6.30542011e-02 -2.89018532e-02  2.56076764e-02 -3.54688850e-02
 -1.46644968e-02  2.85080023e-02 -1.12709211e-02 -7.56566055e-03
  1.11006164e-02  1.28320036e-02 -3.61095464e-02  1.78800550e-02
  1.00248843e+00 -9.37470155e-07  5.82270310e-01  3.20032075e-01]
Best fitness in last gen:
1.0116210858682278e-05
GA calculation time:
3324.1897099018097

Initial parameters
population size = 300
number of generations = 10000
Real number of generations = 10000
elitism = 2
crossover_rate = 0.95
mutation rate = 0.01
mutation range = [4.e-02 4.e-02 4.e-02 4.e-02 4.e-02 4.e-02 4.e-02 4.e-02 4.e-02 4.e-02
 4.e-02 4.e-02 4.e-02 4.e-02 4.e-02 4.e-02 4.e-02 4.e-02 4.e-02 4.e-02
 4.e-02 4.e-02 4.e-02 4.e-02 4.e-02 4.e-02 4.e-02 4.e-02 4.e-02 4.e-02
 4.e-02 4.e-02 4.e-02 4.e-02 4.e-02 4.e-02 4.e-02 4.e-02 4.e-02 4.e-02
 4.e-02 4.e-02 4.e-02 4.e-02 4.e-02 4.e-02 4.e-02 4.e-02 2.e-02 1.e-06
 2.e-02 2.e-02]
order = 3
gene ranges = [(-0.1, 0.1), (-0.1, 0.1), (-0.1, 0.1), (-0.1, 0.1), (-0.1, 0.1), (-0.1, 0.1), (-0.1, 0.1), (-0.1, 0.1), (-0.1, 0.1), (-0.1, 0.1), (-0.1, 0.1), (-0.1, 0.1), (-0.1, 0.1), (-0.1, 0.1), (-0.1, 0.1), (-0.1, 0.1), (-0.1, 0.1), (-0.1, 0.1), (-0.1, 0.1), (-0.1, 0.1), (-0.1, 0.1), (-0.1, 0.1), (-0.1, 0.1), (-0.1, 0.1), (-0.1, 0.1), (-0.1, 0.1), (-0.1, 0.1), (-0.1, 0.1), (-0.1, 0.1), (-0.1, 0.1), (-0.1, 0.1), (-0.1, 0.1), (-0.1, 0.1), (-0.1, 0.1), (-0.1, 0.1), (-0.1, 0.1), (-0.1, 0.1), (-0.1, 0.1), (-0.1, 0.1), (-0.1, 0.1), (-0.1, 0.1), (-0.1, 0.1), (-0.1, 0.1), (-0.1, 0.1), (-0.1, 0.1), (-0.1, 0.1), (-0.1, 0.1), (-0.1, 0.1), (0.98, 1.02), (-1e-05, 1e-05), (0.55, 0.65), (0.28, 0.38)]
