Best in last gen:
[ 1.84513780e-02  1.64718605e-02  5.59733949e-02  1.28848534e-02
 -4.16359414e-02  1.39511177e-02 -6.15385005e-03  2.23599455e-02
  7.89225818e-03 -3.79048653e-02 -5.23116219e-02  7.73597063e-03
  1.09340340e-01 -2.02760400e-02  1.79668977e-02  7.39728601e-02
  1.30683970e-01  1.77208807e-02  9.49723592e-03 -1.24186518e-02
 -1.65101934e-01 -6.13945973e-02  5.16487250e-02 -5.82073301e-02
  9.73876762e-01 -2.90147169e-06  3.12045266e-01  6.88673982e-01]
Best fitness in last gen:
2.3113388410805982e-07
GA calculation time:
33610.57249927521

Initial parameters
population size = 400
number of generations = 20000
Real number of generations = 20000
elitism = 2
crossover_rate = 0.95
mutation rate = 0.01
mutation range = [5.e-02 5.e-02 5.e-02 5.e-02 5.e-02 5.e-02 5.e-02 5.e-02 5.e-02 5.e-02
 5.e-02 5.e-02 5.e-02 5.e-02 5.e-02 5.e-02 5.e-02 5.e-02 5.e-02 5.e-02
 5.e-02 5.e-02 5.e-02 5.e-02 2.e-02 1.e-06 4.e-02 4.e-02]
order = 2
gene ranges = [(-0.04, 0.04), (-0.04, 0.04), (-0.04, 0.04), (-0.04, 0.04), (-0.04, 0.04), (-0.04, 0.04), (-0.04, 0.04), (-0.04, 0.04), (-0.04, 0.04), (-0.04, 0.04), (-0.04, 0.04), (-0.04, 0.04), (-0.04, 0.04), (-0.04, 0.04), (-0.04, 0.04), (-0.04, 0.04), (-0.04, 0.04), (-0.04, 0.04), (-0.04, 0.04), (-0.04, 0.04), (-0.04, 0.04), (-0.04, 0.04), (-0.04, 0.04), (-0.04, 0.04), (0.98, 1.02), (-1e-05, 1e-05), (0.27, 0.33), (0.67, 0.73)]