Best in last gen:
[-3.79303679e-02  1.51827968e-02  5.67401859e-03 -1.65018043e-02
  4.15323043e-02  5.98557160e-03  1.13272544e-02 -1.82271863e-02
  3.54915063e-02  2.43627113e-02  2.47485582e-02  3.54730793e-02
  1.05969986e-03  1.06985321e-02  5.14369066e-02  5.62420723e-02
  2.82741169e-02  1.45842117e-02  4.03079920e-02 -2.87546076e-02
 -5.30500509e-03  8.45195442e-03  2.15746718e-02  1.56921522e-02
  3.81992449e-02 -4.41106899e-02 -9.09708414e-02  5.84426681e-04
  5.20650420e-02  4.14977386e-02  2.84626030e-03 -1.55083956e-02
  2.04804670e-02 -1.38266493e-02 -5.76259640e-03 -2.18463005e-02
 -3.75338325e-02 -1.64201387e-02 -7.44912216e-03  1.41250198e-02
 -1.09747934e-02 -5.60552757e-03  1.64973837e-02 -7.99758052e-02
 -2.98389313e-03 -1.58939615e-02  2.59026114e-02 -3.84615767e-03
  9.99195385e-01 -6.93912316e-07  6.15328345e-01  3.31289907e-01]
Best fitness in last gen:
0.0012559145003698884
GA calculation time:
1328.4824583530426

Initial parameters
population size = 250
number of generations = 20000
Real number of generations = 4712
elitism = 2
crossover_rate = 0.95
mutation rate = 0.01
mutation range = [4.e-02 4.e-02 4.e-02 4.e-02 4.e-02 4.e-02 4.e-02 4.e-02 4.e-02 4.e-02
 4.e-02 4.e-02 4.e-02 4.e-02 4.e-02 4.e-02 4.e-02 4.e-02 4.e-02 4.e-02
 4.e-02 4.e-02 4.e-02 4.e-02 4.e-02 4.e-02 4.e-02 4.e-02 4.e-02 4.e-02
 4.e-02 4.e-02 4.e-02 4.e-02 4.e-02 4.e-02 4.e-02 4.e-02 4.e-02 4.e-02
 4.e-02 4.e-02 4.e-02 4.e-02 4.e-02 4.e-02 4.e-02 4.e-02 2.e-02 1.e-06
 2.e-02 2.e-02]
order = 3
gene ranges = [(-0.04, 0.04), (-0.04, 0.04), (-0.04, 0.04), (-0.04, 0.04), (-0.04, 0.04), (-0.04, 0.04), (-0.04, 0.04), (-0.04, 0.04), (-0.04, 0.04), (-0.04, 0.04), (-0.04, 0.04), (-0.04, 0.04), (-0.04, 0.04), (-0.04, 0.04), (-0.04, 0.04), (-0.04, 0.04), (-0.04, 0.04), (-0.04, 0.04), (-0.04, 0.04), (-0.04, 0.04), (-0.04, 0.04), (-0.04, 0.04), (-0.04, 0.04), (-0.04, 0.04), (-0.04, 0.04), (-0.04, 0.04), (-0.04, 0.04), (-0.04, 0.04), (-0.04, 0.04), (-0.04, 0.04), (-0.04, 0.04), (-0.04, 0.04), (-0.04, 0.04), (-0.04, 0.04), (-0.04, 0.04), (-0.04, 0.04), (-0.04, 0.04), (-0.04, 0.04), (-0.04, 0.04), (-0.04, 0.04), (-0.04, 0.04), (-0.04, 0.04), (-0.04, 0.04), (-0.04, 0.04), (-0.04, 0.04), (-0.04, 0.04), (-0.04, 0.04), (-0.04, 0.04), (0.98, 1.02), (-1e-05, 1e-05), (0.61, 0.65), (0.32, 0.36)]