Best in last gen:
[ 1.44976346e-02  7.28691394e-03  1.37321119e-02 -1.58194890e-02
  3.61033633e-02  2.02865096e-02  7.37268278e-03  5.47929902e-03
  1.46707172e-02 -1.19515770e-02  1.39933827e-02 -4.20773050e-04
 -9.87147613e-04 -6.23525385e-03 -6.09383830e-03 -4.13408463e-03
  2.77015831e-03  4.53790664e-03  4.90246119e-03  2.04826851e-02
  1.23847078e-02 -1.27515516e-02 -3.88440153e-03  2.29915485e-02
  9.37121954e-03  1.24455076e-02 -2.19042173e-03  1.44367170e-02
  6.71068344e-03  4.94087912e-03 -3.09928222e-03 -3.88035011e-03
 -6.10807806e-03  1.75185458e-02  1.37766377e-03  1.35912049e-02
  1.71517362e-02  8.46516660e-03 -1.49977196e-02 -9.88833297e-04
  2.24423612e-03 -1.52789815e-03 -6.23662235e-03 -1.68899357e-03
  1.20415430e-02  8.49525348e-03 -2.66708312e-02  7.38892770e-03
  1.00240189e+00  1.73412261e-06  7.74906804e-01  3.25806584e-01]
Best fitness in last gen:
0.0
GA calculation time:
5.572401762008667

Initial parameters
population size = 300
number of generations = 10
Real number of generations = 10
elitism = 2
crossover_rate = 0.95
mutation rate = 0.01
mutation range = [4.e-02 4.e-02 4.e-02 4.e-02 4.e-02 4.e-02 4.e-02 4.e-02 4.e-02 4.e-02
 4.e-02 4.e-02 4.e-02 4.e-02 4.e-02 4.e-02 4.e-02 4.e-02 4.e-02 4.e-02
 4.e-02 4.e-02 4.e-02 4.e-02 4.e-02 4.e-02 4.e-02 4.e-02 4.e-02 4.e-02
 4.e-02 4.e-02 4.e-02 4.e-02 4.e-02 4.e-02 4.e-02 4.e-02 4.e-02 4.e-02
 4.e-02 4.e-02 4.e-02 4.e-02 4.e-02 4.e-02 4.e-02 4.e-02 2.e-02 1.e-06
 2.e-02 2.e-02]
order = 3
gene ranges = [(-0.1, 0.1), (-0.1, 0.1), (-0.1, 0.1), (-0.1, 0.1), (-0.1, 0.1), (-0.1, 0.1), (-0.1, 0.1), (-0.1, 0.1), (-0.1, 0.1), (-0.1, 0.1), (-0.1, 0.1), (-0.1, 0.1), (-0.1, 0.1), (-0.1, 0.1), (-0.1, 0.1), (-0.1, 0.1), (-0.1, 0.1), (-0.1, 0.1), (-0.1, 0.1), (-0.1, 0.1), (-0.1, 0.1), (-0.1, 0.1), (-0.1, 0.1), (-0.1, 0.1), (-0.1, 0.1), (-0.1, 0.1), (-0.1, 0.1), (-0.1, 0.1), (-0.1, 0.1), (-0.1, 0.1), (-0.1, 0.1), (-0.1, 0.1), (-0.1, 0.1), (-0.1, 0.1), (-0.1, 0.1), (-0.1, 0.1), (-0.1, 0.1), (-0.1, 0.1), (-0.1, 0.1), (-0.1, 0.1), (-0.1, 0.1), (-0.1, 0.1), (-0.1, 0.1), (-0.1, 0.1), (-0.1, 0.1), (-0.1, 0.1), (-0.1, 0.1), (-0.1, 0.1), (0.98, 1.02), (-1e-05, 1e-05), (0.72, 0.82), (0.28, 0.38)]
