Best in last gen:
[-6.79764873e-02 -5.88103640e-02  5.68235867e-02  9.05592544e-02
  2.29844839e-02  3.98494350e-02  4.22238836e-02 -5.20991036e-02
 -4.52479660e-02  2.29242181e-02  7.63309727e-02 -6.16805096e-02
  8.90723646e-03  3.28680668e-02 -4.99777678e-02 -1.05716669e-02
  6.59958058e-02 -8.84123374e-02  7.48682348e-02 -5.31907548e-02
 -2.40053535e-02 -6.18318819e-03  1.00715596e-01  6.69065128e-02
  6.67193339e-02 -4.01816848e-02 -2.15823997e-03 -7.36576889e-02
 -6.35864226e-02  2.78797662e-02  7.32752918e-02  3.21639176e-02
  1.04016081e-02  8.91325007e-02  2.22341046e-02 -8.96917536e-03
  4.25801835e-02  3.82423184e-02 -2.64381919e-02  4.53510331e-02
 -3.88476163e-03  4.45920278e-04 -6.03851594e-02 -2.36102487e-02
  3.24021853e-02  6.55690827e-02  5.81739078e-03 -6.55449198e-02
  9.76429628e-01  8.60928830e-01  1.15115741e+00  6.91221781e-01]
Best fitness in last gen:
1.4877950830025375e-06

Best in all:
[-6.79764873e-02 -5.88103640e-02  5.68235867e-02  9.05592544e-02
  2.29844839e-02  3.98494350e-02  4.22238836e-02 -5.20991036e-02
 -4.52479660e-02  2.29242181e-02  7.63309727e-02 -6.16805096e-02
  8.90723646e-03  3.28680668e-02 -4.99777678e-02 -1.05716669e-02
  6.59958058e-02 -8.84123374e-02  7.48682348e-02 -5.31907548e-02
 -2.40053535e-02 -6.18318819e-03  1.00715596e-01  6.69065128e-02
  6.67193339e-02 -4.01816848e-02 -2.15823997e-03 -7.36576889e-02
 -6.35864226e-02  2.78797662e-02  7.32752918e-02  3.21639176e-02
  1.04016081e-02  8.91325007e-02  2.22341046e-02 -8.96917536e-03
  4.25801835e-02  3.82423184e-02 -2.64381919e-02  4.53510331e-02
 -3.88476163e-03  4.45920278e-04 -6.03851594e-02 -2.36102487e-02
  3.24021853e-02  6.55690827e-02  5.81739078e-03 -6.55449198e-02
  9.76429628e-01  8.60928830e-01  1.15115741e+00  6.91221781e-01]
Best fitness in all:
1.4877950830025375e-06
GA calculation time:
438.4607629776001

Initial parameters
population size = 500
number of generations = 1000
Real number of generations = 1000
elitism = 2
crossover_rate = 0.95
mutation rate = 0.007
mutation range = 0.1
order = 3
gene ranges = ((-0.1, 0.1), (0.98, 1.02), (-2, 2), (1.1, 1.2), (0.65, 0.75))
