Best in last gen:
[-6.27004951e-02 -5.26961679e-02 -6.45681000e-02  4.55487836e-02
  1.37721575e-02  3.28955605e-02 -1.88766862e-02  4.73471365e-02
  3.02996076e-03  3.37079575e-02 -1.91420402e-02  3.03209156e-02
 -4.86513899e-02 -1.79469845e-03 -1.51129087e-02 -1.64667737e-02
 -6.45768779e-02 -2.37883683e-02 -2.12765239e-02  3.94308869e-03
 -3.94428869e-02 -9.31902946e-03  2.87101599e-03  1.62594547e-03
 -5.88826154e-02  4.80185129e-02 -4.56453436e-02 -2.18692833e-02
  6.02257929e-02  2.04790089e-02  4.26509927e-02  6.63922736e-03
  4.92405428e-02 -2.49956053e-02 -2.82473286e-02  8.19159735e-03
 -1.85708838e-02 -1.18951234e-03 -1.45355921e-02 -1.82018257e-02
 -2.31131104e-02 -2.82142489e-02  8.91757806e-03  1.44059913e-01
 -3.38134249e-02 -1.19938516e-01  1.51688835e-02 -2.30888620e-02
  9.86518897e-01  4.86208289e-01  1.25541161e+00  5.82924816e-01]
Best fitness in last gen:
3.3121961981842e-05

Best in all:
[-6.57322187e-02  4.56662628e-03 -1.89939306e-02  4.02713578e-02
 -8.02701852e-03  1.81923748e-02 -1.76562023e-02  5.63211788e-02
  1.15495499e-03 -2.89308782e-03 -2.46488699e-03  1.10528284e-02
 -6.67739744e-02 -5.30138458e-03 -2.75875982e-02 -5.02182392e-03
 -3.14275818e-02 -2.12836192e-02 -1.53303308e-02  4.24294139e-03
 -4.54585085e-02  1.07250182e-02 -2.25718594e-03  1.44151827e-02
 -1.73214091e-02  6.94279972e-02 -1.85567170e-02 -1.72739431e-02
  5.23528934e-02  4.30761756e-02  4.19419711e-02  1.47007623e-02
  2.08512262e-02 -1.01140098e-02 -2.66102826e-02 -7.55214687e-03
  9.95082994e-04 -1.11050950e-02 -1.27384076e-02 -3.20437455e-02
 -2.21859735e-02 -3.99614871e-03 -5.56594571e-03  1.34394911e-01
 -1.42354492e-02 -1.13340209e-01 -4.13625520e-03 -4.30265479e-02
  9.94020656e-01  4.68411702e-01  1.27403086e+00  5.88879496e-01]
Best fitness in all:
5.407021759599731e-05
GA calculation time:
27957.709477186203

Initial parameters
population size = 500
number of generations = 50000
Real number of generations = 50000
elitism = 2
crossover_rate = 0.95
mutation rate = 0.02
mutation range = [0.1  0.1  0.1  0.1  0.1  0.1  0.1  0.1  0.1  0.1  0.1  0.1  0.1  0.1
 0.1  0.1  0.1  0.1  0.1  0.1  0.1  0.1  0.1  0.1  0.1  0.1  0.1  0.1
 0.1  0.1  0.1  0.1  0.1  0.1  0.1  0.1  0.1  0.1  0.1  0.1  0.1  0.1
 0.1  0.1  0.1  0.1  0.1  0.1  0.04 3.6  0.1  0.1 ]
order = 3
gene ranges = ((-0.05, 0.05), (0.98, 1.02), (-0.8, 0.8), (1.2, 1.3), (0.55, 0.65))