Best in last gen:
[-1.67919703e-02  3.42718801e-02 -1.67747812e-02 -1.01023477e-02
  7.23444197e-03 -3.51476572e-02 -2.33078307e-02  1.71519364e-02
  1.29276620e-02 -1.03361114e-01 -8.60120693e-04  8.55405417e-03
  3.04773328e-02  3.63707358e-02 -5.15315566e-03 -1.08845011e-02
 -1.42841901e-02 -1.18557277e-02  1.86514306e-02 -5.14747221e-03
 -1.42834835e-03 -1.79567870e-02 -3.42220027e-02 -9.69745990e-04
  3.46913877e-02  4.44067935e-02  8.29243615e-03 -1.12108364e-02
 -4.69647703e-03  1.52760432e-03 -2.12602656e-02  8.58276750e-03
 -2.59637779e-02  3.18975717e-02 -5.65349210e-03 -8.01067359e-03
 -2.19392524e-02 -1.04202677e-02 -1.90450774e-02 -7.83519747e-02
  2.01336231e-02 -1.52058033e-02 -1.66110596e-02  2.36407756e-03
 -6.68289092e-03  3.29356331e-02 -5.94835609e-03 -1.39592290e-02
  1.00928444e+00  7.02694659e-01  5.82986329e-01  1.27100190e+00]
Best fitness in last gen:
7.768044869567742e-06

Best in all:
[-1.67919703e-02  3.42718801e-02 -1.67747812e-02 -1.01023477e-02
  7.23444197e-03 -3.51476572e-02 -2.33078307e-02  1.71519364e-02
  1.29276620e-02 -1.03361114e-01 -8.60120693e-04  8.55405417e-03
  3.04773328e-02  3.63707358e-02 -5.15315566e-03 -1.08845011e-02
 -1.42841901e-02 -1.18557277e-02  1.86514306e-02 -5.14747221e-03
 -1.42834835e-03 -1.79567870e-02 -3.42220027e-02 -9.69745990e-04
  3.46913877e-02  4.44067935e-02  8.29243615e-03 -1.12108364e-02
 -4.69647703e-03  1.52760432e-03 -2.12602656e-02  8.58276750e-03
 -2.59637779e-02  3.18975717e-02 -5.65349210e-03 -8.01067359e-03
 -2.19392524e-02 -1.04202677e-02 -1.90450774e-02 -7.83519747e-02
  2.01336231e-02 -1.52058033e-02 -1.66110596e-02  2.36407756e-03
 -6.68289092e-03  3.29356331e-02 -5.94835609e-03 -1.39592290e-02
  1.00928444e+00  7.02694659e-01  5.82986329e-01  1.27100190e+00]
Best fitness in all:
7.768044869567742e-06
GA calculation time:
43.65178966522217

Initial parameters
population size = 500
number of generations = 100
Real number of generations = 100
elitism = 2
crossover_rate = 0.95
mutation rate = 0.02
mutation range = [0.1  0.1  0.1  0.1  0.1  0.1  0.1  0.1  0.1  0.1  0.1  0.1  0.1  0.1
 0.1  0.1  0.1  0.1  0.1  0.1  0.1  0.1  0.1  0.1  0.1  0.1  0.1  0.1
 0.1  0.1  0.1  0.1  0.1  0.1  0.1  0.1  0.1  0.1  0.1  0.1  0.1  0.1
 0.1  0.1  0.1  0.1  0.1  0.1  0.04 3.6  0.1  0.1 ]
order = 3
gene ranges = ((-0.05, 0.05), (0.98, 1.02), (-0.8, 0.8), (0.55, 0.65), (1.2, 1.3))
