Best in last gen:
[ 1.16192298e-02 -1.22040373e-03  5.73544054e-03  1.58643980e-03
 -2.38979289e-03  4.05921551e-02 -1.53138497e-02 -2.41438411e-03
 -1.71624208e-04 -4.36404086e-03 -3.23720752e-02  1.06698727e-01
 -4.02736809e-05 -1.08357633e-02  3.52696920e-04  3.19918669e-02
 -2.78230211e-02 -1.76735831e-03  1.02741806e-02 -1.45608644e-03
 -3.67708036e-04  1.91368920e-02  3.50139406e-03  4.11733625e-03
 -1.34067675e-02 -3.55154192e-03  1.20111985e-02  6.51830988e-02
  1.78588378e-02  1.03785820e-02 -4.91236776e-03  3.49531646e-03
 -5.11204207e-03  7.71151935e-02  3.29230513e-02 -4.67503137e-02
  9.48732026e-03 -1.69316226e-03  6.75049271e-03  1.15082535e-02
  3.06138319e-03 -5.67999411e-03 -1.50762641e-01 -3.44346164e-02
  1.62397239e-02 -5.55449857e-02 -9.84278708e-02  2.23507301e-03
  9.95495580e-01  3.04278205e-06  3.21071831e-01  6.80251822e-01]
Best fitness in last gen:
6.940513204886052e-05
GA calculation time:
47028.81532359123

Initial parameters
population size = 400
number of generations = 20000
Real number of generations = 20000
elitism = 2
crossover_rate = 0.95
mutation rate = 0.01
mutation range = [5.e-02 5.e-02 5.e-02 5.e-02 5.e-02 5.e-02 5.e-02 5.e-02 5.e-02 5.e-02
 5.e-02 5.e-02 5.e-02 5.e-02 5.e-02 5.e-02 5.e-02 5.e-02 5.e-02 5.e-02
 5.e-02 5.e-02 5.e-02 5.e-02 5.e-02 5.e-02 5.e-02 5.e-02 5.e-02 5.e-02
 5.e-02 5.e-02 5.e-02 5.e-02 5.e-02 5.e-02 5.e-02 5.e-02 5.e-02 5.e-02
 5.e-02 5.e-02 5.e-02 5.e-02 5.e-02 5.e-02 5.e-02 5.e-02 2.e-02 1.e-06
 4.e-02 4.e-02]
order = 3
gene ranges = [(-0.04, 0.04), (-0.04, 0.04), (-0.04, 0.04), (-0.04, 0.04), (-0.04, 0.04), (-0.04, 0.04), (-0.04, 0.04), (-0.04, 0.04), (-0.04, 0.04), (-0.04, 0.04), (-0.04, 0.04), (-0.04, 0.04), (-0.04, 0.04), (-0.04, 0.04), (-0.04, 0.04), (-0.04, 0.04), (-0.04, 0.04), (-0.04, 0.04), (-0.04, 0.04), (-0.04, 0.04), (-0.04, 0.04), (-0.04, 0.04), (-0.04, 0.04), (-0.04, 0.04), (-0.04, 0.04), (-0.04, 0.04), (-0.04, 0.04), (-0.04, 0.04), (-0.04, 0.04), (-0.04, 0.04), (-0.04, 0.04), (-0.04, 0.04), (-0.04, 0.04), (-0.04, 0.04), (-0.04, 0.04), (-0.04, 0.04), (-0.04, 0.04), (-0.04, 0.04), (-0.04, 0.04), (-0.04, 0.04), (-0.04, 0.04), (-0.04, 0.04), (-0.04, 0.04), (-0.04, 0.04), (-0.04, 0.04), (-0.04, 0.04), (-0.04, 0.04), (-0.04, 0.04), (0.98, 1.02), (-1e-05, 1e-05), (0.27, 0.33), (0.67, 0.73)]