Best in last gen:
[-8.01690707e-03  4.58036258e-03 -2.04500131e-02 -2.55193838e-02
 -2.72058356e-03 -2.21282835e-03 -9.50030055e-03  7.09099680e-03
  3.78325938e-03 -8.86688482e-03  1.81749803e-02 -5.94593665e-04
 -3.62151006e-03  2.16920442e-02 -1.99535440e-02 -3.09717051e-02
  2.33317357e-03  3.95984946e-02  1.13551314e-02 -7.22061597e-03
  2.01480848e-03 -5.28599704e-02 -1.87801113e-02 -1.49165326e-02
  2.24996761e-04  4.21815084e-02  1.36780945e-02 -1.10462885e-02
  4.25503392e-03 -5.80840316e-03 -1.18884287e-02 -5.05742517e-03
  1.01009113e-02  2.91076534e-03  2.74926259e-03 -7.73643897e-04
 -7.71713056e-03 -9.07279826e-03  7.03877887e-03 -2.79721349e-03
  1.85680198e-03  2.20327759e-02 -9.83468339e-03 -1.41569352e-03
  1.82547897e-03  1.75020801e-02 -5.67405481e-03  1.10899721e-02
 -7.60836750e-03  4.48060916e-03  1.46775757e-02 -3.87578563e-03
  7.18799131e-03  3.10898984e-04 -1.42495497e-02  2.36041129e-04
  2.89954979e-03  6.22829351e-03 -2.49192059e-03 -8.09149222e-03
  7.80576666e-03 -5.80473240e-03  2.06360135e-03 -3.01659309e-04
  2.70626912e-04 -1.32207779e-02 -1.94813367e-02  1.55532466e-02
  1.41919830e-02 -1.90771684e-02 -1.53856477e-02  7.90752765e-03
 -3.28343274e-03  5.82956304e-03  6.24941994e-04 -2.44734856e-02
  1.66884873e-03  2.22595636e-02  2.67069718e-03  4.94560882e-03
  3.38183879e-02  1.27750102e-02  4.58580493e-03  1.94360987e-03
  9.23991724e-04 -3.91416252e-03 -9.80704877e-03 -1.16103232e-02
 -2.99810767e-03  6.76564879e-03  2.24634945e-03  2.51000342e-03
 -1.47389314e-03 -9.20000427e-03 -4.87183375e-03 -6.45995128e-03
  1.15783903e-02  7.55868998e-03 -8.71479291e-03 -2.34039460e-02
 -1.09629453e-02 -9.16381696e-03 -2.10738025e-03 -1.50424685e-02
 -1.21507331e-02  5.01254221e-03  3.77458650e-03 -7.53709252e-03
 -1.53488443e-02 -3.03613417e-03 -2.70451595e-02  7.89685435e-03
  7.33243135e-03 -1.22302965e-02 -1.92229699e-02 -6.31453438e-03
  1.41619421e-02  1.24337341e-02  2.62554423e-03 -6.28251590e-03
  9.88089237e-01  5.11757174e-06  2.01708432e+00  2.76678168e+00]
Best fitness in last gen:
2.6876154758426117e-06
GA calculation time:
488.22076892852783

Initial parameters
population size = 20
number of generations = 10000
Real number of generations = 10000
elitism = 2
crossover_rate = 0.95
mutation rate = 0.01
mutation range = [1.e-02 1.e-02 1.e-02 1.e-02 1.e-02 1.e-02 1.e-02 1.e-02 1.e-02 1.e-02
 1.e-02 1.e-02 1.e-02 1.e-02 1.e-02 1.e-02 1.e-02 1.e-02 1.e-02 1.e-02
 1.e-02 1.e-02 1.e-02 1.e-02 1.e-02 1.e-02 1.e-02 1.e-02 1.e-02 1.e-02
 1.e-02 1.e-02 1.e-02 1.e-02 1.e-02 1.e-02 1.e-02 1.e-02 1.e-02 1.e-02
 1.e-02 1.e-02 1.e-02 1.e-02 1.e-02 1.e-02 1.e-02 1.e-02 1.e-02 1.e-02
 1.e-02 1.e-02 1.e-02 1.e-02 1.e-02 1.e-02 1.e-02 1.e-02 1.e-02 1.e-02
 1.e-02 1.e-02 1.e-02 1.e-02 1.e-02 1.e-02 1.e-02 1.e-02 1.e-02 1.e-02
 1.e-02 1.e-02 1.e-02 1.e-02 1.e-02 1.e-02 1.e-02 1.e-02 1.e-02 1.e-02
 1.e-02 1.e-02 1.e-02 1.e-02 1.e-02 1.e-02 1.e-02 1.e-02 1.e-02 1.e-02
 1.e-02 1.e-02 1.e-02 1.e-02 1.e-02 1.e-02 1.e-02 1.e-02 1.e-02 1.e-02
 1.e-02 1.e-02 1.e-02 1.e-02 1.e-02 1.e-02 1.e-02 1.e-02 1.e-02 1.e-02
 1.e-02 1.e-02 1.e-02 1.e-02 1.e-02 1.e-02 1.e-02 1.e-02 1.e-02 1.e-02
 2.e-02 1.e-06 2.e-02 2.e-02]
order = 5
gene ranges = [(-0.03, 0.03), (-0.03, 0.03), (-0.03, 0.03), (-0.03, 0.03), (-0.03, 0.03), (-0.03, 0.03), (-0.03, 0.03), (-0.03, 0.03), (-0.03, 0.03), (-0.03, 0.03), (-0.03, 0.03), (-0.03, 0.03), (-0.03, 0.03), (-0.03, 0.03), (-0.03, 0.03), (-0.03, 0.03), (-0.03, 0.03), (-0.03, 0.03), (-0.03, 0.03), (-0.03, 0.03), (-0.03, 0.03), (-0.03, 0.03), (-0.03, 0.03), (-0.03, 0.03), (-0.03, 0.03), (-0.03, 0.03), (-0.03, 0.03), (-0.03, 0.03), (-0.03, 0.03), (-0.03, 0.03), (-0.03, 0.03), (-0.03, 0.03), (-0.03, 0.03), (-0.03, 0.03), (-0.03, 0.03), (-0.03, 0.03), (-0.03, 0.03), (-0.03, 0.03), (-0.03, 0.03), (-0.03, 0.03), (-0.03, 0.03), (-0.03, 0.03), (-0.03, 0.03), (-0.03, 0.03), (-0.03, 0.03), (-0.03, 0.03), (-0.03, 0.03), (-0.03, 0.03), (-0.03, 0.03), (-0.03, 0.03), (-0.03, 0.03), (-0.03, 0.03), (-0.03, 0.03), (-0.03, 0.03), (-0.03, 0.03), (-0.03, 0.03), (-0.03, 0.03), (-0.03, 0.03), (-0.03, 0.03), (-0.03, 0.03), (-0.03, 0.03), (-0.03, 0.03), (-0.03, 0.03), (-0.03, 0.03), (-0.03, 0.03), (-0.03, 0.03), (-0.03, 0.03), (-0.03, 0.03), (-0.03, 0.03), (-0.03, 0.03), (-0.03, 0.03), (-0.03, 0.03), (-0.03, 0.03), (-0.03, 0.03), (-0.03, 0.03), (-0.03, 0.03), (-0.03, 0.03), (-0.03, 0.03), (-0.03, 0.03), (-0.03, 0.03), (-0.03, 0.03), (-0.03, 0.03), (-0.03, 0.03), (-0.03, 0.03), (-0.03, 0.03), (-0.03, 0.03), (-0.03, 0.03), (-0.03, 0.03), (-0.03, 0.03), (-0.03, 0.03), (-0.03, 0.03), (-0.03, 0.03), (-0.03, 0.03), (-0.03, 0.03), (-0.03, 0.03), (-0.03, 0.03), (-0.03, 0.03), (-0.03, 0.03), (-0.03, 0.03), (-0.03, 0.03), (-0.03, 0.03), (-0.03, 0.03), (-0.03, 0.03), (-0.03, 0.03), (-0.03, 0.03), (-0.03, 0.03), (-0.03, 0.03), (-0.03, 0.03), (-0.03, 0.03), (-0.03, 0.03), (-0.03, 0.03), (-0.03, 0.03), (-0.03, 0.03), (-0.03, 0.03), (-0.03, 0.03), (-0.03, 0.03), (-0.03, 0.03), (-0.03, 0.03), (-0.03, 0.03), (-0.03, 0.03), (0.98, 1.02), (-1e-05, 1e-05), (1.98, 2.02), (2.73, 2.77)]
