Best in last gen:
[ 2.91451837e-02 -1.97147463e-02  5.86343227e-03  7.27707191e-03
 -7.48369493e-03  9.95433575e-03  1.75059990e-02  6.43076833e-03
  6.74646722e-03  1.88976825e-02  3.83074575e-02  1.16067660e-02
  1.06647509e-03 -2.12186311e-02 -2.80410448e-03  2.59887708e-02
 -4.01532726e-02 -1.18352416e-02 -1.51259506e-02 -1.93123567e-02
  4.66763389e-02  1.86038545e-02  1.33361991e-02  1.34463918e-02
 -1.25161931e-03 -4.21212947e-03 -2.33034993e-02 -2.06834456e-03
 -2.33655569e-02  1.71397979e-02  6.58205283e-03  2.61208762e-02
  1.28692376e-02  6.17868344e-03  2.92889196e-02  1.35525834e-02
 -4.93046573e-03 -1.30103792e-02 -2.32860026e-02  4.10751863e-03
 -1.03141796e-01 -2.63141744e-02 -3.25791856e-03  8.07730781e-03
 -6.33139617e-03 -1.58712327e-02 -2.21979826e-02  3.98078861e-02
  9.87973345e-01  3.31665649e-06  5.71260924e-01  6.81681414e-02]
Best fitness in last gen:
1.0115950935899852e-06
GA calculation time:
284.5794382095337

Initial parameters
population size = 100
number of generations = 2000
Real number of generations = 2000
elitism = 2
crossover_rate = 0.95
mutation rate = 0.01
mutation range = [4.e-02 4.e-02 4.e-02 4.e-02 4.e-02 4.e-02 4.e-02 4.e-02 4.e-02 4.e-02
 4.e-02 4.e-02 4.e-02 4.e-02 4.e-02 4.e-02 4.e-02 4.e-02 4.e-02 4.e-02
 4.e-02 4.e-02 4.e-02 4.e-02 4.e-02 4.e-02 4.e-02 4.e-02 4.e-02 4.e-02
 4.e-02 4.e-02 4.e-02 4.e-02 4.e-02 4.e-02 4.e-02 4.e-02 4.e-02 4.e-02
 4.e-02 4.e-02 4.e-02 4.e-02 4.e-02 4.e-02 4.e-02 4.e-02 2.e-02 1.e-06
 2.e-02 2.e-02]
order = 3
gene ranges = [(-0.04, 0.04), (-0.04, 0.04), (-0.04, 0.04), (-0.04, 0.04), (-0.04, 0.04), (-0.04, 0.04), (-0.04, 0.04), (-0.04, 0.04), (-0.04, 0.04), (-0.04, 0.04), (-0.04, 0.04), (-0.04, 0.04), (-0.04, 0.04), (-0.04, 0.04), (-0.04, 0.04), (-0.04, 0.04), (-0.04, 0.04), (-0.04, 0.04), (-0.04, 0.04), (-0.04, 0.04), (-0.04, 0.04), (-0.04, 0.04), (-0.04, 0.04), (-0.04, 0.04), (-0.04, 0.04), (-0.04, 0.04), (-0.04, 0.04), (-0.04, 0.04), (-0.04, 0.04), (-0.04, 0.04), (-0.04, 0.04), (-0.04, 0.04), (-0.04, 0.04), (-0.04, 0.04), (-0.04, 0.04), (-0.04, 0.04), (-0.04, 0.04), (-0.04, 0.04), (-0.04, 0.04), (-0.04, 0.04), (-0.04, 0.04), (-0.04, 0.04), (-0.04, 0.04), (-0.04, 0.04), (-0.04, 0.04), (-0.04, 0.04), (-0.04, 0.04), (-0.04, 0.04), (0.98, 1.02), (-1e-05, 1e-05), (0.55, 0.59), (0.06, 0.1)]
