Best in last gen:
[ 1.90155994e-03  9.47053964e-04  2.26234792e-02  6.34002437e-02
 -5.66996550e-02  7.37916765e-02 -1.62444641e-02  1.96204212e-02
 -6.05316367e-02  4.95154042e-02 -9.87325583e-02 -1.55380620e-02
  8.46997928e-03 -1.33191230e-03  5.78918444e-02  2.51199002e-02
  5.89491390e-02  3.81070907e-02  5.24556594e-02 -1.76875058e-02
 -3.96753020e-02  3.02245561e-02  4.73699412e-02  1.05738872e-02
  2.35257130e-02  6.52957224e-02 -9.10882081e-03  2.47144135e-02
  2.28453266e-02 -3.04147835e-02 -4.03895815e-02 -2.07381899e-02
  3.68406626e-02 -8.56064936e-03  1.73240203e-02 -4.00647310e-02
 -3.45523009e-02  1.53554774e-03 -6.64904415e-02 -6.11479226e-02
 -2.47652578e-02 -1.08774667e-01  1.90031517e-02 -4.43815420e-02
  4.54119555e-02  9.95007634e-02  5.11514499e-03 -1.67623844e-02
 -7.56697530e-02  3.20796442e-02 -5.22062234e-02 -5.65328451e-02
 -8.63127772e-02 -6.06340375e-02 -1.49802056e-02 -4.04678956e-02
 -1.07564316e-01 -5.17665464e-02 -4.57971965e-02 -4.60929295e-02
  1.21860833e-02 -3.93585813e-02 -5.67136024e-02 -3.70973486e-02
 -2.17446386e-02 -5.94340989e-02 -9.62620609e-02 -1.12760821e-03
  5.26891461e-02 -4.16000181e-02 -5.16207909e-02 -5.07212484e-03
 -2.54252036e-02  6.85628108e-02 -3.49719909e-02 -1.22753379e-02
  3.50405709e-02 -7.20412036e-03 -2.57165851e-02  2.90362717e-02
  1.01941218e+00  8.29041591e-01  8.57311342e-01  1.20438604e+00]
Best fitness in last gen:
1.5645135526690131e-06

Best in all:
[ 1.90155994e-03  9.47053964e-04  2.26234792e-02  6.34002437e-02
 -5.66996550e-02  7.37916765e-02 -1.62444641e-02  1.96204212e-02
 -6.05316367e-02  4.95154042e-02 -9.87325583e-02 -1.55380620e-02
  8.46997928e-03 -1.33191230e-03  5.78918444e-02  2.51199002e-02
  5.89491390e-02  3.81070907e-02  5.24556594e-02 -1.76875058e-02
 -3.96753020e-02  3.02245561e-02  4.73699412e-02  1.05738872e-02
  2.35257130e-02  6.52957224e-02 -9.10882081e-03  2.47144135e-02
  2.28453266e-02 -3.04147835e-02 -4.03895815e-02 -2.07381899e-02
  3.68406626e-02 -8.56064936e-03  1.73240203e-02 -4.00647310e-02
 -3.45523009e-02  1.53554774e-03 -6.64904415e-02 -6.11479226e-02
 -2.47652578e-02 -1.08774667e-01  1.90031517e-02 -4.43815420e-02
  4.54119555e-02  9.95007634e-02  5.11514499e-03 -1.67623844e-02
 -7.56697530e-02  3.20796442e-02 -5.22062234e-02 -5.65328451e-02
 -8.63127772e-02 -6.06340375e-02 -1.49802056e-02 -4.04678956e-02
 -1.07564316e-01 -5.17665464e-02 -4.57971965e-02 -4.60929295e-02
  1.21860833e-02 -3.93585813e-02 -5.67136024e-02 -3.70973486e-02
 -2.17446386e-02 -5.94340989e-02 -9.62620609e-02 -1.12760821e-03
  5.26891461e-02 -4.16000181e-02 -5.16207909e-02 -5.07212484e-03
 -2.54252036e-02  6.85628108e-02 -3.49719909e-02 -1.22753379e-02
  3.50405709e-02 -7.20412036e-03 -2.57165851e-02  2.90362717e-02
  1.01941218e+00  8.29041591e-01  8.57311342e-01  1.20438604e+00]
Best fitness in all:
1.5645135526690131e-06

Initial parameters
population size = 10
number of generations = 10000
Real number of generations = 10000
elitism = 2
crossover_rate = 0.95
mutation rate = 0.007
mutation range = 0.1
order = 4
gene ranges = ((-0.1, 0.1), (0.98, 1.02), (-2, 2), (0.65, 1.05), (1.2, 1.6))
