Best in last gen:
[-5.07407406e-04 -1.15844425e-02  1.91849965e-02 -4.23451119e-02
 -2.34167171e-02  3.83032916e-02 -8.41582216e-03 -1.70337159e-02
  6.17315702e-03  1.51979837e-02  2.86404131e-02 -2.12684356e-02
 -4.33658750e-02  5.66199742e-03  1.10130895e-02  3.98650159e-02
  2.66866504e-03  2.52345333e-02 -1.89306576e-03 -2.44234210e-02
  1.31584962e-02  1.29658311e-02  3.85083057e-02  2.92424130e-02
  1.48978374e-02 -1.14276300e-02  4.88831028e-03  2.07950531e-02
  4.41824279e-04  9.38827267e-04  2.19969672e-02 -2.42427264e-02
 -1.03288867e-02 -3.03242100e-02 -2.91085739e-02 -3.43284430e-02
  4.97450896e-02  7.97297672e-03  7.03417773e-03 -6.17169699e-02
  1.11386456e-03 -2.07867951e-02  2.59798395e-02 -2.50726127e-02
 -3.37664132e-03 -1.75745179e-02 -2.87347754e-03 -4.45599752e-02
  9.92460376e-01  1.04778936e-06  5.73029822e-01  7.26746304e-01]
Best fitness in last gen:
3.6086311937167856e-06
GA calculation time:
1107.0160119533539

Initial parameters
population size = 110
number of generations = 5000
Real number of generations = 5000
elitism = 2
crossover_rate = 0.95
mutation rate = 0.01
mutation range = [4.e-02 4.e-02 4.e-02 4.e-02 4.e-02 4.e-02 4.e-02 4.e-02 4.e-02 4.e-02
 4.e-02 4.e-02 4.e-02 4.e-02 4.e-02 4.e-02 4.e-02 4.e-02 4.e-02 4.e-02
 4.e-02 4.e-02 4.e-02 4.e-02 4.e-02 4.e-02 4.e-02 4.e-02 4.e-02 4.e-02
 4.e-02 4.e-02 4.e-02 4.e-02 4.e-02 4.e-02 4.e-02 4.e-02 4.e-02 4.e-02
 4.e-02 4.e-02 4.e-02 4.e-02 4.e-02 4.e-02 4.e-02 4.e-02 2.e-02 1.e-06
 2.e-02 2.e-02]
order = 3
gene ranges = [(-0.1, 0.1), (-0.1, 0.1), (-0.1, 0.1), (-0.1, 0.1), (-0.1, 0.1), (-0.1, 0.1), (-0.1, 0.1), (-0.1, 0.1), (-0.1, 0.1), (-0.1, 0.1), (-0.1, 0.1), (-0.1, 0.1), (-0.1, 0.1), (-0.1, 0.1), (-0.1, 0.1), (-0.1, 0.1), (-0.1, 0.1), (-0.1, 0.1), (-0.1, 0.1), (-0.1, 0.1), (-0.1, 0.1), (-0.1, 0.1), (-0.1, 0.1), (-0.1, 0.1), (-0.1, 0.1), (-0.1, 0.1), (-0.1, 0.1), (-0.1, 0.1), (-0.1, 0.1), (-0.1, 0.1), (-0.1, 0.1), (-0.1, 0.1), (-0.1, 0.1), (-0.1, 0.1), (-0.1, 0.1), (-0.1, 0.1), (-0.1, 0.1), (-0.1, 0.1), (-0.1, 0.1), (-0.1, 0.1), (-0.1, 0.1), (-0.1, 0.1), (-0.1, 0.1), (-0.1, 0.1), (-0.1, 0.1), (-0.1, 0.1), (-0.1, 0.1), (-0.1, 0.1), (0.98, 1.02), (-1e-05, 1e-05), (0.55, 0.59), (0.71, 0.75)]
