Best in last gen:
[ 3.43576481e-02  2.18002229e-02 -4.08773513e-05  1.15082305e-02
 -1.07601393e-02 -1.20462260e-02 -3.83815889e-03  2.50660370e-02
  4.16883362e-03  1.32925808e-02  2.46636869e-02  1.13001476e-02
  8.20140378e-03 -3.16629452e-04  1.19064366e-02 -1.26743135e-02
  4.22640168e-02 -2.60793637e-04 -3.70263152e-03 -1.09576561e-02
 -1.56508042e-02  3.91416991e-03  1.03114778e-02 -9.19162884e-03
 -1.32422148e-02  3.53646282e-02 -1.16934062e-02 -7.98594514e-03
  1.50551719e-02  9.68866096e-04 -2.46688910e-02 -7.77389669e-03
 -1.61680150e-03  1.03404859e-02 -7.44676131e-03  1.28374418e-02
 -8.84253304e-03 -6.33728845e-03 -1.63382984e-02 -2.32941415e-02
  1.94787002e-02  1.88827195e-03  1.04431770e-03  1.71493018e-04
 -2.32565374e-02  1.68536973e-02  1.01020516e-02 -1.64337159e-02
 -8.75912182e-03  1.68612221e-03  3.44629553e-03  3.87372539e-03
  6.97810213e-03 -1.99315715e-02  8.69132698e-03 -4.79956400e-03
  2.04026809e-02  1.41441715e-02 -2.24669191e-02  6.51451179e-03
 -2.59367996e-02  1.90559389e-02 -3.57414032e-03 -1.00801518e-02
  2.49499472e-02  3.00991589e-02  4.14559341e-02 -7.78484416e-03
  2.04627988e-02  4.93542721e-03  4.43021591e-04 -1.90303748e-02
  1.19684251e-02 -1.33282102e-02 -1.32497450e-02  2.08195989e-02
 -1.78354841e-02 -1.16033270e-02  3.27355980e-02  1.40502485e-02
  2.95314745e-02  2.81537264e-02  1.14323187e-02 -3.51303593e-03
  1.63947289e-02 -2.56098643e-02  1.26295844e-03 -9.93276147e-03
  2.43997673e-03 -1.42285234e-02  5.96269965e-03 -2.43498935e-02
 -1.15619014e-02  3.03172522e-03 -8.22117107e-03 -5.42662057e-03
  2.50663918e-02 -4.26640742e-03  1.80836700e-02 -5.29809525e-03
 -1.80857560e-02 -1.59533270e-03  1.52950007e-02  9.30710133e-03
  1.42853323e-02 -1.91934059e-02 -1.73036916e-02  1.10050622e-02
  8.51262297e-03  2.61040720e-03 -2.90594990e-02  3.16184867e-02
 -1.60412432e-04  1.96412288e-02  1.35114038e-04 -6.08656660e-02
 -2.73733809e-02  2.67231016e-02  1.53165680e-03 -1.06356449e-03
  1.00727700e+00 -7.09098395e-06  1.22458764e+00  6.57400505e-01]
Best fitness in last gen:
3.539675443659744e-05
GA calculation time:
182624.4023554325

Initial parameters
population size = 500
number of generations = 100000
Real number of generations = 100000
elitism = 2
crossover_rate = 0.95
mutation rate = 0.01
mutation range = [3.e-02 3.e-02 3.e-02 3.e-02 3.e-02 3.e-02 3.e-02 3.e-02 3.e-02 3.e-02
 3.e-02 3.e-02 3.e-02 3.e-02 3.e-02 3.e-02 3.e-02 3.e-02 3.e-02 3.e-02
 3.e-02 3.e-02 3.e-02 3.e-02 3.e-02 3.e-02 3.e-02 3.e-02 3.e-02 3.e-02
 3.e-02 3.e-02 3.e-02 3.e-02 3.e-02 3.e-02 3.e-02 3.e-02 3.e-02 3.e-02
 3.e-02 3.e-02 3.e-02 3.e-02 3.e-02 3.e-02 3.e-02 3.e-02 3.e-02 3.e-02
 3.e-02 3.e-02 3.e-02 3.e-02 3.e-02 3.e-02 3.e-02 3.e-02 3.e-02 3.e-02
 3.e-02 3.e-02 3.e-02 3.e-02 3.e-02 3.e-02 3.e-02 3.e-02 3.e-02 3.e-02
 3.e-02 3.e-02 3.e-02 3.e-02 3.e-02 3.e-02 3.e-02 3.e-02 3.e-02 3.e-02
 3.e-02 3.e-02 3.e-02 3.e-02 3.e-02 3.e-02 3.e-02 3.e-02 3.e-02 3.e-02
 3.e-02 3.e-02 3.e-02 3.e-02 3.e-02 3.e-02 3.e-02 3.e-02 3.e-02 3.e-02
 3.e-02 3.e-02 3.e-02 3.e-02 3.e-02 3.e-02 3.e-02 3.e-02 3.e-02 3.e-02
 3.e-02 3.e-02 3.e-02 3.e-02 3.e-02 3.e-02 3.e-02 3.e-02 3.e-02 3.e-02
 2.e-02 1.e-06 2.e-02 2.e-02]
order = 5
gene ranges = [(-0.03, 0.03), (-0.03, 0.03), (-0.03, 0.03), (-0.03, 0.03), (-0.03, 0.03), (-0.03, 0.03), (-0.03, 0.03), (-0.03, 0.03), (-0.03, 0.03), (-0.03, 0.03), (-0.03, 0.03), (-0.03, 0.03), (-0.03, 0.03), (-0.03, 0.03), (-0.03, 0.03), (-0.03, 0.03), (-0.03, 0.03), (-0.03, 0.03), (-0.03, 0.03), (-0.03, 0.03), (-0.03, 0.03), (-0.03, 0.03), (-0.03, 0.03), (-0.03, 0.03), (-0.03, 0.03), (-0.03, 0.03), (-0.03, 0.03), (-0.03, 0.03), (-0.03, 0.03), (-0.03, 0.03), (-0.03, 0.03), (-0.03, 0.03), (-0.03, 0.03), (-0.03, 0.03), (-0.03, 0.03), (-0.03, 0.03), (-0.03, 0.03), (-0.03, 0.03), (-0.03, 0.03), (-0.03, 0.03), (-0.03, 0.03), (-0.03, 0.03), (-0.03, 0.03), (-0.03, 0.03), (-0.03, 0.03), (-0.03, 0.03), (-0.03, 0.03), (-0.03, 0.03), (-0.03, 0.03), (-0.03, 0.03), (-0.03, 0.03), (-0.03, 0.03), (-0.03, 0.03), (-0.03, 0.03), (-0.03, 0.03), (-0.03, 0.03), (-0.03, 0.03), (-0.03, 0.03), (-0.03, 0.03), (-0.03, 0.03), (-0.03, 0.03), (-0.03, 0.03), (-0.03, 0.03), (-0.03, 0.03), (-0.03, 0.03), (-0.03, 0.03), (-0.03, 0.03), (-0.03, 0.03), (-0.03, 0.03), (-0.03, 0.03), (-0.03, 0.03), (-0.03, 0.03), (-0.03, 0.03), (-0.03, 0.03), (-0.03, 0.03), (-0.03, 0.03), (-0.03, 0.03), (-0.03, 0.03), (-0.03, 0.03), (-0.03, 0.03), (-0.03, 0.03), (-0.03, 0.03), (-0.03, 0.03), (-0.03, 0.03), (-0.03, 0.03), (-0.03, 0.03), (-0.03, 0.03), (-0.03, 0.03), (-0.03, 0.03), (-0.03, 0.03), (-0.03, 0.03), (-0.03, 0.03), (-0.03, 0.03), (-0.03, 0.03), (-0.03, 0.03), (-0.03, 0.03), (-0.03, 0.03), (-0.03, 0.03), (-0.03, 0.03), (-0.03, 0.03), (-0.03, 0.03), (-0.03, 0.03), (-0.03, 0.03), (-0.03, 0.03), (-0.03, 0.03), (-0.03, 0.03), (-0.03, 0.03), (-0.03, 0.03), (-0.03, 0.03), (-0.03, 0.03), (-0.03, 0.03), (-0.03, 0.03), (-0.03, 0.03), (-0.03, 0.03), (-0.03, 0.03), (-0.03, 0.03), (-0.03, 0.03), (-0.03, 0.03), (-0.03, 0.03), (-0.03, 0.03), (0.98, 1.02), (-1e-05, 1e-05), (1.19, 1.23), (0.66, 0.7)]