Best in last gen:
[ 1.40175561e-02 -1.22637409e-02  6.74543087e-03 -2.38602124e-03
 -6.00336194e-03 -6.55992043e-03  4.18340658e-03 -2.70740071e-03
  1.02661344e-02  2.21121137e-03  1.90180145e-02 -1.46393373e-02
  8.00988101e-03  9.09726629e-03 -3.53706768e-03 -8.38797131e-03
 -6.68731480e-03  5.99931019e-03 -1.98055760e-02  5.22737621e-03
 -8.55522077e-03  3.98482409e-03  8.03705332e-03  2.18074001e-03
  2.68981832e-03  6.27417622e-03  1.72220952e-02  8.86467377e-03
  9.48305538e-03  3.43182628e-02  1.07506473e-02 -7.24621835e-03
  7.59446307e-03  8.49355918e-03  1.39032616e-02 -1.05621611e-02
  1.73100246e-02  1.33124140e-02 -2.46606239e-04 -1.05898134e-02
  1.49701931e-02  2.03040559e-02  2.95426489e-04  1.05855998e-02
 -5.44442700e-03  3.11833545e-02  8.04883347e-03 -2.58470552e-03
  5.04765485e-03  7.16567796e-03 -1.34358715e-02  2.77845142e-03
  1.64496804e-02 -1.03960649e-02 -2.33548586e-03 -7.70971913e-03
  5.07607602e-02  2.76417173e-03  4.15763308e-03  4.40809304e-03
 -5.34687326e-03  7.85898922e-03  1.23857173e-02 -1.28854357e-02
 -3.95719396e-03 -5.50463232e-03 -3.79801036e-04  1.19958289e-02
  2.09274115e-03 -1.28846070e-02  5.08631929e-03 -2.51876475e-03
 -2.89037713e-03 -9.32599278e-03  2.48387329e-03  5.71490995e-03
 -5.28892654e-03 -2.41986463e-02  2.73276379e-02 -3.33815187e-02
  2.10355628e-03 -2.45339826e-02  1.19427497e-02 -3.28589459e-03
 -3.30949272e-03 -2.13829809e-02  2.12912133e-03 -1.66784141e-02
 -2.01836749e-03  2.14408319e-04  1.29483170e-02 -8.78164176e-03
 -4.32864053e-04 -3.65640556e-03 -3.30340633e-04 -1.73605960e-02
  1.43864058e-02 -8.39991637e-03  2.06273253e-03  1.08805561e-02
  8.97117706e-03  2.10409309e-02  3.39002265e-03 -4.84774130e-03
  1.63960472e-02 -9.84304337e-03  1.31686058e-02  3.63164921e-03
 -7.96221745e-03  7.35658469e-04  8.26353031e-03 -5.39888430e-03
  6.10681361e-03 -7.61492825e-03 -6.86740277e-03 -2.43381740e-02
 -2.39626748e-03 -3.49416233e-03  2.02621471e-02 -8.61044901e-03
  1.00881767e+00  3.34624054e-06  2.86114715e-01  3.36709309e-01]
Best fitness in last gen:
7.51691756494071e-06
GA calculation time:
38532.50379872322

Initial parameters
population size = 50
number of generations = 10000
Real number of generations = 10000
elitism = 2
crossover_rate = 0.95
mutation rate = 0.01
mutation range = [3.e-02 3.e-02 3.e-02 3.e-02 3.e-02 3.e-02 3.e-02 3.e-02 3.e-02 3.e-02
 3.e-02 3.e-02 3.e-02 3.e-02 3.e-02 3.e-02 3.e-02 3.e-02 3.e-02 3.e-02
 3.e-02 3.e-02 3.e-02 3.e-02 3.e-02 3.e-02 3.e-02 3.e-02 3.e-02 3.e-02
 3.e-02 3.e-02 3.e-02 3.e-02 3.e-02 3.e-02 3.e-02 3.e-02 3.e-02 3.e-02
 3.e-02 3.e-02 3.e-02 3.e-02 3.e-02 3.e-02 3.e-02 3.e-02 3.e-02 3.e-02
 3.e-02 3.e-02 3.e-02 3.e-02 3.e-02 3.e-02 3.e-02 3.e-02 3.e-02 3.e-02
 3.e-02 3.e-02 3.e-02 3.e-02 3.e-02 3.e-02 3.e-02 3.e-02 3.e-02 3.e-02
 3.e-02 3.e-02 3.e-02 3.e-02 3.e-02 3.e-02 3.e-02 3.e-02 3.e-02 3.e-02
 3.e-02 3.e-02 3.e-02 3.e-02 3.e-02 3.e-02 3.e-02 3.e-02 3.e-02 3.e-02
 3.e-02 3.e-02 3.e-02 3.e-02 3.e-02 3.e-02 3.e-02 3.e-02 3.e-02 3.e-02
 3.e-02 3.e-02 3.e-02 3.e-02 3.e-02 3.e-02 3.e-02 3.e-02 3.e-02 3.e-02
 3.e-02 3.e-02 3.e-02 3.e-02 3.e-02 3.e-02 3.e-02 3.e-02 3.e-02 3.e-02
 2.e-02 1.e-06 2.e-02 2.e-02]
order = 5
gene ranges = [(-0.03, 0.03), (-0.03, 0.03), (-0.03, 0.03), (-0.03, 0.03), (-0.03, 0.03), (-0.03, 0.03), (-0.03, 0.03), (-0.03, 0.03), (-0.03, 0.03), (-0.03, 0.03), (-0.03, 0.03), (-0.03, 0.03), (-0.03, 0.03), (-0.03, 0.03), (-0.03, 0.03), (-0.03, 0.03), (-0.03, 0.03), (-0.03, 0.03), (-0.03, 0.03), (-0.03, 0.03), (-0.03, 0.03), (-0.03, 0.03), (-0.03, 0.03), (-0.03, 0.03), (-0.03, 0.03), (-0.03, 0.03), (-0.03, 0.03), (-0.03, 0.03), (-0.03, 0.03), (-0.03, 0.03), (-0.03, 0.03), (-0.03, 0.03), (-0.03, 0.03), (-0.03, 0.03), (-0.03, 0.03), (-0.03, 0.03), (-0.03, 0.03), (-0.03, 0.03), (-0.03, 0.03), (-0.03, 0.03), (-0.03, 0.03), (-0.03, 0.03), (-0.03, 0.03), (-0.03, 0.03), (-0.03, 0.03), (-0.03, 0.03), (-0.03, 0.03), (-0.03, 0.03), (-0.03, 0.03), (-0.03, 0.03), (-0.03, 0.03), (-0.03, 0.03), (-0.03, 0.03), (-0.03, 0.03), (-0.03, 0.03), (-0.03, 0.03), (-0.03, 0.03), (-0.03, 0.03), (-0.03, 0.03), (-0.03, 0.03), (-0.03, 0.03), (-0.03, 0.03), (-0.03, 0.03), (-0.03, 0.03), (-0.03, 0.03), (-0.03, 0.03), (-0.03, 0.03), (-0.03, 0.03), (-0.03, 0.03), (-0.03, 0.03), (-0.03, 0.03), (-0.03, 0.03), (-0.03, 0.03), (-0.03, 0.03), (-0.03, 0.03), (-0.03, 0.03), (-0.03, 0.03), (-0.03, 0.03), (-0.03, 0.03), (-0.03, 0.03), (-0.03, 0.03), (-0.03, 0.03), (-0.03, 0.03), (-0.03, 0.03), (-0.03, 0.03), (-0.03, 0.03), (-0.03, 0.03), (-0.03, 0.03), (-0.03, 0.03), (-0.03, 0.03), (-0.03, 0.03), (-0.03, 0.03), (-0.03, 0.03), (-0.03, 0.03), (-0.03, 0.03), (-0.03, 0.03), (-0.03, 0.03), (-0.03, 0.03), (-0.03, 0.03), (-0.03, 0.03), (-0.03, 0.03), (-0.03, 0.03), (-0.03, 0.03), (-0.03, 0.03), (-0.03, 0.03), (-0.03, 0.03), (-0.03, 0.03), (-0.03, 0.03), (-0.03, 0.03), (-0.03, 0.03), (-0.03, 0.03), (-0.03, 0.03), (-0.03, 0.03), (-0.03, 0.03), (-0.03, 0.03), (-0.03, 0.03), (-0.03, 0.03), (-0.03, 0.03), (-0.03, 0.03), (-0.03, 0.03), (0.98, 1.02), (-1e-05, 1e-05), (0.27, 0.31), (0.32, 0.36)]
