Best in last gen:
[ 3.53162058e-02  4.01617372e-02  2.96203827e-02 -5.73606859e-04
 -4.95359945e-02  2.99832310e-02  2.14385438e-04  1.08150818e-02
 -2.73092005e-02 -5.10978983e-02  4.64462455e-02  3.62767220e-02
  1.51924532e-02 -2.39247080e-02  3.24002048e-02  2.97309835e-02
  2.05707536e-02  5.24727387e-02 -1.66514099e-02  3.99450778e-02
  2.20847532e-02  1.02288489e-02  5.18464924e-03 -2.20722556e-02
  2.27927050e-02 -2.01026571e-02  5.17533493e-02 -2.35943185e-02
  1.39090281e-02 -3.81814793e-02 -1.09414486e-02 -3.60315727e-03
 -3.74621826e-05 -4.65145727e-02 -6.92547389e-03 -1.46174849e-02
 -2.48879694e-02  9.82226211e-03  2.41730858e-03  1.75575645e-02
 -3.22874590e-02 -2.44855128e-03 -1.58934880e-02  2.90554281e-02
 -4.53446352e-02  1.88126574e-02 -3.39836869e-02  1.13001416e-02
  9.98366171e-01  1.45097020e-07  5.78889393e-01  2.46667374e-01]
Best fitness in last gen:
3.1453684406098443e-05
GA calculation time:
5818.318223237991

Initial parameters
population size = 250
number of generations = 20000
Real number of generations = 20000
elitism = 2
crossover_rate = 0.95
mutation rate = 0.01
mutation range = [4.e-02 4.e-02 4.e-02 4.e-02 4.e-02 4.e-02 4.e-02 4.e-02 4.e-02 4.e-02
 4.e-02 4.e-02 4.e-02 4.e-02 4.e-02 4.e-02 4.e-02 4.e-02 4.e-02 4.e-02
 4.e-02 4.e-02 4.e-02 4.e-02 4.e-02 4.e-02 4.e-02 4.e-02 4.e-02 4.e-02
 4.e-02 4.e-02 4.e-02 4.e-02 4.e-02 4.e-02 4.e-02 4.e-02 4.e-02 4.e-02
 4.e-02 4.e-02 4.e-02 4.e-02 4.e-02 4.e-02 4.e-02 4.e-02 2.e-02 1.e-06
 2.e-02 2.e-02]
order = 3
gene ranges = [(-0.04, 0.04), (-0.04, 0.04), (-0.04, 0.04), (-0.04, 0.04), (-0.04, 0.04), (-0.04, 0.04), (-0.04, 0.04), (-0.04, 0.04), (-0.04, 0.04), (-0.04, 0.04), (-0.04, 0.04), (-0.04, 0.04), (-0.04, 0.04), (-0.04, 0.04), (-0.04, 0.04), (-0.04, 0.04), (-0.04, 0.04), (-0.04, 0.04), (-0.04, 0.04), (-0.04, 0.04), (-0.04, 0.04), (-0.04, 0.04), (-0.04, 0.04), (-0.04, 0.04), (-0.04, 0.04), (-0.04, 0.04), (-0.04, 0.04), (-0.04, 0.04), (-0.04, 0.04), (-0.04, 0.04), (-0.04, 0.04), (-0.04, 0.04), (-0.04, 0.04), (-0.04, 0.04), (-0.04, 0.04), (-0.04, 0.04), (-0.04, 0.04), (-0.04, 0.04), (-0.04, 0.04), (-0.04, 0.04), (-0.04, 0.04), (-0.04, 0.04), (-0.04, 0.04), (-0.04, 0.04), (-0.04, 0.04), (-0.04, 0.04), (-0.04, 0.04), (-0.04, 0.04), (0.98, 1.02), (-1e-05, 1e-05), (0.56, 0.6), (0.21, 0.25)]
