Best in last gen:
[ 4.24568321e-03  2.39470421e-02  2.69521275e-02 -3.14667068e-02
 -5.64424354e-04 -2.62196045e-03 -1.04400761e-03  9.12305617e-03
  2.73637393e-02 -1.22668442e-02  3.01585816e-02  9.54804145e-03
  8.49747186e-03 -5.16900723e-03  1.18215659e-02 -9.58903164e-03
  1.90289570e-02 -2.53824431e-03 -1.23185024e-02  1.61834355e-02
 -5.68617850e-02 -1.19085201e-02  1.96088748e-02 -1.35911205e-02
  7.45054284e-03  6.22105794e-02  3.51647549e-03  1.01461731e-02
 -8.41791561e-03 -6.25169466e-03  1.40252434e-02  1.67428345e-02
 -7.48140634e-03 -6.26571614e-03  2.87214185e-03 -1.42865109e-02
 -1.86475659e-02  6.57800512e-03  1.32054918e-02  9.42059881e-03
  1.79377090e-02  4.92137271e-03 -1.17366081e-02 -1.07077966e-02
 -3.32936328e-02 -4.07269788e-03  1.66771655e-02 -4.06497426e-03
  1.54094880e-02  5.00713441e-06  7.12020697e-03  6.84588328e-03
 -4.40891131e-03 -1.50885180e-02  2.79308281e-04 -1.31246237e-03
  1.95369231e-03  6.64053935e-04 -5.15946332e-03 -6.42863675e-03
  2.46573199e-02  1.74746905e-02 -1.01536495e-02  4.96367461e-04
 -7.23809958e-03  2.98205922e-02  5.60137495e-03 -2.94460129e-02
  1.49495636e-02  2.29911993e-03  4.52500131e-03 -2.56671135e-02
 -1.37370739e-02  5.77232326e-03 -2.89627891e-04  2.86623538e-02
 -1.46776299e-02  2.12775961e-03 -1.13708727e-02  5.44835578e-03
  2.93052991e-02 -1.04866023e-03 -5.40423236e-03 -1.72780639e-02
  4.03959526e-03 -9.11327658e-03  8.12504606e-03  2.12225151e-02
 -3.20458231e-03  2.39126270e-03  5.52303163e-03  5.95385391e-03
 -2.29538421e-02  1.36766876e-03  2.51609270e-03  1.50280359e-02
  6.55380158e-03  8.49779950e-05 -2.25474588e-02  5.52300301e-03
  9.35544433e-03 -9.97704783e-03  1.31902665e-03 -8.63570184e-03
 -8.70080577e-04 -1.91630623e-03 -2.46195131e-02 -3.71255599e-03
  6.91279113e-03  7.92667272e-03 -8.08956791e-02  3.70011689e-03
  7.00936327e-03  4.73521686e-03  5.27260550e-03 -3.47631730e-02
 -2.17285583e-02 -1.00113163e-02 -9.18282546e-03  3.29888328e-03
  1.00419437e+00  3.86440289e-06  1.21120863e+00  6.82933976e-01]
Best fitness in last gen:
0.00010017022379773609
GA calculation time:
6613.511497497559

Initial parameters
population size = 500
number of generations = 100000
Real number of generations = 3744
elitism = 2
crossover_rate = 0.95
mutation rate = 0.01
mutation range = [3.e-02 3.e-02 3.e-02 3.e-02 3.e-02 3.e-02 3.e-02 3.e-02 3.e-02 3.e-02
 3.e-02 3.e-02 3.e-02 3.e-02 3.e-02 3.e-02 3.e-02 3.e-02 3.e-02 3.e-02
 3.e-02 3.e-02 3.e-02 3.e-02 3.e-02 3.e-02 3.e-02 3.e-02 3.e-02 3.e-02
 3.e-02 3.e-02 3.e-02 3.e-02 3.e-02 3.e-02 3.e-02 3.e-02 3.e-02 3.e-02
 3.e-02 3.e-02 3.e-02 3.e-02 3.e-02 3.e-02 3.e-02 3.e-02 3.e-02 3.e-02
 3.e-02 3.e-02 3.e-02 3.e-02 3.e-02 3.e-02 3.e-02 3.e-02 3.e-02 3.e-02
 3.e-02 3.e-02 3.e-02 3.e-02 3.e-02 3.e-02 3.e-02 3.e-02 3.e-02 3.e-02
 3.e-02 3.e-02 3.e-02 3.e-02 3.e-02 3.e-02 3.e-02 3.e-02 3.e-02 3.e-02
 3.e-02 3.e-02 3.e-02 3.e-02 3.e-02 3.e-02 3.e-02 3.e-02 3.e-02 3.e-02
 3.e-02 3.e-02 3.e-02 3.e-02 3.e-02 3.e-02 3.e-02 3.e-02 3.e-02 3.e-02
 3.e-02 3.e-02 3.e-02 3.e-02 3.e-02 3.e-02 3.e-02 3.e-02 3.e-02 3.e-02
 3.e-02 3.e-02 3.e-02 3.e-02 3.e-02 3.e-02 3.e-02 3.e-02 3.e-02 3.e-02
 2.e-02 1.e-06 2.e-02 2.e-02]
order = 5
gene ranges = [(-0.03, 0.03), (-0.03, 0.03), (-0.03, 0.03), (-0.03, 0.03), (-0.03, 0.03), (-0.03, 0.03), (-0.03, 0.03), (-0.03, 0.03), (-0.03, 0.03), (-0.03, 0.03), (-0.03, 0.03), (-0.03, 0.03), (-0.03, 0.03), (-0.03, 0.03), (-0.03, 0.03), (-0.03, 0.03), (-0.03, 0.03), (-0.03, 0.03), (-0.03, 0.03), (-0.03, 0.03), (-0.03, 0.03), (-0.03, 0.03), (-0.03, 0.03), (-0.03, 0.03), (-0.03, 0.03), (-0.03, 0.03), (-0.03, 0.03), (-0.03, 0.03), (-0.03, 0.03), (-0.03, 0.03), (-0.03, 0.03), (-0.03, 0.03), (-0.03, 0.03), (-0.03, 0.03), (-0.03, 0.03), (-0.03, 0.03), (-0.03, 0.03), (-0.03, 0.03), (-0.03, 0.03), (-0.03, 0.03), (-0.03, 0.03), (-0.03, 0.03), (-0.03, 0.03), (-0.03, 0.03), (-0.03, 0.03), (-0.03, 0.03), (-0.03, 0.03), (-0.03, 0.03), (-0.03, 0.03), (-0.03, 0.03), (-0.03, 0.03), (-0.03, 0.03), (-0.03, 0.03), (-0.03, 0.03), (-0.03, 0.03), (-0.03, 0.03), (-0.03, 0.03), (-0.03, 0.03), (-0.03, 0.03), (-0.03, 0.03), (-0.03, 0.03), (-0.03, 0.03), (-0.03, 0.03), (-0.03, 0.03), (-0.03, 0.03), (-0.03, 0.03), (-0.03, 0.03), (-0.03, 0.03), (-0.03, 0.03), (-0.03, 0.03), (-0.03, 0.03), (-0.03, 0.03), (-0.03, 0.03), (-0.03, 0.03), (-0.03, 0.03), (-0.03, 0.03), (-0.03, 0.03), (-0.03, 0.03), (-0.03, 0.03), (-0.03, 0.03), (-0.03, 0.03), (-0.03, 0.03), (-0.03, 0.03), (-0.03, 0.03), (-0.03, 0.03), (-0.03, 0.03), (-0.03, 0.03), (-0.03, 0.03), (-0.03, 0.03), (-0.03, 0.03), (-0.03, 0.03), (-0.03, 0.03), (-0.03, 0.03), (-0.03, 0.03), (-0.03, 0.03), (-0.03, 0.03), (-0.03, 0.03), (-0.03, 0.03), (-0.03, 0.03), (-0.03, 0.03), (-0.03, 0.03), (-0.03, 0.03), (-0.03, 0.03), (-0.03, 0.03), (-0.03, 0.03), (-0.03, 0.03), (-0.03, 0.03), (-0.03, 0.03), (-0.03, 0.03), (-0.03, 0.03), (-0.03, 0.03), (-0.03, 0.03), (-0.03, 0.03), (-0.03, 0.03), (-0.03, 0.03), (-0.03, 0.03), (-0.03, 0.03), (-0.03, 0.03), (-0.03, 0.03), (-0.03, 0.03), (0.98, 1.02), (-1e-05, 1e-05), (1.19, 1.23), (0.66, 0.7)]