Best in last gen:
[-2.94986590e-02  6.85983332e-03  7.34269410e-03 -2.72895553e-03
  2.34467271e-02  9.02823444e-03 -1.52612800e-02 -1.28194054e-02
  2.25688781e-05  4.90488113e-02  4.58553407e-02  2.93916456e-02
 -2.69461563e-02  2.61535409e-02  6.50800815e-03  8.19555367e-02
 -6.31648375e-03  1.50366545e-02  2.43146522e-02  9.51673431e-03
  1.35654705e-03 -1.62767776e-02 -8.77703152e-03 -7.06512784e-03
  4.10469517e-02 -4.01182474e-02 -5.96115564e-02  5.60919616e-03
  3.07007990e-02  1.35407573e-02 -2.63552200e-02 -3.07175295e-02
 -2.35150903e-02 -1.56440359e-03 -1.46409699e-02 -8.57603949e-03
 -3.76069317e-02  1.78824690e-02 -2.66718607e-04  3.79752475e-02
  2.78642445e-03 -3.97226260e-03  2.95667318e-02 -2.52053308e-02
 -2.29224361e-02 -2.43021527e-02  4.16616788e-02 -1.14058639e-02
  9.99977042e-01 -2.58790582e-06  6.33247928e-01  3.42350434e-01]
Best fitness in last gen:
6.854726453564201e-05
GA calculation time:
5593.840999364853

Initial parameters
population size = 250
number of generations = 20000
Real number of generations = 20000
elitism = 2
crossover_rate = 0.95
mutation rate = 0.01
mutation range = [4.e-02 4.e-02 4.e-02 4.e-02 4.e-02 4.e-02 4.e-02 4.e-02 4.e-02 4.e-02
 4.e-02 4.e-02 4.e-02 4.e-02 4.e-02 4.e-02 4.e-02 4.e-02 4.e-02 4.e-02
 4.e-02 4.e-02 4.e-02 4.e-02 4.e-02 4.e-02 4.e-02 4.e-02 4.e-02 4.e-02
 4.e-02 4.e-02 4.e-02 4.e-02 4.e-02 4.e-02 4.e-02 4.e-02 4.e-02 4.e-02
 4.e-02 4.e-02 4.e-02 4.e-02 4.e-02 4.e-02 4.e-02 4.e-02 2.e-02 1.e-06
 2.e-02 2.e-02]
order = 3
gene ranges = [(-0.04, 0.04), (-0.04, 0.04), (-0.04, 0.04), (-0.04, 0.04), (-0.04, 0.04), (-0.04, 0.04), (-0.04, 0.04), (-0.04, 0.04), (-0.04, 0.04), (-0.04, 0.04), (-0.04, 0.04), (-0.04, 0.04), (-0.04, 0.04), (-0.04, 0.04), (-0.04, 0.04), (-0.04, 0.04), (-0.04, 0.04), (-0.04, 0.04), (-0.04, 0.04), (-0.04, 0.04), (-0.04, 0.04), (-0.04, 0.04), (-0.04, 0.04), (-0.04, 0.04), (-0.04, 0.04), (-0.04, 0.04), (-0.04, 0.04), (-0.04, 0.04), (-0.04, 0.04), (-0.04, 0.04), (-0.04, 0.04), (-0.04, 0.04), (-0.04, 0.04), (-0.04, 0.04), (-0.04, 0.04), (-0.04, 0.04), (-0.04, 0.04), (-0.04, 0.04), (-0.04, 0.04), (-0.04, 0.04), (-0.04, 0.04), (-0.04, 0.04), (-0.04, 0.04), (-0.04, 0.04), (-0.04, 0.04), (-0.04, 0.04), (-0.04, 0.04), (-0.04, 0.04), (0.98, 1.02), (-1e-05, 1e-05), (0.61, 0.65), (0.32, 0.36)]
