Best in last gen:
[-7.66212382e-02 -5.89483502e-02  5.10031591e-02  5.68148139e-02
 -8.18280514e-02 -2.32388274e-02  3.82324710e-02 -1.30683059e-02
 -1.81927723e-02  9.33144723e-02 -6.31634479e-02  5.49443750e-02
  6.02509020e-02 -6.00293305e-02 -5.66604603e-03  4.22254908e-02
 -6.53893683e-02 -2.56747562e-02 -4.60746388e-02  5.33629139e-02
 -5.94350768e-02 -2.96989232e-02  4.94984717e-02  6.11593603e-02
 -5.59968458e-02  2.01846788e-02 -8.06714903e-02  1.97450587e-02
  5.67086976e-03 -1.18716120e-02  1.80952543e-02  6.27977629e-02
  2.11922914e-02  7.43791473e-02  6.25974286e-02 -6.58982187e-02
  6.54565157e-02 -4.93937069e-02 -7.07166397e-02 -2.20898792e-02
  4.19604041e-02 -2.50547653e-02 -1.54851980e-03 -4.98407282e-02
  5.96411584e-02  5.34868416e-03 -8.34565918e-02  4.25996624e-02
 -4.17865716e-02 -4.93600608e-02  6.93664330e-02  5.51100756e-02
  1.24752879e-02 -6.02200642e-02  8.61691102e-02 -5.63157851e-02
 -2.33993741e-03 -3.82773249e-02 -4.85404018e-03  2.27837401e-02
 -1.88906209e-02  6.38814420e-03  1.04816159e-02  6.14346407e-03
 -5.07266454e-02 -6.87864420e-02  5.26123544e-02  4.57241829e-02
  5.02564354e-02 -4.22556057e-02  2.19833734e-02 -8.50441208e-02
  4.72788739e-02 -3.19724343e-02  6.57725993e-02  1.94303286e-03
 -5.94443634e-02 -2.91875628e-02 -4.28577429e-02  6.54792065e-02
  4.83532755e-02  4.91213604e-02 -1.36941900e-01 -8.42238252e-03
 -4.34904866e-02  4.28556369e-02  5.37837577e-03  6.91566612e-02
  1.25596565e-01  3.70784012e-02  3.14443892e-02  9.71404034e-03
 -2.01478998e-02  2.48549459e-02 -5.89121150e-03 -6.10388036e-02
 -7.96096517e-02  5.36848676e-02 -6.63368918e-03 -2.44699430e-02
 -2.54339524e-02  4.21456807e-02  2.59364986e-02 -3.09000046e-02
  6.78505204e-02 -3.44172809e-02  1.69702484e-02  6.95731981e-02
  1.49222485e-02  3.86449058e-02 -7.69213108e-03 -1.16847631e-02
  2.58119718e-02 -1.49285484e-03 -3.49441388e-03 -1.70913960e-02
 -3.31882797e-02 -2.13468611e-03  2.90306017e-02 -8.56758283e-02
  1.00719913e+00  4.35439074e-01  1.64075870e+00  7.38043068e-01]
Best fitness in last gen:
9.522296265398816e-09

Best in all:
[-7.66212382e-02 -5.89483502e-02  5.10031591e-02  5.68148139e-02
 -8.18280514e-02 -2.32388274e-02  3.82324710e-02 -1.30683059e-02
 -1.81927723e-02  9.33144723e-02 -6.31634479e-02  5.49443750e-02
  6.02509020e-02 -6.00293305e-02 -5.66604603e-03  4.22254908e-02
 -6.53893683e-02 -2.56747562e-02 -4.60746388e-02  5.33629139e-02
 -5.94350768e-02 -2.96989232e-02  4.94984717e-02  6.11593603e-02
 -5.59968458e-02  2.01846788e-02 -8.06714903e-02  1.97450587e-02
  5.67086976e-03 -1.18716120e-02  1.80952543e-02  6.27977629e-02
  2.11922914e-02  7.43791473e-02  6.25974286e-02 -6.58982187e-02
  6.54565157e-02 -4.93937069e-02 -7.07166397e-02 -2.20898792e-02
  4.19604041e-02 -2.50547653e-02 -1.54851980e-03 -4.98407282e-02
  5.96411584e-02  5.34868416e-03 -8.34565918e-02  4.25996624e-02
 -4.17865716e-02 -4.93600608e-02  6.93664330e-02  5.51100756e-02
  1.24752879e-02 -6.02200642e-02  8.61691102e-02 -5.63157851e-02
 -2.33993741e-03 -3.82773249e-02 -4.85404018e-03  2.27837401e-02
 -1.88906209e-02  6.38814420e-03  1.04816159e-02  6.14346407e-03
 -5.07266454e-02 -6.87864420e-02  5.26123544e-02  4.57241829e-02
  5.02564354e-02 -4.22556057e-02  2.19833734e-02 -8.50441208e-02
  4.72788739e-02 -3.19724343e-02  6.57725993e-02  1.94303286e-03
 -5.94443634e-02 -2.91875628e-02 -4.28577429e-02  6.54792065e-02
  4.83532755e-02  4.91213604e-02 -1.36941900e-01 -8.42238252e-03
 -4.34904866e-02  4.28556369e-02  5.37837577e-03  6.91566612e-02
  1.25596565e-01  3.70784012e-02  3.14443892e-02  9.71404034e-03
 -2.01478998e-02  2.48549459e-02 -5.89121150e-03 -6.10388036e-02
 -7.96096517e-02  5.36848676e-02 -6.63368918e-03 -2.44699430e-02
 -2.54339524e-02  4.21456807e-02  2.59364986e-02 -3.09000046e-02
  6.78505204e-02 -3.44172809e-02  1.69702484e-02  6.95731981e-02
  1.49222485e-02  3.86449058e-02 -7.69213108e-03 -1.16847631e-02
  2.58119718e-02 -1.49285484e-03 -3.49441388e-03 -1.70913960e-02
 -3.31882797e-02 -2.13468611e-03  2.90306017e-02 -8.56758283e-02
  1.00719913e+00  4.35439074e-01  1.64075870e+00  7.38043068e-01]
Best fitness in all:
9.522296265398816e-09

Initial parameters
population size = 10
number of generations = 10
Real number of generations = 10
elitism = 2
crossover_rate = 0.95
mutation rate = 0.007
mutation range = 0.1
order = 5
gene ranges = ((-0.1, 0.1), (0.98, 1.02), (-2, 2), (1.6, 1.8), (0.7, 0.9))
