Best in last gen:
[ 2.04159912e-03  1.23983013e-03 -1.40297165e-02 -1.88481413e-02
 -6.46246240e-03 -5.37614494e-03  5.05728338e-03  4.48844650e-03
  1.56125415e-02 -1.78019570e-02  2.17857662e-02  3.40978481e-02
 -4.77979479e-04  1.16602089e-02  1.01333719e-03  9.62008651e-03
  9.05529170e-03  5.74627614e-02 -9.99960177e-03  3.19251850e-03
 -1.16394338e-02 -2.87844718e-03  8.02766003e-03  1.21567706e-02
  3.67095689e-03  6.48096705e-02  4.71598820e-03  2.12036266e-02
  2.82111548e-02 -2.14933669e-02  1.11776114e-03 -1.57800779e-02
  2.70588507e-02  5.04039535e-03 -9.47653548e-03  1.31789690e-02
 -7.07510519e-03 -9.57130429e-03  1.58187709e-02  4.04256284e-04
 -5.21160499e-03  2.44134886e-03  1.23680013e-02 -3.02818352e-03
  7.40081445e-03  2.06533192e-03  1.40460609e-03  2.98628642e-02
  1.08901698e-03 -1.25868392e-02  2.06737770e-02  2.00495101e-03
 -1.27042317e-02 -3.81596597e-03  1.30051015e-02 -4.61227980e-03
  3.70840110e-02  1.39459684e-02 -1.56487888e-02 -6.47689473e-03
  2.04946932e-02  4.23881135e-03 -3.13029833e-02  7.34628424e-03
 -5.35333789e-03  3.23009958e-02  1.29229308e-02 -3.35390645e-02
  1.28361140e-02  3.72080401e-03  1.55824491e-02 -5.48417192e-03
 -3.25602295e-03  4.79995402e-03 -2.78726853e-03  4.79158974e-02
  3.49354384e-03 -1.43769991e-02  6.15330708e-03  1.02287532e-02
  5.11796001e-02  6.03396045e-03  9.40810946e-03 -4.73193535e-03
  1.64858449e-02 -2.20640415e-03 -2.33102784e-02  1.91425328e-02
  2.21158630e-02  1.39058242e-02  2.19012908e-02  1.71265137e-02
 -2.25503750e-02  1.29601700e-02 -1.36055465e-04  1.48344609e-02
  1.06261134e-02  5.15196918e-03 -1.15908722e-02 -9.38788201e-03
  4.81787111e-03  2.35214240e-04  3.42141264e-03 -3.35739062e-04
 -8.33872536e-03  4.03529449e-03 -2.57721538e-03  7.74441824e-03
 -3.62449650e-03  7.05169974e-03 -9.45713269e-02  2.48133350e-02
  1.16816562e-02  1.81252304e-02 -1.07135804e-02 -5.22603804e-02
 -3.20465628e-02  3.34061144e-02 -2.77829349e-04  2.99026945e-02
  9.97594518e-01  1.05170257e-06  1.20013935e+00  6.76799649e-01]
Best fitness in last gen:
6.763621509072103e-06
GA calculation time:
178791.48322415352

Initial parameters
population size = 500
number of generations = 100000
Real number of generations = 100000
elitism = 2
crossover_rate = 0.95
mutation rate = 0.01
mutation range = [3.e-02 3.e-02 3.e-02 3.e-02 3.e-02 3.e-02 3.e-02 3.e-02 3.e-02 3.e-02
 3.e-02 3.e-02 3.e-02 3.e-02 3.e-02 3.e-02 3.e-02 3.e-02 3.e-02 3.e-02
 3.e-02 3.e-02 3.e-02 3.e-02 3.e-02 3.e-02 3.e-02 3.e-02 3.e-02 3.e-02
 3.e-02 3.e-02 3.e-02 3.e-02 3.e-02 3.e-02 3.e-02 3.e-02 3.e-02 3.e-02
 3.e-02 3.e-02 3.e-02 3.e-02 3.e-02 3.e-02 3.e-02 3.e-02 3.e-02 3.e-02
 3.e-02 3.e-02 3.e-02 3.e-02 3.e-02 3.e-02 3.e-02 3.e-02 3.e-02 3.e-02
 3.e-02 3.e-02 3.e-02 3.e-02 3.e-02 3.e-02 3.e-02 3.e-02 3.e-02 3.e-02
 3.e-02 3.e-02 3.e-02 3.e-02 3.e-02 3.e-02 3.e-02 3.e-02 3.e-02 3.e-02
 3.e-02 3.e-02 3.e-02 3.e-02 3.e-02 3.e-02 3.e-02 3.e-02 3.e-02 3.e-02
 3.e-02 3.e-02 3.e-02 3.e-02 3.e-02 3.e-02 3.e-02 3.e-02 3.e-02 3.e-02
 3.e-02 3.e-02 3.e-02 3.e-02 3.e-02 3.e-02 3.e-02 3.e-02 3.e-02 3.e-02
 3.e-02 3.e-02 3.e-02 3.e-02 3.e-02 3.e-02 3.e-02 3.e-02 3.e-02 3.e-02
 2.e-02 1.e-06 2.e-02 2.e-02]
order = 5
gene ranges = [(-0.03, 0.03), (-0.03, 0.03), (-0.03, 0.03), (-0.03, 0.03), (-0.03, 0.03), (-0.03, 0.03), (-0.03, 0.03), (-0.03, 0.03), (-0.03, 0.03), (-0.03, 0.03), (-0.03, 0.03), (-0.03, 0.03), (-0.03, 0.03), (-0.03, 0.03), (-0.03, 0.03), (-0.03, 0.03), (-0.03, 0.03), (-0.03, 0.03), (-0.03, 0.03), (-0.03, 0.03), (-0.03, 0.03), (-0.03, 0.03), (-0.03, 0.03), (-0.03, 0.03), (-0.03, 0.03), (-0.03, 0.03), (-0.03, 0.03), (-0.03, 0.03), (-0.03, 0.03), (-0.03, 0.03), (-0.03, 0.03), (-0.03, 0.03), (-0.03, 0.03), (-0.03, 0.03), (-0.03, 0.03), (-0.03, 0.03), (-0.03, 0.03), (-0.03, 0.03), (-0.03, 0.03), (-0.03, 0.03), (-0.03, 0.03), (-0.03, 0.03), (-0.03, 0.03), (-0.03, 0.03), (-0.03, 0.03), (-0.03, 0.03), (-0.03, 0.03), (-0.03, 0.03), (-0.03, 0.03), (-0.03, 0.03), (-0.03, 0.03), (-0.03, 0.03), (-0.03, 0.03), (-0.03, 0.03), (-0.03, 0.03), (-0.03, 0.03), (-0.03, 0.03), (-0.03, 0.03), (-0.03, 0.03), (-0.03, 0.03), (-0.03, 0.03), (-0.03, 0.03), (-0.03, 0.03), (-0.03, 0.03), (-0.03, 0.03), (-0.03, 0.03), (-0.03, 0.03), (-0.03, 0.03), (-0.03, 0.03), (-0.03, 0.03), (-0.03, 0.03), (-0.03, 0.03), (-0.03, 0.03), (-0.03, 0.03), (-0.03, 0.03), (-0.03, 0.03), (-0.03, 0.03), (-0.03, 0.03), (-0.03, 0.03), (-0.03, 0.03), (-0.03, 0.03), (-0.03, 0.03), (-0.03, 0.03), (-0.03, 0.03), (-0.03, 0.03), (-0.03, 0.03), (-0.03, 0.03), (-0.03, 0.03), (-0.03, 0.03), (-0.03, 0.03), (-0.03, 0.03), (-0.03, 0.03), (-0.03, 0.03), (-0.03, 0.03), (-0.03, 0.03), (-0.03, 0.03), (-0.03, 0.03), (-0.03, 0.03), (-0.03, 0.03), (-0.03, 0.03), (-0.03, 0.03), (-0.03, 0.03), (-0.03, 0.03), (-0.03, 0.03), (-0.03, 0.03), (-0.03, 0.03), (-0.03, 0.03), (-0.03, 0.03), (-0.03, 0.03), (-0.03, 0.03), (-0.03, 0.03), (-0.03, 0.03), (-0.03, 0.03), (-0.03, 0.03), (-0.03, 0.03), (-0.03, 0.03), (-0.03, 0.03), (-0.03, 0.03), (-0.03, 0.03), (-0.03, 0.03), (0.98, 1.02), (-1e-05, 1e-05), (1.19, 1.23), (0.66, 0.7)]