Best in last gen:
[ 9.55385092e-03 -2.99960112e-02  2.07804091e-02 -1.73695598e-02
  4.36586230e-02  3.20647099e-02  2.77922249e-03  1.49176081e-02
  3.38178770e-02  2.62366895e-02 -1.49467401e-02  5.29348072e-02
  8.97641549e-02 -7.95779721e-03 -8.84116350e-03 -1.25687442e-02
  6.44229814e-03  6.66354131e-03  2.64693419e-02  2.98381749e-02
 -1.51590431e-02  5.52876014e-03  2.41645859e-02  4.36536852e-02
 -1.18221897e-02 -1.69040868e-03 -4.29791965e-02  2.69895678e-02
  5.58753991e-04 -2.14731133e-02 -1.05288607e-01 -4.41412268e-02
  1.99519035e-02  1.40936543e-02 -3.12883898e-02 -1.26184013e-02
  2.79212189e-02 -1.18885178e-03 -1.62001014e-02  9.78113203e-03
  7.28447578e-03  1.65001243e-02 -1.26892801e-02 -1.09650679e-02
 -3.35312254e-02  1.28019971e-02 -6.27843003e-02 -6.38775282e-03
  1.01099308e+00 -8.19980796e-07  7.52486888e-01  3.33841621e-01]
Best fitness in last gen:
1.4580535865569802e-05
GA calculation time:
6202.897510766983

Initial parameters
population size = 300
number of generations = 20000
Real number of generations = 20000
elitism = 2
crossover_rate = 0.95
mutation rate = 0.01
mutation range = [4.e-02 4.e-02 4.e-02 4.e-02 4.e-02 4.e-02 4.e-02 4.e-02 4.e-02 4.e-02
 4.e-02 4.e-02 4.e-02 4.e-02 4.e-02 4.e-02 4.e-02 4.e-02 4.e-02 4.e-02
 4.e-02 4.e-02 4.e-02 4.e-02 4.e-02 4.e-02 4.e-02 4.e-02 4.e-02 4.e-02
 4.e-02 4.e-02 4.e-02 4.e-02 4.e-02 4.e-02 4.e-02 4.e-02 4.e-02 4.e-02
 4.e-02 4.e-02 4.e-02 4.e-02 4.e-02 4.e-02 4.e-02 4.e-02 2.e-02 1.e-06
 2.e-02 2.e-02]
order = 3
gene ranges = [(-0.05, 0.05), (-0.05, 0.05), (-0.05, 0.05), (-0.05, 0.05), (-0.05, 0.05), (-0.05, 0.05), (-0.05, 0.05), (-0.05, 0.05), (-0.05, 0.05), (-0.05, 0.05), (-0.05, 0.05), (-0.05, 0.05), (-0.05, 0.05), (-0.05, 0.05), (-0.05, 0.05), (-0.05, 0.05), (-0.05, 0.05), (-0.05, 0.05), (-0.05, 0.05), (-0.05, 0.05), (-0.05, 0.05), (-0.05, 0.05), (-0.05, 0.05), (-0.05, 0.05), (-0.05, 0.05), (-0.05, 0.05), (-0.05, 0.05), (-0.05, 0.05), (-0.05, 0.05), (-0.05, 0.05), (-0.05, 0.05), (-0.05, 0.05), (-0.05, 0.05), (-0.05, 0.05), (-0.05, 0.05), (-0.05, 0.05), (-0.05, 0.05), (-0.05, 0.05), (-0.05, 0.05), (-0.05, 0.05), (-0.05, 0.05), (-0.05, 0.05), (-0.05, 0.05), (-0.05, 0.05), (-0.05, 0.05), (-0.05, 0.05), (-0.05, 0.05), (-0.05, 0.05), (0.98, 1.02), (-1e-05, 1e-05), (0.72, 0.82), (0.28, 0.38)]
