Best in last gen:
[ 3.17009927e-02  2.58791871e-02  4.05065079e-02  2.54958913e-03
 -5.60992829e-02  1.77851773e-03  6.75445388e-02  1.31728567e-02
  5.97466391e-02  1.22751053e-01  5.35866138e-02  3.57058718e-02
 -2.93732767e-02 -6.20678227e-02  5.28524724e-02 -2.18391069e-02
 -2.08579967e-02  1.55711484e-02 -4.17052092e-02  1.25576687e-02
  1.29208067e-02 -8.11201075e-03 -1.01303088e-02 -1.42794373e-02
  1.48450335e-02  2.10798077e-02 -1.19026689e-02  7.09401140e-02
  4.71119565e-02  2.06739742e-02 -8.43042469e-03  4.27204016e-02
  5.34204027e-02 -1.72098557e-02 -2.01047355e-02  8.83487408e-04
  9.62116169e-03  4.37331294e-02  4.89976434e-03  3.56042799e-02
 -1.32839621e-02  2.41616333e-03 -1.13866202e-02 -8.99623329e-02
 -3.59968944e-02  1.25570304e-01  7.96506456e-02 -3.39898557e-02
  9.57097260e-01  9.72742469e-01  6.92516974e-01  1.17782442e+00]
Best fitness in last gen:
0.00021830929437030038
GA calculation time:
10695.61796760559

Initial parameters
population size = 500
number of generations = 20000
Real number of generations = 20000
elitism = 2
crossover_rate = 0.95
mutation rate = 0.01
mutation range = [0.1  0.1  0.1  0.1  0.1  0.1  0.1  0.1  0.1  0.1  0.1  0.1  0.1  0.1
 0.1  0.1  0.1  0.1  0.1  0.1  0.1  0.1  0.1  0.1  0.1  0.1  0.1  0.1
 0.1  0.1  0.1  0.1  0.1  0.1  0.1  0.1  0.1  0.1  0.1  0.1  0.1  0.1
 0.1  0.1  0.1  0.1  0.1  0.1  0.2  0.02 0.01 0.01]
order = 3
gene ranges = [(-0.1, 0.1), (-0.1, 0.1), (-0.1, 0.1), (-0.1, 0.1), (-0.1, 0.1), (-0.1, 0.1), (-0.1, 0.1), (-0.1, 0.1), (-0.1, 0.1), (-0.1, 0.1), (-0.1, 0.1), (-0.1, 0.1), (-0.1, 0.1), (-0.1, 0.1), (-0.1, 0.1), (-0.1, 0.1), (-0.1, 0.1), (-0.1, 0.1), (-0.1, 0.1), (-0.1, 0.1), (-0.1, 0.1), (-0.1, 0.1), (-0.1, 0.1), (-0.1, 0.1), (-0.1, 0.1), (-0.1, 0.1), (-0.1, 0.1), (-0.1, 0.1), (-0.1, 0.1), (-0.1, 0.1), (-0.1, 0.1), (-0.1, 0.1), (-0.1, 0.1), (-0.1, 0.1), (-0.1, 0.1), (-0.1, 0.1), (-0.1, 0.1), (-0.1, 0.1), (-0.1, 0.1), (-0.1, 0.1), (-0.1, 0.1), (-0.1, 0.1), (-0.1, 0.1), (-0.1, 0.1), (-0.1, 0.1), (-0.1, 0.1), (-0.1, 0.1), (-0.1, 0.1), (-0.2, 0.2), (0.98, 1.02), (0.69, 0.71), (1.16, 1.18)]
