Best in last gen:
[-2.16313198e-02 -8.92858261e-02 -4.87913334e-02  1.12777970e-01
  1.06149894e-01 -7.49905425e-04  6.86076696e-02 -3.36824245e-02
 -3.22367595e-02 -9.93708328e-02  2.63991691e-02  1.20350166e-02
  2.12974859e-02 -3.54864459e-02 -1.86875638e-02  2.87855975e-02
  3.57895119e-02 -1.40544882e-02 -1.05865036e-02  2.67680044e-02
 -2.49963890e-02 -8.54203506e-02 -4.71588724e-05  8.20114608e-02
  6.59232782e-02 -7.93967538e-03 -3.91703306e-02  2.92670004e-02
 -6.70412325e-02 -3.89962943e-02  5.46073154e-02  4.43572964e-02
 -3.15440792e-02 -4.04381158e-02  3.34347150e-02  1.12371725e-02
  2.58765424e-02 -4.40897884e-02  2.50460807e-02  9.41538100e-03
 -2.14488982e-02  3.39292279e-02 -3.07326482e-03  7.13127207e-02
 -3.95117815e-02 -1.19584159e-01 -5.97794568e-02  2.48360129e-02
  1.01777153e+00 -1.26032474e+00  1.17052521e+00  6.95394358e-01]
Best fitness in last gen:
1.9932628126012508e-05

Best in all:
[-2.16313198e-02 -8.92858261e-02 -4.87913334e-02  1.12777970e-01
  1.06149894e-01 -7.49905425e-04  6.86076696e-02 -3.36824245e-02
 -3.22367595e-02 -9.93708328e-02  2.63991691e-02  1.20350166e-02
  2.12974859e-02 -3.54864459e-02 -1.86875638e-02  2.87855975e-02
  3.57895119e-02 -1.40544882e-02 -1.05865036e-02  2.67680044e-02
 -2.49963890e-02 -8.54203506e-02 -4.71588724e-05  8.20114608e-02
  6.59232782e-02 -7.93967538e-03 -3.91703306e-02  2.92670004e-02
 -6.70412325e-02 -3.89962943e-02  5.46073154e-02  4.43572964e-02
 -3.15440792e-02 -4.04381158e-02  3.34347150e-02  1.12371725e-02
  2.58765424e-02 -4.40897884e-02  2.50460807e-02  9.41538100e-03
 -2.14488982e-02  3.39292279e-02 -3.07326482e-03  7.13127207e-02
 -3.95117815e-02 -1.19584159e-01 -5.97794568e-02  2.48360129e-02
  1.01777153e+00 -1.26032474e+00  1.17052521e+00  6.95394358e-01]
Best fitness in all:
1.9932628126012508e-05
GA calculation time:
406.8331573009491

Initial parameters
population size = 25
number of generations = 10000
Real number of generations = 10000
elitism = 2
crossover_rate = 0.95
mutation rate = 0.007
mutation range = 0.1
order = 3
gene ranges = ((-0.1, 0.1), (0.98, 1.02), (-2, 2), (1.16, 1.18), (0.69, 0.71))
