Best in last gen:
[ 1.30709789e-02 -4.65878402e-03  2.08327563e-03  5.38897719e-03
  1.43367753e-02 -1.68303981e-03 -3.13418724e-03 -1.32696542e-02
 -1.08476746e-03  1.19850187e-02  1.14787331e-02  8.95826374e-03
  1.51137132e-02  3.81058272e-02 -7.84350176e-03 -1.58671396e-02
  5.29584064e-02  3.36073620e-02  5.66571884e-03 -1.51613243e-02
  4.51317102e-02  1.87916167e-02 -1.90058913e-02 -2.32856864e-03
  2.61835740e-03  7.04579435e-03 -9.85570798e-03  3.25155265e-03
  7.18152975e-03 -7.24612680e-03  2.22215667e-02  7.21159212e-03
 -1.00065984e-02  1.18312378e-02  5.00221445e-03  1.58551557e-03
  1.74594884e-02 -1.95842413e-05 -1.25255765e-02 -1.17369546e-02
 -5.99757953e-04  2.86128544e-03  1.25396547e-02 -6.77358017e-03
  5.98438054e-03 -5.74582994e-03 -1.03991003e-02  1.77518329e-03
  4.50315385e-03  2.63753832e-02 -2.52778904e-03  8.59177910e-03
 -4.27656799e-04  1.12500712e-02 -9.53450928e-03 -1.27927638e-02
  2.16128019e-03  1.65440828e-04  1.38959748e-02 -7.96524790e-04
 -1.05785709e-02  1.04263574e-02  2.93700263e-03 -1.24658378e-02
  9.37077164e-03 -1.09622720e-02 -1.39385408e-02 -1.59345615e-02
  1.08221869e-02 -9.62007435e-03  4.99609439e-03  2.18538502e-02
 -1.21338637e-02 -3.09065560e-03 -2.28941227e-02  1.61206763e-02
  9.91895887e-03 -4.16014743e-02 -2.80895118e-02  1.14448572e-02
 -4.57244605e-02 -6.03432820e-02  2.31272067e-02  5.18693921e-03
  1.56959310e-02  6.40960131e-03 -1.64046331e-03  3.88904332e-03
 -8.48284582e-03  7.96558926e-03  3.26506124e-03  3.13837094e-03
 -1.61186842e-03 -1.03291907e-02 -2.23653448e-02 -4.30681902e-05
 -1.09155710e-02  1.87539875e-02  3.59086943e-03 -4.62481948e-03
 -3.50726892e-03  4.27343734e-03  4.03501910e-03  1.46470903e-02
  1.01928799e-02 -1.15988859e-02  9.21693944e-03 -1.66680797e-02
 -2.11641547e-02 -4.27683357e-03 -1.37714039e-02 -9.97289251e-03
  1.46741626e-02  1.26032914e-02  1.26113549e-03  2.16181612e-02
 -7.45753694e-03 -1.44951849e-02  1.99146457e-03  2.07771524e-02
  9.87873666e-01 -2.43124115e-06  5.92596434e-01  1.25895953e+00]
Best fitness in last gen:
7.100942660257245e-06
GA calculation time:
154056.44182395935

Initial parameters
population size = 500
number of generations = 100000
Real number of generations = 100000
elitism = 2
crossover_rate = 0.95
mutation rate = 0.01
mutation range = [3.e-02 3.e-02 3.e-02 3.e-02 3.e-02 3.e-02 3.e-02 3.e-02 3.e-02 3.e-02
 3.e-02 3.e-02 3.e-02 3.e-02 3.e-02 3.e-02 3.e-02 3.e-02 3.e-02 3.e-02
 3.e-02 3.e-02 3.e-02 3.e-02 3.e-02 3.e-02 3.e-02 3.e-02 3.e-02 3.e-02
 3.e-02 3.e-02 3.e-02 3.e-02 3.e-02 3.e-02 3.e-02 3.e-02 3.e-02 3.e-02
 3.e-02 3.e-02 3.e-02 3.e-02 3.e-02 3.e-02 3.e-02 3.e-02 3.e-02 3.e-02
 3.e-02 3.e-02 3.e-02 3.e-02 3.e-02 3.e-02 3.e-02 3.e-02 3.e-02 3.e-02
 3.e-02 3.e-02 3.e-02 3.e-02 3.e-02 3.e-02 3.e-02 3.e-02 3.e-02 3.e-02
 3.e-02 3.e-02 3.e-02 3.e-02 3.e-02 3.e-02 3.e-02 3.e-02 3.e-02 3.e-02
 3.e-02 3.e-02 3.e-02 3.e-02 3.e-02 3.e-02 3.e-02 3.e-02 3.e-02 3.e-02
 3.e-02 3.e-02 3.e-02 3.e-02 3.e-02 3.e-02 3.e-02 3.e-02 3.e-02 3.e-02
 3.e-02 3.e-02 3.e-02 3.e-02 3.e-02 3.e-02 3.e-02 3.e-02 3.e-02 3.e-02
 3.e-02 3.e-02 3.e-02 3.e-02 3.e-02 3.e-02 3.e-02 3.e-02 3.e-02 3.e-02
 2.e-02 1.e-06 2.e-02 2.e-02]
order = 5
gene ranges = [(-0.03, 0.03), (-0.03, 0.03), (-0.03, 0.03), (-0.03, 0.03), (-0.03, 0.03), (-0.03, 0.03), (-0.03, 0.03), (-0.03, 0.03), (-0.03, 0.03), (-0.03, 0.03), (-0.03, 0.03), (-0.03, 0.03), (-0.03, 0.03), (-0.03, 0.03), (-0.03, 0.03), (-0.03, 0.03), (-0.03, 0.03), (-0.03, 0.03), (-0.03, 0.03), (-0.03, 0.03), (-0.03, 0.03), (-0.03, 0.03), (-0.03, 0.03), (-0.03, 0.03), (-0.03, 0.03), (-0.03, 0.03), (-0.03, 0.03), (-0.03, 0.03), (-0.03, 0.03), (-0.03, 0.03), (-0.03, 0.03), (-0.03, 0.03), (-0.03, 0.03), (-0.03, 0.03), (-0.03, 0.03), (-0.03, 0.03), (-0.03, 0.03), (-0.03, 0.03), (-0.03, 0.03), (-0.03, 0.03), (-0.03, 0.03), (-0.03, 0.03), (-0.03, 0.03), (-0.03, 0.03), (-0.03, 0.03), (-0.03, 0.03), (-0.03, 0.03), (-0.03, 0.03), (-0.03, 0.03), (-0.03, 0.03), (-0.03, 0.03), (-0.03, 0.03), (-0.03, 0.03), (-0.03, 0.03), (-0.03, 0.03), (-0.03, 0.03), (-0.03, 0.03), (-0.03, 0.03), (-0.03, 0.03), (-0.03, 0.03), (-0.03, 0.03), (-0.03, 0.03), (-0.03, 0.03), (-0.03, 0.03), (-0.03, 0.03), (-0.03, 0.03), (-0.03, 0.03), (-0.03, 0.03), (-0.03, 0.03), (-0.03, 0.03), (-0.03, 0.03), (-0.03, 0.03), (-0.03, 0.03), (-0.03, 0.03), (-0.03, 0.03), (-0.03, 0.03), (-0.03, 0.03), (-0.03, 0.03), (-0.03, 0.03), (-0.03, 0.03), (-0.03, 0.03), (-0.03, 0.03), (-0.03, 0.03), (-0.03, 0.03), (-0.03, 0.03), (-0.03, 0.03), (-0.03, 0.03), (-0.03, 0.03), (-0.03, 0.03), (-0.03, 0.03), (-0.03, 0.03), (-0.03, 0.03), (-0.03, 0.03), (-0.03, 0.03), (-0.03, 0.03), (-0.03, 0.03), (-0.03, 0.03), (-0.03, 0.03), (-0.03, 0.03), (-0.03, 0.03), (-0.03, 0.03), (-0.03, 0.03), (-0.03, 0.03), (-0.03, 0.03), (-0.03, 0.03), (-0.03, 0.03), (-0.03, 0.03), (-0.03, 0.03), (-0.03, 0.03), (-0.03, 0.03), (-0.03, 0.03), (-0.03, 0.03), (-0.03, 0.03), (-0.03, 0.03), (-0.03, 0.03), (-0.03, 0.03), (-0.03, 0.03), (-0.03, 0.03), (-0.03, 0.03), (-0.03, 0.03), (0.98, 1.02), (-1e-05, 1e-05), (0.56, 0.6), (1.24, 1.28)]