Best in last gen:
[-5.55244853e-02 -2.51287756e-02 -1.77072651e-02 -4.36614509e-04
  3.62386820e-02  4.42764320e-03 -3.21959885e-02  2.93652199e-02
  3.02906706e-03  3.65939867e-02  9.60322501e-03 -1.97848790e-02
  2.41973316e-02  4.55459992e-02 -3.63755647e-02  4.09395955e-03
  2.41585465e-02 -7.64229967e-03 -3.79621629e-02  3.72170000e-02
 -2.42689733e-02 -3.11901588e-02  8.81972059e-03  1.82780512e-02
 -3.19068913e-02 -5.42857031e-02 -1.58613527e-03  7.79172057e-02
 -3.48123638e-02  1.28554754e-02  1.89965284e-02 -3.00037057e-02
 -2.43849434e-02  2.60229585e-02 -8.91397956e-03 -6.64253916e-03
  2.30797151e-02  3.33792184e-02 -2.23942836e-02 -1.98659212e-02
 -4.57738352e-03 -1.37426004e-02  8.02208811e-02 -1.61962076e-01
 -6.84774896e-03 -3.32420634e-02  7.68586135e-03 -2.02750018e-02
  9.89275198e-01  8.23212342e-01  1.24347259e+00  6.36931760e-01]
Best fitness in last gen:
4.079877990185133e-05

Best in all:
[-5.55244853e-02 -2.51287756e-02 -1.77072651e-02 -4.36614509e-04
  3.62386820e-02  4.42764320e-03 -3.21959885e-02  2.93652199e-02
  3.02906706e-03  3.65939867e-02  9.60322501e-03 -1.97848790e-02
  2.41973316e-02  4.55459992e-02 -3.63755647e-02  4.09395955e-03
  2.41585465e-02 -7.64229967e-03 -3.79621629e-02  3.72170000e-02
 -2.42689733e-02 -3.11901588e-02  8.81972059e-03  1.82780512e-02
 -3.19068913e-02 -5.42857031e-02 -1.58613527e-03  7.79172057e-02
 -3.48123638e-02  1.28554754e-02  1.89965284e-02 -3.00037057e-02
 -2.43849434e-02  2.60229585e-02 -8.91397956e-03 -6.64253916e-03
  2.30797151e-02  3.33792184e-02 -2.23942836e-02 -1.98659212e-02
 -4.57738352e-03 -1.37426004e-02  8.02208811e-02 -1.61962076e-01
 -6.84774896e-03 -3.32420634e-02  7.68586135e-03 -2.02750018e-02
  9.89275198e-01  8.23212342e-01  1.24347259e+00  6.36931760e-01]
Best fitness in all:
4.079877990185133e-05
GA calculation time:
16596.93960094452

Initial parameters
population size = 500
number of generations = 30000
Real number of generations = 30000
elitism = 2
crossover_rate = 0.95
mutation rate = 0.02
mutation range = [0.1  0.1  0.1  0.1  0.1  0.1  0.1  0.1  0.1  0.1  0.1  0.1  0.1  0.1
 0.1  0.1  0.1  0.1  0.1  0.1  0.1  0.1  0.1  0.1  0.1  0.1  0.1  0.1
 0.1  0.1  0.1  0.1  0.1  0.1  0.1  0.1  0.1  0.1  0.1  0.1  0.1  0.1
 0.1  0.1  0.1  0.1  0.1  0.1  0.04 3.6  0.1  0.1 ]
order = 3
gene ranges = ((-0.05, 0.05), (0.98, 1.02), (-0.8, 0.8), (1.2, 1.3), (0.55, 0.65))