Best in last gen:
[-7.77264736e-05 -7.43253306e-04  7.06999513e-03 -4.87704105e-03
  2.27470233e-03 -4.30659312e-03  5.74436145e-03  3.68857830e-04
  2.94459332e-03 -7.16757290e-04  5.19736836e-03 -2.87994690e-04
 -3.44759381e-03  5.10792667e-03 -4.70088810e-03 -2.29273644e-03
 -1.07356386e-03 -1.20480966e-03 -7.94086795e-03 -4.44790014e-03
 -2.02703637e-03  2.44226485e-03  1.50297313e-02 -1.92488534e-03
  2.50500103e-04 -4.93974352e-02  4.65127518e-02 -3.60883680e-05
  1.72509082e-03 -2.49853780e-03 -9.54283122e-04 -1.43642455e-03
  3.12024845e-03  2.07866522e-03 -9.58248337e-04  4.47743773e-03
 -2.13066811e-03 -1.21039090e-03  3.42993057e-03  2.92291008e-03
 -8.86220754e-05  1.18192953e-03  2.52625217e-03 -2.77205138e-03
 -5.82818606e-03  1.47402455e-03  1.01149090e-02 -4.10618999e-03
 -3.09614978e-03  9.63501124e-02  1.11014847e-03 -5.64645931e-04
 -5.03193677e-03 -9.42105776e-03  2.42609690e-03 -9.22550768e-03
  4.94958407e-03 -8.09157075e-04  1.52014386e-03 -1.02280303e-02
 -3.96611079e-03 -3.62483008e-03 -1.69664686e-03 -2.26372046e-03
  9.54742863e-04  7.23165778e-04  1.23157837e-03 -2.28875213e-03
  1.41206905e-02 -2.61696903e-04  3.26542711e-03  1.69670574e-03
  1.09710927e-02 -2.34083972e-03 -1.87512619e-03  5.60371960e-04
  2.70894743e-03 -2.18900762e-03 -3.87775245e-02  2.58954139e-05
 -1.72413443e-02  2.89848551e-02  9.89021674e-04 -1.59018350e-03
 -1.05813386e-03  6.31362510e-04 -4.38824851e-03  2.77907117e-03
  3.43250632e-03  1.05396235e-02 -5.68289689e-03  1.27946532e-03
  9.32202971e-03  6.69797996e-03  1.22076620e-02 -4.80799289e-03
  1.38006392e-03 -1.76552786e-02  1.07190731e-03 -1.41210729e-03
  1.04478499e-03 -3.42422595e-03  4.30859985e-03  7.85092989e-03
  2.05856448e-03  4.42944690e-03 -9.20257426e-03  8.83234181e-04
  2.83787827e-02  2.10387815e-02 -8.06955000e-03  5.82356088e-03
  7.30573467e-03 -7.71026974e-02 -7.45334135e-03 -4.09362551e-03
  1.67810710e-03 -1.09452456e-02  4.20692073e-03  1.43319096e-03
  1.00114112e+00  5.68486739e-02  1.75307768e+00  7.98925374e-01]
Best fitness in last gen:
7.577048505944539e-08

Best in all:
[-7.77264736e-05 -7.43253306e-04  7.06999513e-03 -4.87704105e-03
  2.27470233e-03 -4.30659312e-03  5.74436145e-03  3.68857830e-04
  2.94459332e-03 -7.16757290e-04  5.19736836e-03 -2.87994690e-04
 -3.44759381e-03  5.10792667e-03 -4.70088810e-03 -2.29273644e-03
 -1.07356386e-03 -1.20480966e-03 -7.94086795e-03 -4.44790014e-03
 -2.02703637e-03  2.44226485e-03  1.50297313e-02 -1.92488534e-03
  2.50500103e-04 -4.93974352e-02  4.65127518e-02 -3.60883680e-05
  1.72509082e-03 -2.49853780e-03 -9.54283122e-04 -1.43642455e-03
  3.12024845e-03  2.07866522e-03 -9.58248337e-04  4.47743773e-03
 -2.13066811e-03 -1.21039090e-03  3.42993057e-03  2.92291008e-03
 -8.86220754e-05  1.18192953e-03  2.52625217e-03 -2.77205138e-03
 -5.82818606e-03  1.47402455e-03  1.01149090e-02 -4.10618999e-03
 -3.09614978e-03  9.63501124e-02  1.11014847e-03 -5.64645931e-04
 -5.03193677e-03 -9.42105776e-03  2.42609690e-03 -9.22550768e-03
  4.94958407e-03 -8.09157075e-04  1.52014386e-03 -1.02280303e-02
 -3.96611079e-03 -3.62483008e-03 -1.69664686e-03 -2.26372046e-03
  9.54742863e-04  7.23165778e-04  1.23157837e-03 -2.28875213e-03
  1.41206905e-02 -2.61696903e-04  3.26542711e-03  1.69670574e-03
  1.09710927e-02 -2.34083972e-03 -1.87512619e-03  5.60371960e-04
  2.70894743e-03 -2.18900762e-03 -3.87775245e-02  2.58954139e-05
 -1.72413443e-02  2.89848551e-02  9.89021674e-04 -1.59018350e-03
 -1.05813386e-03  6.31362510e-04 -4.38824851e-03  2.77907117e-03
  3.43250632e-03  1.05396235e-02 -5.68289689e-03  1.27946532e-03
  9.32202971e-03  6.69797996e-03  1.22076620e-02 -4.80799289e-03
  1.38006392e-03 -1.76552786e-02  1.07190731e-03 -1.41210729e-03
  1.04478499e-03 -3.42422595e-03  4.30859985e-03  7.85092989e-03
  2.05856448e-03  4.42944690e-03 -9.20257426e-03  8.83234181e-04
  2.83787827e-02  2.10387815e-02 -8.06955000e-03  5.82356088e-03
  7.30573467e-03 -7.71026974e-02 -7.45334135e-03 -4.09362551e-03
  1.67810710e-03 -1.09452456e-02  4.20692073e-03  1.43319096e-03
  1.00114112e+00  5.68486739e-02  1.75307768e+00  7.98925374e-01]
Best fitness in all:
7.577048505944539e-08

Initial parameters
population size = 1000
number of generations = 100
Real number of generations = 100
elitism = 2
crossover_rate = 0.95
mutation rate = 0.007
mutation range = 0.1
order = 5
gene ranges = ((-0.1, 0.1), (0.98, 1.02), (-2, 2), (1.6, 1.8), (0.7, 0.9))
