Best in last gen:
[-1.03114665e-02  2.20796133e-04 -1.33771814e-03  1.49923132e-02
 -8.85835287e-03  1.49334108e-03  6.56187222e-05 -1.98123254e-02
  1.17690233e-02 -6.60075886e-03  1.27830660e-03 -3.43859341e-03
 -4.66019265e-03  1.60490544e-04  2.10322362e-02  9.93659422e-04
  1.45921039e-02 -6.31940758e-03  8.11877647e-03  1.48084153e-02
  1.14226128e-02  1.94613065e-02 -1.18628479e-02  3.65350278e-03
  1.41978022e-03  1.24217188e-02 -1.39656503e-02 -1.18874159e-03
 -3.45472269e-02  1.64840248e-02 -2.16246317e-02  1.31962530e-02
 -7.08560641e-03  1.52932035e-02  1.80868837e-02  1.98140007e-02
 -9.88535217e-03 -3.31047708e-03  2.42507165e-02  1.16541449e-02
  6.90698375e-02 -9.98073616e-03  1.82635343e-02  1.44716362e-02
  4.56299248e-03 -4.18685132e-02 -1.92806444e-02  1.44241909e-02
 -1.40593184e-02 -3.45242085e-03  4.67254261e-03  4.49442140e-03
  2.69545956e-02  1.02237949e-03  6.02364421e-03  3.44993540e-02
  2.70691467e-02 -2.74123697e-03  2.08525759e-02  6.96434721e-03
  1.91350719e-02 -6.72555628e-03  5.36169233e-03  5.57982700e-03
  4.29452281e-03 -5.15455705e-03 -2.39624780e-03 -1.46642470e-02
  3.80649342e-03  2.37158654e-02 -9.26609794e-03 -4.07818252e-05
  2.11142953e-02 -1.05532762e-02 -7.54715911e-03  1.03889855e-02
  2.46638982e-02 -3.72655409e-02  1.55613665e-02 -1.96077676e-02
  5.05001100e-03 -3.94181637e-02 -1.54872367e-02  7.30519714e-03
  2.16605297e-02 -4.17485022e-05 -7.45380831e-03  2.97221383e-03
 -8.44877776e-03 -1.15857255e-02 -1.09144261e-02  9.26514381e-03
  1.09288805e-02  4.13477727e-03  1.45568621e-02 -1.70158389e-06
 -1.13665818e-03 -1.15309688e-02  1.48197982e-02  6.10232667e-04
 -1.61563597e-02 -4.02669244e-03 -1.66843045e-02  1.61518628e-02
  3.61676342e-04 -1.04384377e-02  1.72942875e-03  7.64474371e-03
  1.71694835e-02  1.80647078e-02 -1.51914024e-02 -2.25821848e-03
 -7.17836387e-03 -7.95081190e-03  1.30422499e-02 -3.81943324e-03
 -1.46526278e-02  9.64028240e-03  1.96389714e-02 -4.01801338e-03
  9.93803407e-01  3.15432480e-06  3.48893360e-01  2.68060178e-01]
Best fitness in last gen:
6.921051039151226e-06
GA calculation time:
3612.8571224212646

Initial parameters
population size = 200
number of generations = 10000
Real number of generations = 10000
elitism = 2
crossover_rate = 0.95
mutation rate = 0.01
mutation range = [3.e-02 3.e-02 3.e-02 3.e-02 3.e-02 3.e-02 3.e-02 3.e-02 3.e-02 3.e-02
 3.e-02 3.e-02 3.e-02 3.e-02 3.e-02 3.e-02 3.e-02 3.e-02 3.e-02 3.e-02
 3.e-02 3.e-02 3.e-02 3.e-02 3.e-02 3.e-02 3.e-02 3.e-02 3.e-02 3.e-02
 3.e-02 3.e-02 3.e-02 3.e-02 3.e-02 3.e-02 3.e-02 3.e-02 3.e-02 3.e-02
 3.e-02 3.e-02 3.e-02 3.e-02 3.e-02 3.e-02 3.e-02 3.e-02 3.e-02 3.e-02
 3.e-02 3.e-02 3.e-02 3.e-02 3.e-02 3.e-02 3.e-02 3.e-02 3.e-02 3.e-02
 3.e-02 3.e-02 3.e-02 3.e-02 3.e-02 3.e-02 3.e-02 3.e-02 3.e-02 3.e-02
 3.e-02 3.e-02 3.e-02 3.e-02 3.e-02 3.e-02 3.e-02 3.e-02 3.e-02 3.e-02
 3.e-02 3.e-02 3.e-02 3.e-02 3.e-02 3.e-02 3.e-02 3.e-02 3.e-02 3.e-02
 3.e-02 3.e-02 3.e-02 3.e-02 3.e-02 3.e-02 3.e-02 3.e-02 3.e-02 3.e-02
 3.e-02 3.e-02 3.e-02 3.e-02 3.e-02 3.e-02 3.e-02 3.e-02 3.e-02 3.e-02
 3.e-02 3.e-02 3.e-02 3.e-02 3.e-02 3.e-02 3.e-02 3.e-02 3.e-02 3.e-02
 2.e-02 1.e-06 3.e-02 3.e-02]
order = 5
gene ranges = [(-0.03, 0.03), (-0.03, 0.03), (-0.03, 0.03), (-0.03, 0.03), (-0.03, 0.03), (-0.03, 0.03), (-0.03, 0.03), (-0.03, 0.03), (-0.03, 0.03), (-0.03, 0.03), (-0.03, 0.03), (-0.03, 0.03), (-0.03, 0.03), (-0.03, 0.03), (-0.03, 0.03), (-0.03, 0.03), (-0.03, 0.03), (-0.03, 0.03), (-0.03, 0.03), (-0.03, 0.03), (-0.03, 0.03), (-0.03, 0.03), (-0.03, 0.03), (-0.03, 0.03), (-0.03, 0.03), (-0.03, 0.03), (-0.03, 0.03), (-0.03, 0.03), (-0.03, 0.03), (-0.03, 0.03), (-0.03, 0.03), (-0.03, 0.03), (-0.03, 0.03), (-0.03, 0.03), (-0.03, 0.03), (-0.03, 0.03), (-0.03, 0.03), (-0.03, 0.03), (-0.03, 0.03), (-0.03, 0.03), (-0.03, 0.03), (-0.03, 0.03), (-0.03, 0.03), (-0.03, 0.03), (-0.03, 0.03), (-0.03, 0.03), (-0.03, 0.03), (-0.03, 0.03), (-0.03, 0.03), (-0.03, 0.03), (-0.03, 0.03), (-0.03, 0.03), (-0.03, 0.03), (-0.03, 0.03), (-0.03, 0.03), (-0.03, 0.03), (-0.03, 0.03), (-0.03, 0.03), (-0.03, 0.03), (-0.03, 0.03), (-0.03, 0.03), (-0.03, 0.03), (-0.03, 0.03), (-0.03, 0.03), (-0.03, 0.03), (-0.03, 0.03), (-0.03, 0.03), (-0.03, 0.03), (-0.03, 0.03), (-0.03, 0.03), (-0.03, 0.03), (-0.03, 0.03), (-0.03, 0.03), (-0.03, 0.03), (-0.03, 0.03), (-0.03, 0.03), (-0.03, 0.03), (-0.03, 0.03), (-0.03, 0.03), (-0.03, 0.03), (-0.03, 0.03), (-0.03, 0.03), (-0.03, 0.03), (-0.03, 0.03), (-0.03, 0.03), (-0.03, 0.03), (-0.03, 0.03), (-0.03, 0.03), (-0.03, 0.03), (-0.03, 0.03), (-0.03, 0.03), (-0.03, 0.03), (-0.03, 0.03), (-0.03, 0.03), (-0.03, 0.03), (-0.03, 0.03), (-0.03, 0.03), (-0.03, 0.03), (-0.03, 0.03), (-0.03, 0.03), (-0.03, 0.03), (-0.03, 0.03), (-0.03, 0.03), (-0.03, 0.03), (-0.03, 0.03), (-0.03, 0.03), (-0.03, 0.03), (-0.03, 0.03), (-0.03, 0.03), (-0.03, 0.03), (-0.03, 0.03), (-0.03, 0.03), (-0.03, 0.03), (-0.03, 0.03), (-0.03, 0.03), (-0.03, 0.03), (-0.03, 0.03), (-0.03, 0.03), (-0.03, 0.03), (-0.03, 0.03), (0.98, 1.02), (-1e-05, 1e-05), (0.32, 0.38), (0.24, 0.3)]
