Best in last gen:
[-1.98890789e-02 -2.71061576e-02  3.56373382e-02 -3.56232604e-02
 -2.09326339e-03  1.51031132e-02  1.49348202e-02  4.69941074e-03
 -1.51984211e-02  1.01072530e-02 -1.48578464e-02  3.66123172e-02
  8.07715623e-03  3.38213036e-02 -3.99841302e-02 -4.56015960e-02
  3.86404677e-02  1.49551058e-02  1.89567815e-02 -1.11500686e-02
  7.75537412e-03  2.96922368e-02  9.71227935e-03  3.18628694e-04
  2.93287656e-02  1.78820559e-02 -1.10485849e-02  1.83555755e-03
 -2.67898228e-03  1.55032888e-02 -1.19833978e-02 -8.01871564e-03
  4.10171731e-03 -3.79151742e-02  3.36010015e-02 -1.42448381e-02
  3.64369623e-03 -1.42599018e-02  7.96325129e-03  6.73352622e-03
  1.44535802e-02 -1.14756236e-02 -6.92458237e-03 -1.22397209e-02
 -1.47937736e-02 -3.53405382e-02 -1.66467534e-02 -2.52886125e-02
  9.99274425e-01  3.35640829e-06  6.52616962e-01  7.35114656e-01]
Best fitness in last gen:
2.0515620306859367e-06
GA calculation time:
563.7425312995911

Initial parameters
population size = 250
number of generations = 2000
Real number of generations = 2000
elitism = 2
crossover_rate = 0.95
mutation rate = 0.01
mutation range = [4.e-02 4.e-02 4.e-02 4.e-02 4.e-02 4.e-02 4.e-02 4.e-02 4.e-02 4.e-02
 4.e-02 4.e-02 4.e-02 4.e-02 4.e-02 4.e-02 4.e-02 4.e-02 4.e-02 4.e-02
 4.e-02 4.e-02 4.e-02 4.e-02 4.e-02 4.e-02 4.e-02 4.e-02 4.e-02 4.e-02
 4.e-02 4.e-02 4.e-02 4.e-02 4.e-02 4.e-02 4.e-02 4.e-02 4.e-02 4.e-02
 4.e-02 4.e-02 4.e-02 4.e-02 4.e-02 4.e-02 4.e-02 4.e-02 2.e-02 1.e-06
 2.e-02 2.e-02]
order = 3
gene ranges = [(-0.04, 0.04), (-0.04, 0.04), (-0.04, 0.04), (-0.04, 0.04), (-0.04, 0.04), (-0.04, 0.04), (-0.04, 0.04), (-0.04, 0.04), (-0.04, 0.04), (-0.04, 0.04), (-0.04, 0.04), (-0.04, 0.04), (-0.04, 0.04), (-0.04, 0.04), (-0.04, 0.04), (-0.04, 0.04), (-0.04, 0.04), (-0.04, 0.04), (-0.04, 0.04), (-0.04, 0.04), (-0.04, 0.04), (-0.04, 0.04), (-0.04, 0.04), (-0.04, 0.04), (-0.04, 0.04), (-0.04, 0.04), (-0.04, 0.04), (-0.04, 0.04), (-0.04, 0.04), (-0.04, 0.04), (-0.04, 0.04), (-0.04, 0.04), (-0.04, 0.04), (-0.04, 0.04), (-0.04, 0.04), (-0.04, 0.04), (-0.04, 0.04), (-0.04, 0.04), (-0.04, 0.04), (-0.04, 0.04), (-0.04, 0.04), (-0.04, 0.04), (-0.04, 0.04), (-0.04, 0.04), (-0.04, 0.04), (-0.04, 0.04), (-0.04, 0.04), (-0.04, 0.04), (0.98, 1.02), (-1e-05, 1e-05), (0.63, 0.67), (0.71, 0.75)]
