Best in last gen:
[ 3.50004006e-02  5.06938812e-02  1.07046555e-02  2.71890307e-02
 -7.48977722e-02  5.36769989e-02  2.77528193e-02 -4.60275249e-02
 -3.54115565e-02  8.95841797e-03 -2.35605248e-02 -5.14982278e-02
 -1.78726342e-02  3.72612609e-02  2.73510102e-02 -3.56649141e-02
 -5.41383511e-02  9.69211663e-03 -8.96526433e-03 -8.67329214e-03
  1.31541012e-02  6.53081527e-02  7.46809128e-02 -6.65677686e-02
  5.96376066e-02  1.05404074e-01  6.83132887e-02 -4.72410113e-03
 -1.27231669e-02 -5.02533184e-02  1.38233415e-01  1.80288553e-02
  9.90211591e-04 -4.76930558e-02  2.76976008e-02  1.34920477e-03
 -7.91941536e-02 -1.53307240e-02  6.44373976e-03 -7.63395803e-03
  2.49750489e-02  1.76289752e-02  1.60418381e-01 -2.95902916e-02
 -8.28474373e-02 -1.05559499e-01  9.59905334e-03  3.35580482e-04
  9.88514454e-01 -9.60933546e-01  1.16931076e+00  7.07009662e-01]
Best fitness in last gen:
3.024407721185743e-06

Best in all:
[ 3.50004006e-02  5.06938812e-02  1.07046555e-02  2.71890307e-02
 -7.48977722e-02  5.36769989e-02  2.77528193e-02 -4.60275249e-02
 -3.54115565e-02  8.95841797e-03 -2.35605248e-02 -5.14982278e-02
 -1.78726342e-02  3.72612609e-02  2.73510102e-02 -3.56649141e-02
 -5.41383511e-02  9.69211663e-03 -8.96526433e-03 -8.67329214e-03
  1.31541012e-02  6.53081527e-02  7.46809128e-02 -6.65677686e-02
  5.96376066e-02  1.05404074e-01  6.83132887e-02 -4.72410113e-03
 -1.27231669e-02 -5.02533184e-02  1.38233415e-01  1.80288553e-02
  9.90211591e-04 -4.76930558e-02  2.76976008e-02  1.34920477e-03
 -7.91941536e-02 -1.53307240e-02  6.44373976e-03 -7.63395803e-03
  2.49750489e-02  1.76289752e-02  1.60418381e-01 -2.95902916e-02
 -8.28474373e-02 -1.05559499e-01  9.59905334e-03  3.35580482e-04
  9.88514454e-01 -9.60933546e-01  1.16931076e+00  7.07009662e-01]
Best fitness in all:
3.024407721185743e-06
GA calculation time:
363.57102823257446

Initial parameters
population size = 25
number of generations = 10000
Real number of generations = 10000
elitism = 2
crossover_rate = 0.95
mutation rate = 0.007
mutation range = 0.1
order = 3
gene ranges = ((-0.1, 0.1), (0.98, 1.02), (-2, 2), (1.1, 1.2), (0.7, 0.8))
