Best in last gen:
[ 3.68834466e-02  4.05974169e-04  8.13863397e-03 -3.02787977e-02
  5.29688810e-02 -4.74988667e-02 -1.25599586e-02 -4.77713049e-03
  1.25901119e-02  4.11698348e-02  2.10231898e-02 -2.92138280e-02
 -4.88493806e-02  5.12436425e-02 -3.92054074e-02 -1.42311486e-02
  3.17192945e-02  1.00245428e-02  4.27115986e-03  1.34948279e-02
  1.58743919e-02 -4.17486458e-03  2.81045046e-03 -9.23296830e-03
  6.00112991e-03  6.22439011e-03 -3.04483932e-02 -2.42726965e-02
 -1.77229115e-02 -4.15022116e-02  4.93661867e-02 -2.00632884e-02
  1.62195774e-02  1.17289845e-02  1.82671133e-02  3.36598839e-03
 -2.10143573e-03  1.86707671e-02  3.33277830e-02  2.31677336e-02
 -1.26042232e-02 -2.62854337e-03  9.74722252e-03  4.48097607e-02
  1.97161544e-02  3.24684672e-02  1.81692954e-02 -4.72937519e-04
  9.90573181e-01  1.11497189e-06  7.11229191e-01  5.57796474e-01]
Best fitness in last gen:
1.8675965494631108e-06
GA calculation time:
279.887802362442

Initial parameters
population size = 100
number of generations = 2000
Real number of generations = 2000
elitism = 2
crossover_rate = 0.95
mutation rate = 0.01
mutation range = [4.e-02 4.e-02 4.e-02 4.e-02 4.e-02 4.e-02 4.e-02 4.e-02 4.e-02 4.e-02
 4.e-02 4.e-02 4.e-02 4.e-02 4.e-02 4.e-02 4.e-02 4.e-02 4.e-02 4.e-02
 4.e-02 4.e-02 4.e-02 4.e-02 4.e-02 4.e-02 4.e-02 4.e-02 4.e-02 4.e-02
 4.e-02 4.e-02 4.e-02 4.e-02 4.e-02 4.e-02 4.e-02 4.e-02 4.e-02 4.e-02
 4.e-02 4.e-02 4.e-02 4.e-02 4.e-02 4.e-02 4.e-02 4.e-02 2.e-02 1.e-06
 2.e-02 2.e-02]
order = 3
gene ranges = [(-0.1, 0.1), (-0.1, 0.1), (-0.1, 0.1), (-0.1, 0.1), (-0.1, 0.1), (-0.1, 0.1), (-0.1, 0.1), (-0.1, 0.1), (-0.1, 0.1), (-0.1, 0.1), (-0.1, 0.1), (-0.1, 0.1), (-0.1, 0.1), (-0.1, 0.1), (-0.1, 0.1), (-0.1, 0.1), (-0.1, 0.1), (-0.1, 0.1), (-0.1, 0.1), (-0.1, 0.1), (-0.1, 0.1), (-0.1, 0.1), (-0.1, 0.1), (-0.1, 0.1), (-0.1, 0.1), (-0.1, 0.1), (-0.1, 0.1), (-0.1, 0.1), (-0.1, 0.1), (-0.1, 0.1), (-0.1, 0.1), (-0.1, 0.1), (-0.1, 0.1), (-0.1, 0.1), (-0.1, 0.1), (-0.1, 0.1), (-0.1, 0.1), (-0.1, 0.1), (-0.1, 0.1), (-0.1, 0.1), (-0.1, 0.1), (-0.1, 0.1), (-0.1, 0.1), (-0.1, 0.1), (-0.1, 0.1), (-0.1, 0.1), (-0.1, 0.1), (-0.1, 0.1), (0.98, 1.02), (-1e-05, 1e-05), (0.71, 0.75), (0.55, 0.59)]
