Best in last gen:
[-0.06538292  0.02246402  0.02123584  0.06930344 -0.04781188 -0.0627989
  0.02056409 -0.03176527 -0.04570083  0.02614316  0.11016136 -0.03830932
  0.04133598  0.00171804  0.01558007  0.08379308  0.05378091 -0.03200505
  0.02156324  0.03116771  0.00500907  0.05901234 -0.01798955 -0.09973006
  0.07877068 -0.03979504 -0.0699153   0.08827265  0.00941397 -0.0869811
  0.01779735  0.05408384 -0.07014569  0.07565924  0.01459623  0.01518421
  0.12494932 -0.0392912   0.01884791  0.01893952 -0.01629226 -0.02752331
 -0.03500995  0.04298294 -0.09136958 -0.06265039 -0.00749082 -0.08722435
  1.00426229  0.17419737  1.12660474  0.7405517 ]
Best fitness in last gen:
1.915602851391596e-05

Best in all:
[-0.06538292  0.02246402  0.02123584  0.06930344 -0.04781188 -0.0627989
  0.02056409 -0.03176527 -0.04570083  0.02614316  0.11016136 -0.03830932
  0.04133598  0.00171804  0.01558007  0.08379308  0.05378091 -0.03200505
  0.02156324  0.03116771  0.00500907  0.05901234 -0.01798955 -0.09973006
  0.07877068 -0.03979504 -0.0699153   0.08827265  0.00941397 -0.0869811
  0.01779735  0.05408384 -0.07014569  0.07565924  0.01459623  0.01518421
  0.12494932 -0.0392912   0.01884791  0.01893952 -0.01629226 -0.02752331
 -0.03500995  0.04298294 -0.09136958 -0.06265039 -0.00749082 -0.08722435
  1.00426229  0.17419737  1.12660474  0.7405517 ]
Best fitness in all:
1.915602851391596e-05
GA calculation time:
232.00319480895996

Initial parameters
population size = 15
number of generations = 10000
Real number of generations = 10000
elitism = 2
crossover_rate = 0.95
mutation rate = 0.007
mutation range = 0.1
order = 3
gene ranges = ((-0.1, 0.1), (0.98, 1.02), (-2, 2), (1.1, 1.2), (0.65, 0.75))
