Best in last gen:
[-8.66202355e-04  1.71049715e-02 -2.45997471e-02  5.13100368e-02
 -3.28979097e-03 -5.05298085e-03 -9.54223327e-03  1.88148594e-02
  4.87672217e-02 -1.78994513e-02 -1.83692759e-02  2.28130201e-02
 -1.26601474e-02  1.78747129e-02 -1.10290639e-02 -4.99718358e-03
  2.70047940e-02 -5.37712807e-02 -4.56743069e-02  5.41717215e-02
  6.95750662e-03 -2.68868953e-03 -3.24730013e-02 -1.17836799e-02
  2.07644793e-03  2.60036750e-02 -7.82505997e-03 -7.89132931e-02
 -1.38552597e-03  4.06820580e-02 -2.28123119e-02 -1.34035971e-02
  3.14611852e-02  3.51599016e-02  5.28327818e-02 -2.94468263e-02
 -2.51029708e-03 -3.32663489e-02 -2.24672262e-02  4.17518782e-02
  4.99055138e-03  1.56356639e-02 -6.47445199e-03 -5.16893144e-02
  2.89831430e-02 -4.27453944e-02 -3.86457807e-02  5.28334567e-03
  1.00331908e+00  1.12248784e-01  1.33366377e+00  5.63260352e-01]
Best fitness in last gen:
8.116065320858475e-08

Best in all:
[-8.66202355e-04  1.71049715e-02 -2.45997471e-02  5.13100368e-02
 -3.28979097e-03 -5.05298085e-03 -9.54223327e-03  1.88148594e-02
  4.87672217e-02 -1.78994513e-02 -1.83692759e-02  2.28130201e-02
 -1.26601474e-02  1.78747129e-02 -1.10290639e-02 -4.99718358e-03
  2.70047940e-02 -5.37712807e-02 -4.56743069e-02  5.41717215e-02
  6.95750662e-03 -2.68868953e-03 -3.24730013e-02 -1.17836799e-02
  2.07644793e-03  2.60036750e-02 -7.82505997e-03 -7.89132931e-02
 -1.38552597e-03  4.06820580e-02 -2.28123119e-02 -1.34035971e-02
  3.14611852e-02  3.51599016e-02  5.28327818e-02 -2.94468263e-02
 -2.51029708e-03 -3.32663489e-02 -2.24672262e-02  4.17518782e-02
  4.99055138e-03  1.56356639e-02 -6.47445199e-03 -5.16893144e-02
  2.89831430e-02 -4.27453944e-02 -3.86457807e-02  5.28334567e-03
  1.00331908e+00  1.12248784e-01  1.33366377e+00  5.63260352e-01]
Best fitness in all:
8.116065320858475e-08
GA calculation time:
4.168059825897217

Initial parameters
population size = 500
number of generations = 5
Real number of generations = 5
elitism = 2
crossover_rate = 0.95
mutation rate = 0.007
mutation range = 0.1
order = 3
gene ranges = ((-0.1, 0.1), (0.98, 1.02), (-2, 2), (1.0, 1.4), (0.5, 0.9))
