Best in last gen:
[-3.22323582e-03  5.90656896e-03 -6.88061498e-03  2.32389754e-02
  1.72759813e-03 -1.02939821e-02  1.47642418e-02  1.88041787e-02
  1.79308286e-02  9.55455934e-03  2.16590499e-03  3.15312487e-02
  3.75021631e-03 -3.65838207e-03  2.34068603e-02 -1.87538532e-02
  1.39056164e-02 -3.71122150e-03  7.69273212e-03 -1.02506868e-02
 -8.72219832e-03 -5.93044273e-03  4.23537987e-03 -3.30799619e-03
  1.17059717e-02 -6.69104794e-03  6.85356068e-03  1.78252318e-02
 -2.54121687e-02  1.93585161e-02  1.26065409e-02  2.28658115e-02
  4.61205242e-02  1.88428202e-03  4.18163566e-03  2.81944650e-03
  3.65510950e-03  1.25876391e-02 -4.02235073e-03  1.66349328e-02
  1.62014830e-02  1.10139515e-02 -7.35103669e-03 -5.62105117e-03
 -2.72103532e-02  3.21313042e-02  2.64926242e-02 -6.49031940e-04
  1.40501453e-03  4.13117773e-03 -2.86829362e-02  4.07003568e-03
 -3.53779600e-03  1.19415222e-03  3.67119036e-03 -1.89332079e-02
 -1.08478032e-02  3.69595590e-02 -1.79645660e-03 -5.72896707e-03
 -5.97754506e-03 -1.02464661e-03 -3.52375596e-02  8.09055934e-03
 -7.54659983e-03  3.90439122e-03  6.93483944e-04  2.14017023e-02
 -6.89840530e-03  8.76690688e-03  3.91762405e-03 -3.68627291e-03
 -4.96625776e-03 -4.61142905e-04  4.42954070e-03  9.67105728e-03
  4.27247599e-02 -5.06161969e-03  1.57675066e-03 -1.80131109e-02
 -2.99433586e-02  6.42473167e-04 -1.68966418e-02 -1.51174367e-03
  3.86195589e-02 -1.06482654e-02 -2.69305217e-02 -3.42201256e-03
  6.19602764e-03 -1.19055218e-02 -8.60341684e-03  1.35663282e-02
 -2.60380374e-03  1.17808607e-02  1.70724320e-03 -6.38105813e-03
 -6.21164938e-03 -8.81316141e-03 -2.09320254e-02 -1.63440348e-02
  1.97013093e-02  5.67656834e-03  8.44657599e-03  1.28440115e-02
  2.15421289e-02 -4.85823785e-05  1.08025277e-02  1.62866473e-02
  1.32896573e-03 -2.53599535e-02 -1.11763249e-04 -5.20584396e-03
  1.69089493e-03  2.28893289e-02  6.39615610e-04 -3.09204600e-02
  7.58175715e-03  1.82013638e-02 -2.13756226e-02 -5.57200924e-02
  1.00226073e+00  1.00451029e-07  7.05151647e-01  1.26028791e-01]
Best fitness in last gen:
2.317941863530287e-06
GA calculation time:
140.07435297966003

Initial parameters
population size = 50
number of generations = 1000
Real number of generations = 1000
elitism = 2
crossover_rate = 0.95
mutation rate = 0.01
mutation range = [4.e-02 4.e-02 4.e-02 4.e-02 4.e-02 4.e-02 4.e-02 4.e-02 4.e-02 4.e-02
 4.e-02 4.e-02 4.e-02 4.e-02 4.e-02 4.e-02 4.e-02 4.e-02 4.e-02 4.e-02
 4.e-02 4.e-02 4.e-02 4.e-02 4.e-02 4.e-02 4.e-02 4.e-02 4.e-02 4.e-02
 4.e-02 4.e-02 4.e-02 4.e-02 4.e-02 4.e-02 4.e-02 4.e-02 4.e-02 4.e-02
 4.e-02 4.e-02 4.e-02 4.e-02 4.e-02 4.e-02 4.e-02 4.e-02 4.e-02 4.e-02
 4.e-02 4.e-02 4.e-02 4.e-02 4.e-02 4.e-02 4.e-02 4.e-02 4.e-02 4.e-02
 4.e-02 4.e-02 4.e-02 4.e-02 4.e-02 4.e-02 4.e-02 4.e-02 4.e-02 4.e-02
 4.e-02 4.e-02 4.e-02 4.e-02 4.e-02 4.e-02 4.e-02 4.e-02 4.e-02 4.e-02
 4.e-02 4.e-02 4.e-02 4.e-02 4.e-02 4.e-02 4.e-02 4.e-02 4.e-02 4.e-02
 4.e-02 4.e-02 4.e-02 4.e-02 4.e-02 4.e-02 4.e-02 4.e-02 4.e-02 4.e-02
 4.e-02 4.e-02 4.e-02 4.e-02 4.e-02 4.e-02 4.e-02 4.e-02 4.e-02 4.e-02
 4.e-02 4.e-02 4.e-02 4.e-02 4.e-02 4.e-02 4.e-02 4.e-02 4.e-02 4.e-02
 2.e-02 1.e-06 2.e-02 2.e-02]
order = 5
gene ranges = [(-0.04, 0.04), (-0.04, 0.04), (-0.04, 0.04), (-0.04, 0.04), (-0.04, 0.04), (-0.04, 0.04), (-0.04, 0.04), (-0.04, 0.04), (-0.04, 0.04), (-0.04, 0.04), (-0.04, 0.04), (-0.04, 0.04), (-0.04, 0.04), (-0.04, 0.04), (-0.04, 0.04), (-0.04, 0.04), (-0.04, 0.04), (-0.04, 0.04), (-0.04, 0.04), (-0.04, 0.04), (-0.04, 0.04), (-0.04, 0.04), (-0.04, 0.04), (-0.04, 0.04), (-0.04, 0.04), (-0.04, 0.04), (-0.04, 0.04), (-0.04, 0.04), (-0.04, 0.04), (-0.04, 0.04), (-0.04, 0.04), (-0.04, 0.04), (-0.04, 0.04), (-0.04, 0.04), (-0.04, 0.04), (-0.04, 0.04), (-0.04, 0.04), (-0.04, 0.04), (-0.04, 0.04), (-0.04, 0.04), (-0.04, 0.04), (-0.04, 0.04), (-0.04, 0.04), (-0.04, 0.04), (-0.04, 0.04), (-0.04, 0.04), (-0.04, 0.04), (-0.04, 0.04), (-0.04, 0.04), (-0.04, 0.04), (-0.04, 0.04), (-0.04, 0.04), (-0.04, 0.04), (-0.04, 0.04), (-0.04, 0.04), (-0.04, 0.04), (-0.04, 0.04), (-0.04, 0.04), (-0.04, 0.04), (-0.04, 0.04), (-0.04, 0.04), (-0.04, 0.04), (-0.04, 0.04), (-0.04, 0.04), (-0.04, 0.04), (-0.04, 0.04), (-0.04, 0.04), (-0.04, 0.04), (-0.04, 0.04), (-0.04, 0.04), (-0.04, 0.04), (-0.04, 0.04), (-0.04, 0.04), (-0.04, 0.04), (-0.04, 0.04), (-0.04, 0.04), (-0.04, 0.04), (-0.04, 0.04), (-0.04, 0.04), (-0.04, 0.04), (-0.04, 0.04), (-0.04, 0.04), (-0.04, 0.04), (-0.04, 0.04), (-0.04, 0.04), (-0.04, 0.04), (-0.04, 0.04), (-0.04, 0.04), (-0.04, 0.04), (-0.04, 0.04), (-0.04, 0.04), (-0.04, 0.04), (-0.04, 0.04), (-0.04, 0.04), (-0.04, 0.04), (-0.04, 0.04), (-0.04, 0.04), (-0.04, 0.04), (-0.04, 0.04), (-0.04, 0.04), (-0.04, 0.04), (-0.04, 0.04), (-0.04, 0.04), (-0.04, 0.04), (-0.04, 0.04), (-0.04, 0.04), (-0.04, 0.04), (-0.04, 0.04), (-0.04, 0.04), (-0.04, 0.04), (-0.04, 0.04), (-0.04, 0.04), (-0.04, 0.04), (-0.04, 0.04), (-0.04, 0.04), (-0.04, 0.04), (-0.04, 0.04), (-0.04, 0.04), (-0.04, 0.04), (-0.04, 0.04), (0.98, 1.02), (-1e-05, 1e-05), (0.68, 0.72), (0.1, 0.14)]
