Best in last gen:
[-5.85701016e-03 -2.10178927e-02  8.85242603e-03  6.76513763e-02
  6.45926736e-02  3.75282456e-02  3.67537297e-02  2.56863464e-02
 -2.18994797e-02  3.44787717e-02  8.69199128e-02  4.12302989e-03
 -4.07589437e-02  4.93998092e-02  1.63488738e-02 -1.63872788e-02
 -2.85738619e-02 -6.28918661e-03  1.05631517e-03  9.85452272e-03
 -2.38841185e-02  6.74213772e-03 -2.01870282e-03 -2.86369950e-02
 -2.26309883e-02 -6.32686474e-04 -5.13476056e-02 -9.52010603e-03
  2.10972293e-02 -4.52681416e-02 -4.19676288e-02 -3.25732487e-02
  1.69833131e-02  1.55477934e-02 -1.36031347e-02  1.09788966e-02
 -4.60232349e-02 -1.79786041e-02  3.02568066e-03  3.51699273e-02
 -3.11834098e-04  1.92147761e-02 -5.19270752e-02 -4.21031713e-02
  2.26739580e-02  2.88884492e-02  6.92390865e-03 -2.22310913e-03
  9.80911301e-01 -5.44755075e-02  6.01211688e-01  1.26866835e+00]
Best fitness in last gen:
0.0001312064358849662

Best in all:
[-5.85701016e-03 -2.10178927e-02  8.85242603e-03  6.76513763e-02
  6.45926736e-02  3.75282456e-02  3.67537297e-02  2.56863464e-02
 -2.18994797e-02  3.44787717e-02  8.69199128e-02  4.12302989e-03
 -4.07589437e-02  4.93998092e-02  1.63488738e-02 -1.63872788e-02
 -2.85738619e-02 -6.28918661e-03  1.05631517e-03  9.85452272e-03
 -2.38841185e-02  6.74213772e-03 -2.01870282e-03 -2.86369950e-02
 -2.26309883e-02 -6.32686474e-04 -5.13476056e-02 -9.52010603e-03
  2.10972293e-02 -4.52681416e-02 -4.19676288e-02 -3.25732487e-02
  1.69833131e-02  1.55477934e-02 -1.36031347e-02  1.09788966e-02
 -4.60232349e-02 -1.79786041e-02  3.02568066e-03  3.51699273e-02
 -3.11834098e-04  1.92147761e-02 -5.19270752e-02 -4.21031713e-02
  2.26739580e-02  2.88884492e-02  6.92390865e-03 -2.22310913e-03
  9.80911301e-01 -5.44755075e-02  6.01211688e-01  1.26866835e+00]
Best fitness in all:
0.0001312064358849662
GA calculation time:
16694.964320898056

Initial parameters
population size = 500
number of generations = 30000
Real number of generations = 30000
elitism = 2
crossover_rate = 0.95
mutation rate = 0.02
mutation range = [0.1  0.1  0.1  0.1  0.1  0.1  0.1  0.1  0.1  0.1  0.1  0.1  0.1  0.1
 0.1  0.1  0.1  0.1  0.1  0.1  0.1  0.1  0.1  0.1  0.1  0.1  0.1  0.1
 0.1  0.1  0.1  0.1  0.1  0.1  0.1  0.1  0.1  0.1  0.1  0.1  0.1  0.1
 0.1  0.1  0.1  0.1  0.1  0.1  0.04 3.6  0.1  0.1 ]
order = 3
gene ranges = ((-0.05, 0.05), (0.98, 1.02), (-0.8, 0.8), (0.55, 0.65), (1.2, 1.3))