Best in last gen:
[ 2.47520692e-02  1.69509609e-02  1.25157599e-02 -4.21376702e-03
  1.07475373e-03 -5.00962195e-03  9.76144948e-03  1.41119472e-02
  2.11901520e-03  7.50493901e-03  3.49524854e-02  3.42276345e-02
  1.68268778e-02  2.72454982e-03  7.22139262e-03 -4.34610036e-03
  6.75065894e-02  2.34878082e-02  5.38796119e-03  9.74729323e-03
 -3.87443796e-02  7.56014039e-03 -1.17036665e-02  1.53399799e-02
  1.16564160e-02  5.44168696e-02 -9.70340324e-04  1.94141363e-02
  7.09292791e-03  5.75674355e-03  1.64135043e-02  1.71416767e-02
  8.40409696e-03 -1.17860859e-02 -1.18202190e-02  8.64865606e-03
  1.50274602e-03  1.78896627e-03  1.27101391e-02 -8.66517839e-03
 -7.84053985e-03  5.34371940e-03 -1.72510188e-02 -1.05932152e-02
  1.06250646e-02  6.85688767e-03  1.31200534e-02 -1.00078923e-02
 -7.56827646e-03  9.03651771e-04  2.57580913e-02  1.40807751e-02
 -3.39464377e-03  4.13495262e-03  5.79114092e-03  6.53505625e-03
  2.03991802e-02  1.99091626e-02 -3.78595290e-02  1.51416450e-02
  7.10631038e-03  1.44167022e-02 -1.20840081e-04 -7.81432570e-03
 -5.02075383e-03  3.67104672e-02  7.73446119e-03 -1.89636475e-02
  1.10388304e-02  6.91479084e-03  1.48430500e-02 -2.24230490e-02
  2.95017970e-03  1.70501805e-02 -9.60636651e-03  3.31051570e-02
 -1.26744735e-02 -6.52586904e-03 -1.38332225e-02 -5.50839965e-03
  2.59380644e-02  1.37884794e-03 -3.69838099e-03 -1.05095240e-02
  3.57937389e-03 -7.58408870e-03  1.03627076e-02  1.08318895e-02
 -2.39687663e-03 -4.61323117e-03 -1.54733726e-02 -5.43858674e-03
 -7.76687054e-03 -9.68292482e-04  1.54743217e-05 -5.39055845e-03
 -1.69634723e-03  5.26781517e-03  1.37172211e-03 -9.29260425e-03
  9.59416725e-03  2.41947061e-03  4.24085402e-03  1.26208169e-02
 -9.52331057e-03  1.32955119e-02  6.00700449e-03  4.73071557e-03
 -6.92131269e-03 -5.35659623e-03 -6.57780408e-02  1.59464568e-02
 -1.27515093e-02  4.30807875e-03  1.83978006e-02 -4.87489910e-02
 -4.39480371e-02  3.36689387e-02 -3.41156415e-02  4.58403494e-03
  1.00399094e+00  1.72076134e-06  1.21946265e+00  6.77066155e-01]
Best fitness in last gen:
1.606277259921523e-05
GA calculation time:
8388.144072532654

Initial parameters
population size = 20
number of generations = 100000
Real number of generations = 100000
elitism = 2
crossover_rate = 0.95
mutation rate = 0.01
mutation range = [1.e-02 1.e-02 1.e-02 1.e-02 1.e-02 1.e-02 1.e-02 1.e-02 1.e-02 1.e-02
 1.e-02 1.e-02 1.e-02 1.e-02 1.e-02 1.e-02 1.e-02 1.e-02 1.e-02 1.e-02
 1.e-02 1.e-02 1.e-02 1.e-02 1.e-02 1.e-02 1.e-02 1.e-02 1.e-02 1.e-02
 1.e-02 1.e-02 1.e-02 1.e-02 1.e-02 1.e-02 1.e-02 1.e-02 1.e-02 1.e-02
 1.e-02 1.e-02 1.e-02 1.e-02 1.e-02 1.e-02 1.e-02 1.e-02 1.e-02 1.e-02
 1.e-02 1.e-02 1.e-02 1.e-02 1.e-02 1.e-02 1.e-02 1.e-02 1.e-02 1.e-02
 1.e-02 1.e-02 1.e-02 1.e-02 1.e-02 1.e-02 1.e-02 1.e-02 1.e-02 1.e-02
 1.e-02 1.e-02 1.e-02 1.e-02 1.e-02 1.e-02 1.e-02 1.e-02 1.e-02 1.e-02
 1.e-02 1.e-02 1.e-02 1.e-02 1.e-02 1.e-02 1.e-02 1.e-02 1.e-02 1.e-02
 1.e-02 1.e-02 1.e-02 1.e-02 1.e-02 1.e-02 1.e-02 1.e-02 1.e-02 1.e-02
 1.e-02 1.e-02 1.e-02 1.e-02 1.e-02 1.e-02 1.e-02 1.e-02 1.e-02 1.e-02
 1.e-02 1.e-02 1.e-02 1.e-02 1.e-02 1.e-02 1.e-02 1.e-02 1.e-02 1.e-02
 2.e-02 1.e-06 2.e-02 2.e-02]
order = 5
gene ranges = [(-0.03, 0.03), (-0.03, 0.03), (-0.03, 0.03), (-0.03, 0.03), (-0.03, 0.03), (-0.03, 0.03), (-0.03, 0.03), (-0.03, 0.03), (-0.03, 0.03), (-0.03, 0.03), (-0.03, 0.03), (-0.03, 0.03), (-0.03, 0.03), (-0.03, 0.03), (-0.03, 0.03), (-0.03, 0.03), (-0.03, 0.03), (-0.03, 0.03), (-0.03, 0.03), (-0.03, 0.03), (-0.03, 0.03), (-0.03, 0.03), (-0.03, 0.03), (-0.03, 0.03), (-0.03, 0.03), (-0.03, 0.03), (-0.03, 0.03), (-0.03, 0.03), (-0.03, 0.03), (-0.03, 0.03), (-0.03, 0.03), (-0.03, 0.03), (-0.03, 0.03), (-0.03, 0.03), (-0.03, 0.03), (-0.03, 0.03), (-0.03, 0.03), (-0.03, 0.03), (-0.03, 0.03), (-0.03, 0.03), (-0.03, 0.03), (-0.03, 0.03), (-0.03, 0.03), (-0.03, 0.03), (-0.03, 0.03), (-0.03, 0.03), (-0.03, 0.03), (-0.03, 0.03), (-0.03, 0.03), (-0.03, 0.03), (-0.03, 0.03), (-0.03, 0.03), (-0.03, 0.03), (-0.03, 0.03), (-0.03, 0.03), (-0.03, 0.03), (-0.03, 0.03), (-0.03, 0.03), (-0.03, 0.03), (-0.03, 0.03), (-0.03, 0.03), (-0.03, 0.03), (-0.03, 0.03), (-0.03, 0.03), (-0.03, 0.03), (-0.03, 0.03), (-0.03, 0.03), (-0.03, 0.03), (-0.03, 0.03), (-0.03, 0.03), (-0.03, 0.03), (-0.03, 0.03), (-0.03, 0.03), (-0.03, 0.03), (-0.03, 0.03), (-0.03, 0.03), (-0.03, 0.03), (-0.03, 0.03), (-0.03, 0.03), (-0.03, 0.03), (-0.03, 0.03), (-0.03, 0.03), (-0.03, 0.03), (-0.03, 0.03), (-0.03, 0.03), (-0.03, 0.03), (-0.03, 0.03), (-0.03, 0.03), (-0.03, 0.03), (-0.03, 0.03), (-0.03, 0.03), (-0.03, 0.03), (-0.03, 0.03), (-0.03, 0.03), (-0.03, 0.03), (-0.03, 0.03), (-0.03, 0.03), (-0.03, 0.03), (-0.03, 0.03), (-0.03, 0.03), (-0.03, 0.03), (-0.03, 0.03), (-0.03, 0.03), (-0.03, 0.03), (-0.03, 0.03), (-0.03, 0.03), (-0.03, 0.03), (-0.03, 0.03), (-0.03, 0.03), (-0.03, 0.03), (-0.03, 0.03), (-0.03, 0.03), (-0.03, 0.03), (-0.03, 0.03), (-0.03, 0.03), (-0.03, 0.03), (-0.03, 0.03), (-0.03, 0.03), (-0.03, 0.03), (-0.03, 0.03), (0.98, 1.02), (-1e-05, 1e-05), (1.19, 1.23), (0.66, 0.7)]
