Best in last gen:
[-1.87220390e-02 -4.02410379e-03  3.75632558e-02  2.35854703e-02
 -3.95234642e-02  3.21863799e-02  2.09799357e-02 -1.21241618e-02
 -2.83026817e-02  2.34796466e-02  6.58801567e-03 -2.52016606e-03
 -1.18091820e-02  1.33711839e-02  6.59802886e-02  2.56324772e-02
  5.90758552e-03  1.28117155e-02  1.46747636e-02  2.87786367e-02
  1.18965012e-02 -1.95869522e-02  3.57179608e-02 -2.48491598e-02
 -6.94938097e-03 -1.16512401e-02 -4.30881071e-02  6.42639744e-03
 -2.91683083e-02  1.29800193e-02  4.87725972e-02  2.46581323e-02
 -1.76308557e-02 -3.70740041e-02  1.27711466e-02 -2.62848614e-02
 -4.11848319e-02  1.24252528e-02 -2.76147840e-02 -1.45017828e-02
  4.23340180e-02  6.04454349e-03 -5.85351936e-02  4.15767067e-03
  1.95571197e-02  1.79756835e-02  5.57291820e-02 -1.75502734e-03
  1.00128018e+00 -1.36573402e-06  7.45900671e-01  5.71804875e-01]
Best fitness in last gen:
1.6685171632237964e-06
GA calculation time:
98.61818718910217

Initial parameters
population size = 25
number of generations = 2000
Real number of generations = 2000
elitism = 2
crossover_rate = 0.95
mutation rate = 0.01
mutation range = [4.e-02 4.e-02 4.e-02 4.e-02 4.e-02 4.e-02 4.e-02 4.e-02 4.e-02 4.e-02
 4.e-02 4.e-02 4.e-02 4.e-02 4.e-02 4.e-02 4.e-02 4.e-02 4.e-02 4.e-02
 4.e-02 4.e-02 4.e-02 4.e-02 4.e-02 4.e-02 4.e-02 4.e-02 4.e-02 4.e-02
 4.e-02 4.e-02 4.e-02 4.e-02 4.e-02 4.e-02 4.e-02 4.e-02 4.e-02 4.e-02
 4.e-02 4.e-02 4.e-02 4.e-02 4.e-02 4.e-02 4.e-02 4.e-02 2.e-02 1.e-06
 2.e-02 2.e-02]
order = 3
gene ranges = [(-0.1, 0.1), (-0.1, 0.1), (-0.1, 0.1), (-0.1, 0.1), (-0.1, 0.1), (-0.1, 0.1), (-0.1, 0.1), (-0.1, 0.1), (-0.1, 0.1), (-0.1, 0.1), (-0.1, 0.1), (-0.1, 0.1), (-0.1, 0.1), (-0.1, 0.1), (-0.1, 0.1), (-0.1, 0.1), (-0.1, 0.1), (-0.1, 0.1), (-0.1, 0.1), (-0.1, 0.1), (-0.1, 0.1), (-0.1, 0.1), (-0.1, 0.1), (-0.1, 0.1), (-0.1, 0.1), (-0.1, 0.1), (-0.1, 0.1), (-0.1, 0.1), (-0.1, 0.1), (-0.1, 0.1), (-0.1, 0.1), (-0.1, 0.1), (-0.1, 0.1), (-0.1, 0.1), (-0.1, 0.1), (-0.1, 0.1), (-0.1, 0.1), (-0.1, 0.1), (-0.1, 0.1), (-0.1, 0.1), (-0.1, 0.1), (-0.1, 0.1), (-0.1, 0.1), (-0.1, 0.1), (-0.1, 0.1), (-0.1, 0.1), (-0.1, 0.1), (-0.1, 0.1), (0.98, 1.02), (-1e-05, 1e-05), (0.71, 0.75), (0.55, 0.59)]
