Best in last gen:
[ 3.80216202e-03  1.56056465e-03 -9.17153748e-03 -4.34168954e-03
  1.23074992e-02  2.42301675e-02 -9.56142452e-03  9.08386899e-03
 -7.15982197e-03 -2.01484704e-02  2.02041138e-02  3.51665642e-02
 -1.56132806e-03  9.09199803e-03  3.43183826e-02 -1.49302015e-02
  1.08424595e-02  5.15832382e-02  7.33544003e-03 -1.77359607e-02
  1.83869201e-02 -1.16744533e-02 -2.27619084e-02  3.95351500e-03
 -1.73399943e-02  1.26820673e-02 -5.36045442e-04  2.64906743e-02
  1.48553194e-02 -3.28184917e-03 -6.15164255e-03  9.58157852e-03
 -2.10114703e-02  2.07708531e-03 -2.88976797e-02  2.98388050e-02
 -1.13192984e-02  3.06091275e-03 -2.06350311e-02  3.82208046e-02
  1.85309733e-03 -1.14541639e-02 -1.66135320e-04  2.62789740e-02
 -5.72021948e-04  7.61197913e-03  1.42474091e-02 -2.93085184e-03
 -3.31815002e-03  1.31887795e-02  8.97793774e-03  2.76003318e-02
 -9.52254594e-03  1.39503895e-02 -1.43627894e-02 -8.81422700e-03
  3.97354500e-02 -1.47725707e-03  2.93690331e-03 -1.19327209e-03
  2.91706010e-02 -7.32351007e-03 -2.04267629e-02 -2.72495059e-03
 -1.72957070e-04  5.02265919e-02  1.00857521e-02 -6.63506248e-03
  1.69198315e-02 -1.30349152e-03 -6.64858741e-03 -5.42924141e-03
  2.19991318e-02 -7.33703112e-03 -6.20823601e-03 -1.21729593e-02
 -7.70843280e-03 -1.18459437e-04 -2.27714433e-02 -2.75700481e-02
 -4.91321854e-02  4.18596728e-03 -1.85164730e-02  1.99169023e-03
 -1.75647132e-02 -4.26654927e-03 -2.68047285e-02  1.24965813e-02
 -1.46136548e-02  1.28896461e-02 -1.06414934e-02 -5.28075890e-03
 -1.40788973e-02  9.10543958e-03  8.42815421e-03 -5.76989602e-03
 -8.69784706e-03 -3.00753636e-03  9.28330071e-03 -4.17856727e-03
  2.69251471e-02 -7.15529281e-03  1.80177325e-02 -7.22344533e-03
  1.79154312e-02  5.46814808e-03 -8.90090290e-03 -4.21478553e-03
  1.88139191e-02  2.34519503e-03 -9.57523112e-03 -2.67232318e-02
  9.76340594e-03  3.50495008e-03  2.23028314e-03 -5.98849985e-04
  2.56427872e-02  2.08901954e-02 -2.66228602e-03  1.82470890e-02
  1.01659064e+00 -3.30370826e-08  1.24567165e+00  6.07299789e-01]
Best fitness in last gen:
0.00010098065121897886
GA calculation time:
12289.93999004364

Initial parameters
population size = 500
number of generations = 40000
Real number of generations = 7809
elitism = 2
crossover_rate = 0.95
mutation rate = 0.01
mutation range = [3.e-02 3.e-02 3.e-02 3.e-02 3.e-02 3.e-02 3.e-02 3.e-02 3.e-02 3.e-02
 3.e-02 3.e-02 3.e-02 3.e-02 3.e-02 3.e-02 3.e-02 3.e-02 3.e-02 3.e-02
 3.e-02 3.e-02 3.e-02 3.e-02 3.e-02 3.e-02 3.e-02 3.e-02 3.e-02 3.e-02
 3.e-02 3.e-02 3.e-02 3.e-02 3.e-02 3.e-02 3.e-02 3.e-02 3.e-02 3.e-02
 3.e-02 3.e-02 3.e-02 3.e-02 3.e-02 3.e-02 3.e-02 3.e-02 3.e-02 3.e-02
 3.e-02 3.e-02 3.e-02 3.e-02 3.e-02 3.e-02 3.e-02 3.e-02 3.e-02 3.e-02
 3.e-02 3.e-02 3.e-02 3.e-02 3.e-02 3.e-02 3.e-02 3.e-02 3.e-02 3.e-02
 3.e-02 3.e-02 3.e-02 3.e-02 3.e-02 3.e-02 3.e-02 3.e-02 3.e-02 3.e-02
 3.e-02 3.e-02 3.e-02 3.e-02 3.e-02 3.e-02 3.e-02 3.e-02 3.e-02 3.e-02
 3.e-02 3.e-02 3.e-02 3.e-02 3.e-02 3.e-02 3.e-02 3.e-02 3.e-02 3.e-02
 3.e-02 3.e-02 3.e-02 3.e-02 3.e-02 3.e-02 3.e-02 3.e-02 3.e-02 3.e-02
 3.e-02 3.e-02 3.e-02 3.e-02 3.e-02 3.e-02 3.e-02 3.e-02 3.e-02 3.e-02
 2.e-02 1.e-06 2.e-02 2.e-02]
order = 5
gene ranges = [(-0.03, 0.03), (-0.03, 0.03), (-0.03, 0.03), (-0.03, 0.03), (-0.03, 0.03), (-0.03, 0.03), (-0.03, 0.03), (-0.03, 0.03), (-0.03, 0.03), (-0.03, 0.03), (-0.03, 0.03), (-0.03, 0.03), (-0.03, 0.03), (-0.03, 0.03), (-0.03, 0.03), (-0.03, 0.03), (-0.03, 0.03), (-0.03, 0.03), (-0.03, 0.03), (-0.03, 0.03), (-0.03, 0.03), (-0.03, 0.03), (-0.03, 0.03), (-0.03, 0.03), (-0.03, 0.03), (-0.03, 0.03), (-0.03, 0.03), (-0.03, 0.03), (-0.03, 0.03), (-0.03, 0.03), (-0.03, 0.03), (-0.03, 0.03), (-0.03, 0.03), (-0.03, 0.03), (-0.03, 0.03), (-0.03, 0.03), (-0.03, 0.03), (-0.03, 0.03), (-0.03, 0.03), (-0.03, 0.03), (-0.03, 0.03), (-0.03, 0.03), (-0.03, 0.03), (-0.03, 0.03), (-0.03, 0.03), (-0.03, 0.03), (-0.03, 0.03), (-0.03, 0.03), (-0.03, 0.03), (-0.03, 0.03), (-0.03, 0.03), (-0.03, 0.03), (-0.03, 0.03), (-0.03, 0.03), (-0.03, 0.03), (-0.03, 0.03), (-0.03, 0.03), (-0.03, 0.03), (-0.03, 0.03), (-0.03, 0.03), (-0.03, 0.03), (-0.03, 0.03), (-0.03, 0.03), (-0.03, 0.03), (-0.03, 0.03), (-0.03, 0.03), (-0.03, 0.03), (-0.03, 0.03), (-0.03, 0.03), (-0.03, 0.03), (-0.03, 0.03), (-0.03, 0.03), (-0.03, 0.03), (-0.03, 0.03), (-0.03, 0.03), (-0.03, 0.03), (-0.03, 0.03), (-0.03, 0.03), (-0.03, 0.03), (-0.03, 0.03), (-0.03, 0.03), (-0.03, 0.03), (-0.03, 0.03), (-0.03, 0.03), (-0.03, 0.03), (-0.03, 0.03), (-0.03, 0.03), (-0.03, 0.03), (-0.03, 0.03), (-0.03, 0.03), (-0.03, 0.03), (-0.03, 0.03), (-0.03, 0.03), (-0.03, 0.03), (-0.03, 0.03), (-0.03, 0.03), (-0.03, 0.03), (-0.03, 0.03), (-0.03, 0.03), (-0.03, 0.03), (-0.03, 0.03), (-0.03, 0.03), (-0.03, 0.03), (-0.03, 0.03), (-0.03, 0.03), (-0.03, 0.03), (-0.03, 0.03), (-0.03, 0.03), (-0.03, 0.03), (-0.03, 0.03), (-0.03, 0.03), (-0.03, 0.03), (-0.03, 0.03), (-0.03, 0.03), (-0.03, 0.03), (-0.03, 0.03), (-0.03, 0.03), (-0.03, 0.03), (-0.03, 0.03), (-0.03, 0.03), (0.98, 1.02), (-1e-05, 1e-05), (1.24, 1.28), (0.56, 0.6)]