Best in last gen:
[-7.42375358e-04  4.54411536e-03 -2.37172255e-03 -6.00354643e-03
  5.72404282e-03 -7.30333627e-03 -7.33837468e-04  1.75660876e-03
 -1.30827782e-03 -1.52119136e-03  1.48361198e-03  7.69544594e-03
 -1.39848414e-03 -7.10774218e-03 -3.29282476e-03  7.05907082e-03
  5.77294670e-04  4.47234755e-03 -4.32367129e-03  1.44614591e-03
 -1.32695675e-02  3.63258867e-03  4.85989252e-03 -2.31066490e-03
  1.29653476e-03  5.17050075e-03 -3.73464968e-04  3.23375117e-03
  8.29103500e-04  6.60085052e-03 -4.36003011e-03  4.36840107e-03
 -5.62362367e-03  2.17974142e-03 -2.56720884e-04 -6.66756467e-03
  2.50004863e-03  1.66814906e-03  2.94737392e-03 -2.90461092e-03
 -5.62829079e-03 -2.07281042e-03  9.11096131e-04  4.37032862e-03
  5.03885516e-04 -3.88775038e-03  2.29208745e-03 -2.69022333e-03
 -6.93215939e-04  5.60709984e-03 -3.34160285e-04  1.55026917e-02
  6.10809263e-03  1.03434246e-02  7.72040151e-03  4.05630854e-03
  4.61442351e-03  2.59356589e-03 -1.45244780e-03  3.56321456e-03
 -1.63072255e-03 -5.35833893e-03 -4.49691002e-03 -8.07517942e-03
 -9.90758880e-05  2.17342420e-03 -6.67827719e-04 -1.09449070e-03
 -2.10737919e-03 -2.55506188e-03  3.47952240e-03 -4.52485785e-03
  1.02423261e-03 -4.84357565e-03  3.48875890e-03  4.36740285e-03
  4.04442322e-03 -1.16448166e-03 -5.75928102e-03 -2.07921388e-03
 -2.03953444e-03 -1.29019353e-03  2.48705135e-03  2.53650329e-03
 -4.30459289e-03 -2.54077747e-03  3.86673383e-03 -4.88510892e-03
  3.08592617e-03 -5.10893440e-03  1.45814974e-03  4.68901149e-03
  6.02896173e-04  5.50313273e-03  2.90919244e-03  5.62883688e-04
 -2.81184748e-03 -6.00003650e-03 -5.10261577e-04  4.60684101e-03
  5.27275493e-03 -3.77948521e-03 -4.79866043e-05  5.48758705e-03
  1.85051491e-03 -5.44167411e-03 -3.23276706e-03 -2.84508003e-03
 -3.59529174e-03  6.20193005e-03 -8.92578857e-04  5.28168572e-03
  2.61406767e-04 -2.39284582e-03 -3.48909798e-03 -8.04484951e-03
  1.05737509e-03 -1.07441711e-03 -7.47952289e-04 -5.61850559e-03
  9.97184614e-01 -3.36214673e-06  1.20418353e+00  6.71744315e-01]
Best fitness in last gen:
4.0225562469064167e-08
GA calculation time:
24.41050410270691

Initial parameters
population size = 100
number of generations = 100
Real number of generations = 100
elitism = 2
crossover_rate = 0.95
mutation rate = 0.01
mutation range = [1.e-02 1.e-02 1.e-02 1.e-02 1.e-02 1.e-02 1.e-02 1.e-02 1.e-02 1.e-02
 1.e-02 1.e-02 1.e-02 1.e-02 1.e-02 1.e-02 1.e-02 1.e-02 1.e-02 1.e-02
 1.e-02 1.e-02 1.e-02 1.e-02 1.e-02 1.e-02 1.e-02 1.e-02 1.e-02 1.e-02
 1.e-02 1.e-02 1.e-02 1.e-02 1.e-02 1.e-02 1.e-02 1.e-02 1.e-02 1.e-02
 1.e-02 1.e-02 1.e-02 1.e-02 1.e-02 1.e-02 1.e-02 1.e-02 1.e-02 1.e-02
 1.e-02 1.e-02 1.e-02 1.e-02 1.e-02 1.e-02 1.e-02 1.e-02 1.e-02 1.e-02
 1.e-02 1.e-02 1.e-02 1.e-02 1.e-02 1.e-02 1.e-02 1.e-02 1.e-02 1.e-02
 1.e-02 1.e-02 1.e-02 1.e-02 1.e-02 1.e-02 1.e-02 1.e-02 1.e-02 1.e-02
 1.e-02 1.e-02 1.e-02 1.e-02 1.e-02 1.e-02 1.e-02 1.e-02 1.e-02 1.e-02
 1.e-02 1.e-02 1.e-02 1.e-02 1.e-02 1.e-02 1.e-02 1.e-02 1.e-02 1.e-02
 1.e-02 1.e-02 1.e-02 1.e-02 1.e-02 1.e-02 1.e-02 1.e-02 1.e-02 1.e-02
 1.e-02 1.e-02 1.e-02 1.e-02 1.e-02 1.e-02 1.e-02 1.e-02 1.e-02 1.e-02
 2.e-02 1.e-06 2.e-02 2.e-02]
order = 5
gene ranges = [(-0.01, 0.01), (-0.01, 0.01), (-0.01, 0.01), (-0.01, 0.01), (-0.01, 0.01), (-0.01, 0.01), (-0.01, 0.01), (-0.01, 0.01), (-0.01, 0.01), (-0.01, 0.01), (-0.01, 0.01), (-0.01, 0.01), (-0.01, 0.01), (-0.01, 0.01), (-0.01, 0.01), (-0.01, 0.01), (-0.01, 0.01), (-0.01, 0.01), (-0.01, 0.01), (-0.01, 0.01), (-0.01, 0.01), (-0.01, 0.01), (-0.01, 0.01), (-0.01, 0.01), (-0.01, 0.01), (-0.01, 0.01), (-0.01, 0.01), (-0.01, 0.01), (-0.01, 0.01), (-0.01, 0.01), (-0.01, 0.01), (-0.01, 0.01), (-0.01, 0.01), (-0.01, 0.01), (-0.01, 0.01), (-0.01, 0.01), (-0.01, 0.01), (-0.01, 0.01), (-0.01, 0.01), (-0.01, 0.01), (-0.01, 0.01), (-0.01, 0.01), (-0.01, 0.01), (-0.01, 0.01), (-0.01, 0.01), (-0.01, 0.01), (-0.01, 0.01), (-0.01, 0.01), (-0.01, 0.01), (-0.01, 0.01), (-0.01, 0.01), (-0.01, 0.01), (-0.01, 0.01), (-0.01, 0.01), (-0.01, 0.01), (-0.01, 0.01), (-0.01, 0.01), (-0.01, 0.01), (-0.01, 0.01), (-0.01, 0.01), (-0.01, 0.01), (-0.01, 0.01), (-0.01, 0.01), (-0.01, 0.01), (-0.01, 0.01), (-0.01, 0.01), (-0.01, 0.01), (-0.01, 0.01), (-0.01, 0.01), (-0.01, 0.01), (-0.01, 0.01), (-0.01, 0.01), (-0.01, 0.01), (-0.01, 0.01), (-0.01, 0.01), (-0.01, 0.01), (-0.01, 0.01), (-0.01, 0.01), (-0.01, 0.01), (-0.01, 0.01), (-0.01, 0.01), (-0.01, 0.01), (-0.01, 0.01), (-0.01, 0.01), (-0.01, 0.01), (-0.01, 0.01), (-0.01, 0.01), (-0.01, 0.01), (-0.01, 0.01), (-0.01, 0.01), (-0.01, 0.01), (-0.01, 0.01), (-0.01, 0.01), (-0.01, 0.01), (-0.01, 0.01), (-0.01, 0.01), (-0.01, 0.01), (-0.01, 0.01), (-0.01, 0.01), (-0.01, 0.01), (-0.01, 0.01), (-0.01, 0.01), (-0.01, 0.01), (-0.01, 0.01), (-0.01, 0.01), (-0.01, 0.01), (-0.01, 0.01), (-0.01, 0.01), (-0.01, 0.01), (-0.01, 0.01), (-0.01, 0.01), (-0.01, 0.01), (-0.01, 0.01), (-0.01, 0.01), (-0.01, 0.01), (-0.01, 0.01), (-0.01, 0.01), (-0.01, 0.01), (-0.01, 0.01), (-0.01, 0.01), (0.98, 1.02), (-1e-05, 1e-05), (1.19, 1.23), (0.66, 0.7)]
