Best in last gen:
[ 2.49409654e-03  1.19023147e-02  4.77173831e-03 -1.77251048e-03
 -2.06706394e-02  1.22098972e-02 -2.11124573e-02  6.19549415e-03
  2.68085333e-03 -6.43909021e-03  6.53540598e-02 -2.58744823e-03
  1.34599686e-02 -2.47383947e-03  1.29856180e-02  1.59964772e-03
  2.99576849e-02  3.91324952e-02 -1.31214798e-02 -3.67228674e-03
 -1.72006541e-02 -5.56824243e-02  1.23649677e-02 -1.42159421e-02
 -1.82045548e-02 -2.91212627e-02 -4.95697060e-02 -1.28818140e-02
 -8.13992816e-04 -7.04481428e-03 -2.12734679e-02  2.02956067e-02
 -2.66009066e-03 -9.56320835e-03  7.51250148e-03  2.23826419e-02
  1.15551572e-02 -1.51495505e-04 -1.56556928e-02 -4.91836551e-03
  2.97653605e-02  7.32326445e-03 -4.08264300e-02  3.16021061e-02
  3.75343136e-02  1.32804482e-02  3.31971079e-02 -2.40628892e-05
  9.98957815e-01 -6.65429684e-07  5.78849196e-01  1.44893235e+00]
Best fitness in last gen:
5.449999362062029e-07
GA calculation time:
183.33760905265808

Initial parameters
population size = 100
number of generations = 1000
Real number of generations = 1000
elitism = 2
crossover_rate = 0.95
mutation rate = 0.01
mutation range = [4.e-02 4.e-02 4.e-02 4.e-02 4.e-02 4.e-02 4.e-02 4.e-02 4.e-02 4.e-02
 4.e-02 4.e-02 4.e-02 4.e-02 4.e-02 4.e-02 4.e-02 4.e-02 4.e-02 4.e-02
 4.e-02 4.e-02 4.e-02 4.e-02 4.e-02 4.e-02 4.e-02 4.e-02 4.e-02 4.e-02
 4.e-02 4.e-02 4.e-02 4.e-02 4.e-02 4.e-02 4.e-02 4.e-02 4.e-02 4.e-02
 4.e-02 4.e-02 4.e-02 4.e-02 4.e-02 4.e-02 4.e-02 4.e-02 2.e-02 1.e-06
 2.e-02 2.e-02]
order = 3
gene ranges = [(-0.1, 0.1), (-0.1, 0.1), (-0.1, 0.1), (-0.1, 0.1), (-0.1, 0.1), (-0.1, 0.1), (-0.1, 0.1), (-0.1, 0.1), (-0.1, 0.1), (-0.1, 0.1), (-0.1, 0.1), (-0.1, 0.1), (-0.1, 0.1), (-0.1, 0.1), (-0.1, 0.1), (-0.1, 0.1), (-0.1, 0.1), (-0.1, 0.1), (-0.1, 0.1), (-0.1, 0.1), (-0.1, 0.1), (-0.1, 0.1), (-0.1, 0.1), (-0.1, 0.1), (-0.1, 0.1), (-0.1, 0.1), (-0.1, 0.1), (-0.1, 0.1), (-0.1, 0.1), (-0.1, 0.1), (-0.1, 0.1), (-0.1, 0.1), (-0.1, 0.1), (-0.1, 0.1), (-0.1, 0.1), (-0.1, 0.1), (-0.1, 0.1), (-0.1, 0.1), (-0.1, 0.1), (-0.1, 0.1), (-0.1, 0.1), (-0.1, 0.1), (-0.1, 0.1), (-0.1, 0.1), (-0.1, 0.1), (-0.1, 0.1), (-0.1, 0.1), (-0.1, 0.1), (0.98, 1.02), (-1e-05, 1e-05), (0.55, 0.59), (1.43, 1.47)]
