Best in last gen:
[-3.85509305e-02 -2.63086234e-03  1.66665759e-02 -1.96200782e-02
  9.47675058e-04 -2.99325743e-02  7.99730205e-03  7.69932036e-03
  8.40905449e-03 -1.22452144e-02  5.15001424e-03  1.39498113e-02
  2.64717466e-02 -2.00095475e-02 -7.27624152e-04  5.57425443e-03
 -9.74050851e-03 -1.78786181e-03  3.23834531e-03 -2.13197002e-03
  1.89521168e-02  4.54122484e-02  1.98693688e-04 -1.97687556e-02
 -8.04491819e-03  3.90023140e-02  1.74867152e-02  5.12906622e-03
 -5.77408270e-03  5.85436951e-03 -1.42409195e-02  3.50435065e-02
  2.15230858e-02 -1.97889203e-02  8.46931965e-03 -1.68053722e-02
  7.88495270e-03  1.43394905e-03  1.82546693e-03 -1.62272752e-02
 -3.83997838e-03  5.58728988e-04  3.88452640e-04 -1.05556003e-02
  1.04840252e-02 -1.13545108e-02  7.47080234e-04 -3.03967673e-03
  1.30173962e-03 -6.95380269e-03 -9.90636681e-04  4.52451533e-03
 -4.08682838e-03 -1.68098245e-02  1.06529353e-02  7.91232094e-03
 -2.73697450e-03 -2.44145597e-03 -2.23107982e-02  9.93142630e-03
 -7.31411069e-02  1.46913320e-02  1.48758534e-02  1.40081465e-02
 -7.00965374e-03 -2.88394917e-02  1.37463558e-02  1.51016498e-02
  8.87945586e-03  8.82569754e-03 -4.14220179e-03 -8.49869455e-03
 -1.38168702e-02 -9.94175028e-03 -2.07712100e-02 -1.30080122e-02
  1.73572693e-02 -7.00145959e-03 -4.87289526e-03 -1.12862446e-02
 -3.21083246e-03  3.22127166e-02  1.64112634e-02 -9.81329108e-03
  2.20222858e-02  2.78467499e-02  1.05672648e-02  1.13647905e-02
  6.24808503e-03  1.00375888e-02  1.44634605e-02  8.86600418e-03
 -5.19836899e-03 -1.52119673e-02 -1.26143602e-02 -4.06749222e-02
  2.74075502e-02 -1.16942332e-02  8.89117893e-03  2.03010762e-03
  3.62753049e-03  2.51698812e-02  4.35250382e-03  1.22260469e-02
 -1.85097497e-02  8.65184208e-03  6.04632133e-03 -1.50557729e-03
 -6.39451185e-03 -4.67055926e-03 -1.29350213e-02 -1.37323416e-02
 -6.02820690e-03  2.16566468e-02 -6.71300692e-03  2.45472422e-03
  6.50760211e-03 -1.09503469e-02 -1.28959763e-02 -1.00326089e-02
  1.00344373e+00 -4.29342893e-07  1.17096750e+00  1.17921738e-01]
Best fitness in last gen:
1.1767785351638298e-06
GA calculation time:
119.28426718711853

Initial parameters
population size = 50
number of generations = 1000
Real number of generations = 1000
elitism = 2
crossover_rate = 0.95
mutation rate = 0.01
mutation range = [4.e-02 4.e-02 4.e-02 4.e-02 4.e-02 4.e-02 4.e-02 4.e-02 4.e-02 4.e-02
 4.e-02 4.e-02 4.e-02 4.e-02 4.e-02 4.e-02 4.e-02 4.e-02 4.e-02 4.e-02
 4.e-02 4.e-02 4.e-02 4.e-02 4.e-02 4.e-02 4.e-02 4.e-02 4.e-02 4.e-02
 4.e-02 4.e-02 4.e-02 4.e-02 4.e-02 4.e-02 4.e-02 4.e-02 4.e-02 4.e-02
 4.e-02 4.e-02 4.e-02 4.e-02 4.e-02 4.e-02 4.e-02 4.e-02 4.e-02 4.e-02
 4.e-02 4.e-02 4.e-02 4.e-02 4.e-02 4.e-02 4.e-02 4.e-02 4.e-02 4.e-02
 4.e-02 4.e-02 4.e-02 4.e-02 4.e-02 4.e-02 4.e-02 4.e-02 4.e-02 4.e-02
 4.e-02 4.e-02 4.e-02 4.e-02 4.e-02 4.e-02 4.e-02 4.e-02 4.e-02 4.e-02
 4.e-02 4.e-02 4.e-02 4.e-02 4.e-02 4.e-02 4.e-02 4.e-02 4.e-02 4.e-02
 4.e-02 4.e-02 4.e-02 4.e-02 4.e-02 4.e-02 4.e-02 4.e-02 4.e-02 4.e-02
 4.e-02 4.e-02 4.e-02 4.e-02 4.e-02 4.e-02 4.e-02 4.e-02 4.e-02 4.e-02
 4.e-02 4.e-02 4.e-02 4.e-02 4.e-02 4.e-02 4.e-02 4.e-02 4.e-02 4.e-02
 2.e-02 1.e-06 2.e-02 2.e-02]
order = 5
gene ranges = [(-0.04, 0.04), (-0.04, 0.04), (-0.04, 0.04), (-0.04, 0.04), (-0.04, 0.04), (-0.04, 0.04), (-0.04, 0.04), (-0.04, 0.04), (-0.04, 0.04), (-0.04, 0.04), (-0.04, 0.04), (-0.04, 0.04), (-0.04, 0.04), (-0.04, 0.04), (-0.04, 0.04), (-0.04, 0.04), (-0.04, 0.04), (-0.04, 0.04), (-0.04, 0.04), (-0.04, 0.04), (-0.04, 0.04), (-0.04, 0.04), (-0.04, 0.04), (-0.04, 0.04), (-0.04, 0.04), (-0.04, 0.04), (-0.04, 0.04), (-0.04, 0.04), (-0.04, 0.04), (-0.04, 0.04), (-0.04, 0.04), (-0.04, 0.04), (-0.04, 0.04), (-0.04, 0.04), (-0.04, 0.04), (-0.04, 0.04), (-0.04, 0.04), (-0.04, 0.04), (-0.04, 0.04), (-0.04, 0.04), (-0.04, 0.04), (-0.04, 0.04), (-0.04, 0.04), (-0.04, 0.04), (-0.04, 0.04), (-0.04, 0.04), (-0.04, 0.04), (-0.04, 0.04), (-0.04, 0.04), (-0.04, 0.04), (-0.04, 0.04), (-0.04, 0.04), (-0.04, 0.04), (-0.04, 0.04), (-0.04, 0.04), (-0.04, 0.04), (-0.04, 0.04), (-0.04, 0.04), (-0.04, 0.04), (-0.04, 0.04), (-0.04, 0.04), (-0.04, 0.04), (-0.04, 0.04), (-0.04, 0.04), (-0.04, 0.04), (-0.04, 0.04), (-0.04, 0.04), (-0.04, 0.04), (-0.04, 0.04), (-0.04, 0.04), (-0.04, 0.04), (-0.04, 0.04), (-0.04, 0.04), (-0.04, 0.04), (-0.04, 0.04), (-0.04, 0.04), (-0.04, 0.04), (-0.04, 0.04), (-0.04, 0.04), (-0.04, 0.04), (-0.04, 0.04), (-0.04, 0.04), (-0.04, 0.04), (-0.04, 0.04), (-0.04, 0.04), (-0.04, 0.04), (-0.04, 0.04), (-0.04, 0.04), (-0.04, 0.04), (-0.04, 0.04), (-0.04, 0.04), (-0.04, 0.04), (-0.04, 0.04), (-0.04, 0.04), (-0.04, 0.04), (-0.04, 0.04), (-0.04, 0.04), (-0.04, 0.04), (-0.04, 0.04), (-0.04, 0.04), (-0.04, 0.04), (-0.04, 0.04), (-0.04, 0.04), (-0.04, 0.04), (-0.04, 0.04), (-0.04, 0.04), (-0.04, 0.04), (-0.04, 0.04), (-0.04, 0.04), (-0.04, 0.04), (-0.04, 0.04), (-0.04, 0.04), (-0.04, 0.04), (-0.04, 0.04), (-0.04, 0.04), (-0.04, 0.04), (-0.04, 0.04), (-0.04, 0.04), (-0.04, 0.04), (-0.04, 0.04), (0.98, 1.02), (-1e-05, 1e-05), (1.15, 1.19), (0.1, 0.14)]
