Best in last gen:
[-7.43986514e-03  3.65300782e-03  6.43774411e-03 -2.10748411e-03
  4.90925736e-04 -1.54380123e-02 -1.35909952e-03 -5.99500801e-03
 -1.06007143e-02 -1.00032175e-02  1.32261770e-02  9.85026557e-03
 -6.43181799e-03  2.26651989e-02 -1.43477735e-02 -3.87530105e-03
  9.35446525e-04 -9.57408248e-03  1.30259390e-02  3.19901713e-03
 -3.66078244e-02  2.58510575e-03 -3.29601526e-02 -4.12243396e-02
 -8.89823650e-03 -2.47121709e-02 -6.08265492e-05  7.97373532e-03
  1.85066146e-03  1.04187940e-02 -2.53865322e-04  8.33581635e-03
  1.42792928e-02  5.49625014e-03 -1.74872467e-02 -8.20646142e-03
 -7.77118854e-03 -8.15421830e-03 -9.98054688e-03 -4.41391251e-03
  1.34436406e-02  7.21929050e-03  5.84450216e-03  1.16269283e-02
 -1.15052751e-03  9.22744183e-03 -7.97899635e-03  7.15794286e-03
  6.01536063e-03  7.16444012e-05  2.53221500e-02 -9.47772769e-03
 -6.73373038e-03  1.35712154e-03  6.41617082e-03 -1.00163986e-02
 -3.03699945e-03 -1.91350699e-02 -6.78657056e-03 -1.27646162e-02
  2.02804522e-03 -3.45530477e-02 -5.03772555e-03 -3.95155336e-03
 -8.64086919e-03 -1.75407160e-02 -1.14042524e-03  5.88443706e-03
 -9.59260712e-03  1.18562083e-02  2.96057779e-03  1.80568465e-02
 -2.61930435e-03  1.94552946e-03  7.25493546e-03  1.01729352e-03
  1.94185151e-02  4.56618135e-04  5.14457777e-04  9.65433085e-03
  4.63871793e-03  1.73720139e-04  7.13603894e-03  2.85060563e-03
 -9.26726354e-03  7.83014655e-03  1.01602738e-02  1.81274957e-02
  1.07365258e-03  3.12964099e-02  1.26897104e-02 -5.91069296e-03
 -2.40094213e-03  1.97095117e-02 -1.68873108e-02  7.78302268e-03
  5.49936451e-03  1.14224838e-02 -2.91331671e-03  7.14152424e-03
  2.63227481e-02 -5.98743040e-03  1.45552461e-02  1.48700842e-02
 -8.77591437e-03  5.74303545e-03  3.24608986e-03 -1.16587736e-03
 -1.12197397e-02  1.92563196e-03 -7.34415017e-03  1.01168597e-02
 -9.00188809e-04 -2.97117250e-03  1.72848539e-02 -8.58036572e-03
  1.17902422e-02  9.46329908e-03  1.34616679e-02  1.14042828e-03
  9.85412352e-01  9.10293322e-02  1.70022477e+00  7.99568198e-01]
Best fitness in last gen:
5.5974981296031167e-08

Best in all:
[-7.43986514e-03  3.65300782e-03  6.43774411e-03 -2.10748411e-03
  4.90925736e-04 -1.54380123e-02 -1.35909952e-03 -5.99500801e-03
 -1.06007143e-02 -1.00032175e-02  1.32261770e-02  9.85026557e-03
 -6.43181799e-03  2.26651989e-02 -1.43477735e-02 -3.87530105e-03
  9.35446525e-04 -9.57408248e-03  1.30259390e-02  3.19901713e-03
 -3.66078244e-02  2.58510575e-03 -3.29601526e-02 -4.12243396e-02
 -8.89823650e-03 -2.47121709e-02 -6.08265492e-05  7.97373532e-03
  1.85066146e-03  1.04187940e-02 -2.53865322e-04  8.33581635e-03
  1.42792928e-02  5.49625014e-03 -1.74872467e-02 -8.20646142e-03
 -7.77118854e-03 -8.15421830e-03 -9.98054688e-03 -4.41391251e-03
  1.34436406e-02  7.21929050e-03  5.84450216e-03  1.16269283e-02
 -1.15052751e-03  9.22744183e-03 -7.97899635e-03  7.15794286e-03
  6.01536063e-03  7.16444012e-05  2.53221500e-02 -9.47772769e-03
 -6.73373038e-03  1.35712154e-03  6.41617082e-03 -1.00163986e-02
 -3.03699945e-03 -1.91350699e-02 -6.78657056e-03 -1.27646162e-02
  2.02804522e-03 -3.45530477e-02 -5.03772555e-03 -3.95155336e-03
 -8.64086919e-03 -1.75407160e-02 -1.14042524e-03  5.88443706e-03
 -9.59260712e-03  1.18562083e-02  2.96057779e-03  1.80568465e-02
 -2.61930435e-03  1.94552946e-03  7.25493546e-03  1.01729352e-03
  1.94185151e-02  4.56618135e-04  5.14457777e-04  9.65433085e-03
  4.63871793e-03  1.73720139e-04  7.13603894e-03  2.85060563e-03
 -9.26726354e-03  7.83014655e-03  1.01602738e-02  1.81274957e-02
  1.07365258e-03  3.12964099e-02  1.26897104e-02 -5.91069296e-03
 -2.40094213e-03  1.97095117e-02 -1.68873108e-02  7.78302268e-03
  5.49936451e-03  1.14224838e-02 -2.91331671e-03  7.14152424e-03
  2.63227481e-02 -5.98743040e-03  1.45552461e-02  1.48700842e-02
 -8.77591437e-03  5.74303545e-03  3.24608986e-03 -1.16587736e-03
 -1.12197397e-02  1.92563196e-03 -7.34415017e-03  1.01168597e-02
 -9.00188809e-04 -2.97117250e-03  1.72848539e-02 -8.58036572e-03
  1.17902422e-02  9.46329908e-03  1.34616679e-02  1.14042828e-03
  9.85412352e-01  9.10293322e-02  1.70022477e+00  7.99568198e-01]
Best fitness in all:
5.5974981296031167e-08

Initial parameters
population size = 1000
number of generations = 10
Real number of generations = 10
elitism = 2
crossover_rate = 0.95
mutation rate = 0.007
mutation range = 0.1
order = 5
gene ranges = ((-0.1, 0.1), (0.98, 1.02), (-2, 2), (1.6, 1.8), (0.7, 0.9))
