Best in last gen:
[-0.00854903 -0.02803738 -0.03141072  0.02334661 -0.11938382  0.04886833
 -0.03520648  0.04227229 -0.0344974  -0.07374852 -0.15327822  0.01139848
 -0.00306306 -0.00695165 -0.01805347  0.02084785 -0.03881244 -0.02149183
  0.02107538 -0.01766291  0.01821028  0.01274785 -0.00697775 -0.03483732
  0.04163567 -0.05284302 -0.01458646  0.07266554  0.04897759 -0.0456514
  0.0064429   0.04943339  0.00367264  0.02378863 -0.02262122 -0.01096109
  0.01407986 -0.02898771  0.00923969 -0.00529584 -0.02559402  0.01672716
  0.03976042  0.01349779  0.05199237  0.01943156  0.05195542  0.04609325
  1.00644856  0.81022887  1.70811702  0.76379668]
Best fitness in last gen:
3.855982126158391e-06

Best in all:
[-0.00854903 -0.02803738 -0.03141072  0.02334661 -0.11938382  0.04886833
 -0.03520648  0.04227229 -0.0344974  -0.07374852 -0.15327822  0.01139848
 -0.00306306 -0.00695165 -0.01805347  0.02084785 -0.03881244 -0.02149183
  0.02107538 -0.01766291  0.01821028  0.01274785 -0.00697775 -0.03483732
  0.04163567 -0.05284302 -0.01458646  0.07266554  0.04897759 -0.0456514
  0.0064429   0.04943339  0.00367264  0.02378863 -0.02262122 -0.01096109
  0.01407986 -0.02898771  0.00923969 -0.00529584 -0.02559402  0.01672716
  0.03976042  0.01349779  0.05199237  0.01943156  0.05195542  0.04609325
  1.00644856  0.81022887  1.70811702  0.76379668]
Best fitness in all:
3.855982126158391e-06

Initial parameters
population size = 10
number of generations = 10000
Real number of generations = 10000
elitism = 2
crossover_rate = 0.95
mutation rate = 0.007
mutation range = 0.1
order = 3
gene ranges = ((-0.1, 0.1), (0.98, 1.02), (-2, 2), (1.5, 1.9), (0.6, 1.0))
