Best in last gen:
[-1.38012935e-02 -4.57210598e-04  2.42285226e-02 -2.98843897e-02
 -2.73615431e-02 -2.39008372e-02  3.09568672e-02 -1.94655753e-03
  2.05618897e-03  5.90594379e-03 -9.80476507e-03  8.77882013e-03
  2.23313255e-02 -2.21171641e-03 -2.82904804e-02  9.87777391e-03
 -6.65173735e-03 -5.60385342e-03  1.71567657e-02 -9.46102716e-03
  1.50805178e-02 -5.11361837e-02 -1.60299334e-02  4.21982099e-02
  2.08838895e-02  8.54473101e-04  1.22728311e-02 -9.44994984e-03
 -4.33665587e-02 -3.37342517e-02  7.02670037e-02 -8.51557852e-03
 -2.71984619e-02 -2.40580037e-02  5.07902854e-02 -2.75070677e-02
 -9.21755697e-03  1.89763687e-02 -4.46067726e-02  9.88045015e-03
  2.26082506e-02 -3.43169543e-02 -1.63856432e-02 -1.33719553e-02
  1.16667160e-02 -6.41367047e-03 -2.66303683e-02 -3.28596256e-04
  9.88618862e-01  2.35021288e-01  1.29876897e+00  2.73126872e+00]
Best fitness in last gen:
6.890955704770097e-06

Best in all:
[-1.38012935e-02 -4.57210598e-04  2.42285226e-02 -2.98843897e-02
 -2.73615431e-02 -2.39008372e-02  3.09568672e-02 -1.94655753e-03
  2.05618897e-03  5.90594379e-03 -9.80476507e-03  8.77882013e-03
  2.23313255e-02 -2.21171641e-03 -2.82904804e-02  9.87777391e-03
 -6.65173735e-03 -5.60385342e-03  1.71567657e-02 -9.46102716e-03
  1.50805178e-02 -5.11361837e-02 -1.60299334e-02  4.21982099e-02
  2.08838895e-02  8.54473101e-04  1.22728311e-02 -9.44994984e-03
 -4.33665587e-02 -3.37342517e-02  7.02670037e-02 -8.51557852e-03
 -2.71984619e-02 -2.40580037e-02  5.07902854e-02 -2.75070677e-02
 -9.21755697e-03  1.89763687e-02 -4.46067726e-02  9.88045015e-03
  2.26082506e-02 -3.43169543e-02 -1.63856432e-02 -1.33719553e-02
  1.16667160e-02 -6.41367047e-03 -2.66303683e-02 -3.28596256e-04
  9.88618862e-01  2.35021288e-01  1.29876897e+00  2.73126872e+00]
Best fitness in all:
6.890955704770097e-06
GA calculation time:
607.1263272762299

Initial parameters
population size = 20
number of generations = 20000
Real number of generations = 20000
elitism = 2
crossover_rate = 0.95
mutation rate = 0.02
mutation range = [0.05 0.05 0.05 0.05 0.05 0.05 0.05 0.05 0.05 0.05 0.05 0.05 0.05 0.05
 0.05 0.05 0.05 0.05 0.05 0.05 0.05 0.05 0.05 0.05 0.05 0.05 0.05 0.05
 0.05 0.05 0.05 0.05 0.05 0.05 0.05 0.05 0.05 0.05 0.05 0.05 0.05 0.05
 0.05 0.05 0.05 0.05 0.05 0.05 0.02 0.8  0.05 0.05]
order = 3
gene ranges = ((-0.05, 0.05), (0.98, 1.02), (-0.8, 0.8), (1.25, 1.35), (2.7, 2.8))
