Best in last gen:
[ 2.69049029e-02  6.27507026e-04  2.10378095e-02 -7.18369226e-03
  1.61887646e-02  2.63825601e-02 -1.33926385e-02  6.95944809e-03
  3.54745057e-03 -1.27635665e-02  3.21734972e-03 -7.86025719e-02
 -2.96406519e-02 -1.03962927e-02 -3.94570246e-03 -2.39705341e-02
 -1.33761107e-02  1.37483031e-02  6.78466436e-03 -1.11949214e-02
  1.85812017e-02  3.00706241e-02  2.46438767e-02  1.39227623e-02
 -8.31548610e-03  5.72651846e-03 -1.74635463e-02 -1.84090702e-02
  1.66893640e-02  1.96192341e-03  7.47102852e-03 -7.62982212e-03
  2.39537668e-02  2.50192944e-02  9.38762696e-03  2.50166903e-02
  6.72186026e-03 -3.56799892e-02  2.54436926e-03 -8.47039241e-03
  1.62530407e-04  4.40140544e-03  3.35267617e-03  1.51298318e-02
  1.29306228e-02 -1.16302756e-02  4.30145469e-02 -1.21974833e-02
  1.66582340e-02  1.16750873e-02 -9.23888918e-03 -4.35701126e-03
  1.96761506e-03 -6.80249701e-03  1.82314691e-02 -1.40593432e-02
 -2.35362390e-02 -5.65264616e-03 -1.02812335e-02  2.24870137e-02
 -9.04483609e-03  5.45517288e-03 -1.98658034e-02 -4.86078448e-03
  2.47558759e-02  2.63998040e-02 -1.02510438e-02 -1.18655301e-02
 -6.98949076e-03 -1.25281189e-02  3.33745181e-02  4.96617447e-04
 -1.66797977e-02  1.01437639e-02  1.25862328e-02 -1.10413141e-02
  3.29779491e-02  3.95898888e-03 -1.40672161e-02 -2.21854443e-02
  3.45277065e-02 -3.85932424e-02 -3.84885405e-03  3.07539172e-02
 -3.16867254e-02 -1.04121544e-02 -2.85105748e-02 -3.55228259e-02
 -2.00133271e-02  2.87116439e-02 -1.70548993e-02 -1.01014007e-02
 -5.05974467e-03 -2.23630331e-02  1.86447797e-02 -4.87944485e-03
 -1.88248953e-02  4.37947873e-02  2.34342316e-02 -1.84993793e-03
 -3.51943756e-02  1.58612185e-02  3.58861711e-02 -5.67163429e-03
  3.93068574e-02 -2.36950336e-03 -1.38049215e-03  2.91381074e-02
 -1.93028111e-02 -1.26033014e-02  4.39736331e-02 -1.85663709e-03
  3.32193522e-03  7.39052178e-03  9.46787227e-03 -5.28775304e-02
  2.13169793e-02  2.04706630e-02 -3.30709750e-03  6.84755920e-03
  9.99410542e-01 -5.09339653e-01  1.69038384e+00  7.95889897e-01]
Best fitness in last gen:
5.395548854532499e-08

Best in all:
[ 2.69049029e-02  6.27507026e-04  2.10378095e-02 -7.18369226e-03
  1.61887646e-02  2.63825601e-02 -1.33926385e-02  6.95944809e-03
  3.54745057e-03 -1.27635665e-02  3.21734972e-03 -7.86025719e-02
 -2.96406519e-02 -1.03962927e-02 -3.94570246e-03 -2.39705341e-02
 -1.33761107e-02  1.37483031e-02  6.78466436e-03 -1.11949214e-02
  1.85812017e-02  3.00706241e-02  2.46438767e-02  1.39227623e-02
 -8.31548610e-03  5.72651846e-03 -1.74635463e-02 -1.84090702e-02
  1.66893640e-02  1.96192341e-03  7.47102852e-03 -7.62982212e-03
  2.39537668e-02  2.50192944e-02  9.38762696e-03  2.50166903e-02
  6.72186026e-03 -3.56799892e-02  2.54436926e-03 -8.47039241e-03
  1.62530407e-04  4.40140544e-03  3.35267617e-03  1.51298318e-02
  1.29306228e-02 -1.16302756e-02  4.30145469e-02 -1.21974833e-02
  1.66582340e-02  1.16750873e-02 -9.23888918e-03 -4.35701126e-03
  1.96761506e-03 -6.80249701e-03  1.82314691e-02 -1.40593432e-02
 -2.35362390e-02 -5.65264616e-03 -1.02812335e-02  2.24870137e-02
 -9.04483609e-03  5.45517288e-03 -1.98658034e-02 -4.86078448e-03
  2.47558759e-02  2.63998040e-02 -1.02510438e-02 -1.18655301e-02
 -6.98949076e-03 -1.25281189e-02  3.33745181e-02  4.96617447e-04
 -1.66797977e-02  1.01437639e-02  1.25862328e-02 -1.10413141e-02
  3.29779491e-02  3.95898888e-03 -1.40672161e-02 -2.21854443e-02
  3.45277065e-02 -3.85932424e-02 -3.84885405e-03  3.07539172e-02
 -3.16867254e-02 -1.04121544e-02 -2.85105748e-02 -3.55228259e-02
 -2.00133271e-02  2.87116439e-02 -1.70548993e-02 -1.01014007e-02
 -5.05974467e-03 -2.23630331e-02  1.86447797e-02 -4.87944485e-03
 -1.88248953e-02  4.37947873e-02  2.34342316e-02 -1.84993793e-03
 -3.51943756e-02  1.58612185e-02  3.58861711e-02 -5.67163429e-03
  3.93068574e-02 -2.36950336e-03 -1.38049215e-03  2.91381074e-02
 -1.93028111e-02 -1.26033014e-02  4.39736331e-02 -1.85663709e-03
  3.32193522e-03  7.39052178e-03  9.46787227e-03 -5.28775304e-02
  2.13169793e-02  2.04706630e-02 -3.30709750e-03  6.84755920e-03
  9.99410542e-01 -5.09339653e-01  1.69038384e+00  7.95889897e-01]
Best fitness in all:
5.395548854532499e-08

Initial parameters
population size = 100
number of generations = 10
Real number of generations = 10
elitism = 2
crossover_rate = 0.95
mutation rate = 0.007
mutation range = 0.1
order = 5
gene ranges = ((-0.1, 0.1), (0.98, 1.02), (-2, 2), (1.6, 1.8), (0.7, 0.9))
