Best in last gen:
[ 6.20472461e-02 -7.61794063e-03 -8.01890135e-02 -1.00072610e-03
 -4.65538376e-02 -2.10867152e-02 -3.08937971e-02  1.95678887e-02
  2.07261432e-03 -4.23947290e-02  1.19795426e-02  1.92586314e-02
  2.99358018e-02 -2.95781506e-03  1.25341749e-02 -4.53220960e-02
  1.07148170e-02 -5.99843714e-02  1.14533940e-02 -4.01812016e-02
  1.73033099e-02  3.30619667e-02 -5.77619829e-02  2.13033922e-02
 -1.07096596e-01 -5.53172535e-03  1.56727094e-02 -4.71814621e-02
 -1.32676102e-02  5.83222891e-02 -4.27945629e-02  5.12839660e-02
  3.13522122e-02 -4.21187476e-02  3.95573066e-03 -8.03245225e-02
 -4.69288754e-02 -4.21612242e-03  2.38208272e-02  3.11673234e-02
  1.99454363e-02  3.63987537e-02 -3.94958068e-02  7.86538834e-03
 -5.18021491e-02  4.35227183e-03 -1.87637368e-02 -1.25110868e-02
  9.86205835e-01  2.12560201e-01  1.21365387e+00  5.91872768e-01]
Best fitness in last gen:
6.037620391240768e-05

Best in all:
[ 6.77171271e-02 -2.43826474e-02 -5.67085946e-02  4.55580824e-02
 -4.62986062e-02 -1.52344916e-02 -2.11052917e-02  5.05068259e-03
 -2.17988243e-02 -5.06055814e-02  3.94755225e-03  2.02338297e-02
  3.21904454e-02  1.01697760e-02  1.85355284e-02 -3.89926612e-02
  2.90197609e-03 -3.20367352e-02  3.63647480e-02 -4.68813828e-02
  1.66253708e-02  6.30745456e-02 -6.17781185e-02  2.25977243e-02
 -1.03952025e-01 -1.43952631e-02  1.52363390e-02 -2.94364622e-02
 -1.02572777e-02 -9.67635558e-03 -2.22085902e-02  2.50526028e-02
  2.97978143e-02 -1.58913640e-02  6.89193273e-03 -2.48188988e-02
 -2.45372000e-02  4.46637155e-03  3.04853303e-02  4.89023159e-02
 -3.15848076e-02  1.95075405e-02 -5.38014676e-02  3.28976899e-03
 -2.98726265e-02 -1.00458961e-02 -2.51660434e-02  3.72176415e-04
  9.82407181e-01  2.15970102e-01  1.22692198e+00  5.91653715e-01]
Best fitness in all:
5.195951225215293e-05
GA calculation time:
9147.21959233284

Initial parameters
population size = 500
number of generations = 20000
Real number of generations = 20000
elitism = 2
crossover_rate = 0.95
mutation rate = 0.02
mutation range = [0.1  0.1  0.1  0.1  0.1  0.1  0.1  0.1  0.1  0.1  0.1  0.1  0.1  0.1
 0.1  0.1  0.1  0.1  0.1  0.1  0.1  0.1  0.1  0.1  0.1  0.1  0.1  0.1
 0.1  0.1  0.1  0.1  0.1  0.1  0.1  0.1  0.1  0.1  0.1  0.1  0.1  0.1
 0.1  0.1  0.1  0.1  0.1  0.1  0.04 3.6  0.1  0.1 ]
order = 3
gene ranges = ((-0.05, 0.05), (0.98, 1.02), (-0.8, 0.8), (1.2, 1.3), (0.55, 0.65))
