Best in last gen:
[ 2.12996407e-02  6.75690254e-03 -5.81892690e-02  4.54879927e-02
  5.36183860e-02 -2.43000992e-02  3.74019405e-02 -6.50668931e-03
 -7.44772203e-03 -6.84567976e-04 -5.66597851e-02  3.02227495e-02
  1.69830610e-02  4.70317587e-03  7.39685344e-02 -8.61693989e-03
  1.96580215e-02 -7.95169505e-03  1.28583710e-02  6.18733363e-03
  5.77774880e-03  1.72302497e-02  7.32041763e-03 -5.87739908e-02
 -3.80675529e-02  3.45790113e-02  6.34974791e-03 -6.37689897e-02
  1.17871218e-03 -2.15754342e-02  1.30344473e-02 -3.80020191e-02
 -2.40254705e-02 -5.50867919e-02 -1.21644857e-02  8.14508847e-03
 -5.72466223e-02 -1.17723176e-03 -7.97654590e-04  2.64857136e-02
 -2.10812846e-02 -4.52992953e-03 -3.16678149e-02 -7.78841534e-03
  6.96035442e-03  2.62153450e-02  1.92337156e-02  4.44383153e-02
  1.00748121e+00  1.82673992e-06  3.27629672e-01  7.69231939e-01]
Best fitness in last gen:
8.100160507503183e-06
GA calculation time:
103.12769818305969

Initial parameters
population size = 30
number of generations = 2000
Real number of generations = 2000
elitism = 2
crossover_rate = 0.95
mutation rate = 0.01
mutation range = [4.e-02 4.e-02 4.e-02 4.e-02 4.e-02 4.e-02 4.e-02 4.e-02 4.e-02 4.e-02
 4.e-02 4.e-02 4.e-02 4.e-02 4.e-02 4.e-02 4.e-02 4.e-02 4.e-02 4.e-02
 4.e-02 4.e-02 4.e-02 4.e-02 4.e-02 4.e-02 4.e-02 4.e-02 4.e-02 4.e-02
 4.e-02 4.e-02 4.e-02 4.e-02 4.e-02 4.e-02 4.e-02 4.e-02 4.e-02 4.e-02
 4.e-02 4.e-02 4.e-02 4.e-02 4.e-02 4.e-02 4.e-02 4.e-02 2.e-02 1.e-06
 0.e+00 0.e+00]
order = 3
gene ranges = [(-0.05, 0.05), (-0.05, 0.05), (-0.05, 0.05), (-0.05, 0.05), (-0.05, 0.05), (-0.05, 0.05), (-0.05, 0.05), (-0.05, 0.05), (-0.05, 0.05), (-0.05, 0.05), (-0.05, 0.05), (-0.05, 0.05), (-0.05, 0.05), (-0.05, 0.05), (-0.05, 0.05), (-0.05, 0.05), (-0.05, 0.05), (-0.05, 0.05), (-0.05, 0.05), (-0.05, 0.05), (-0.05, 0.05), (-0.05, 0.05), (-0.05, 0.05), (-0.05, 0.05), (-0.05, 0.05), (-0.05, 0.05), (-0.05, 0.05), (-0.05, 0.05), (-0.05, 0.05), (-0.05, 0.05), (-0.05, 0.05), (-0.05, 0.05), (-0.05, 0.05), (-0.05, 0.05), (-0.05, 0.05), (-0.05, 0.05), (-0.05, 0.05), (-0.05, 0.05), (-0.05, 0.05), (-0.05, 0.05), (-0.05, 0.05), (-0.05, 0.05), (-0.05, 0.05), (-0.05, 0.05), (-0.05, 0.05), (-0.05, 0.05), (-0.05, 0.05), (-0.05, 0.05), (0.98, 1.02), (-1e-05, 1e-05), (0.32, 0.34), (0.76, 0.78)]
