Best in last gen:
[-1.07781642e-02 -7.13638582e-02 -2.74728873e-02 -1.40500059e-02
 -1.07598409e-02  1.14799212e-02  8.44794542e-03  6.48547366e-03
  1.45613275e-02  4.54391175e-04 -1.38611939e-02  3.62860640e-03
  2.20423512e-02  3.95250135e-03  4.83501374e-03  3.40772160e-03
  2.27048130e-03 -2.30771797e-03  7.82538029e-04  5.51467223e-03
 -6.31116306e-04 -2.41201590e-02 -6.63808666e-03  2.03455912e-03
 -2.16720481e-02  1.00907197e-02  3.26012864e-03 -1.07968357e-02
  2.96800859e-02  2.54466537e-02  3.23378363e-03 -1.61779510e-02
  8.02870000e-03 -8.20559081e-03 -1.05678820e-02  4.18345147e-03
  5.50094973e-03  7.64543064e-03  8.72273414e-03  1.49968863e-02
 -6.77628878e-03 -1.68153195e-02 -4.12772717e-03 -4.25112714e-03
 -1.44678676e-03 -2.01788739e-03 -2.67395403e-02  1.03247460e-02
  1.00257649e+00  3.01174485e-08  1.36143006e+00  6.35665876e-01]
Best fitness in last gen:
3.4180962630063985e-06
GA calculation time:
303.36520552635193

Initial parameters
population size = 300
number of generations = 1000
Real number of generations = 1000
elitism = 2
crossover_rate = 0.95
mutation rate = 0.01
mutation range = [4.e-02 4.e-02 4.e-02 4.e-02 4.e-02 4.e-02 4.e-02 4.e-02 4.e-02 4.e-02
 4.e-02 4.e-02 4.e-02 4.e-02 4.e-02 4.e-02 4.e-02 4.e-02 4.e-02 4.e-02
 4.e-02 4.e-02 4.e-02 4.e-02 4.e-02 4.e-02 4.e-02 4.e-02 4.e-02 4.e-02
 4.e-02 4.e-02 4.e-02 4.e-02 4.e-02 4.e-02 4.e-02 4.e-02 4.e-02 4.e-02
 4.e-02 4.e-02 4.e-02 4.e-02 4.e-02 4.e-02 4.e-02 4.e-02 2.e-02 1.e-06
 2.e-02 2.e-02]
order = 3
gene ranges = [(-0.1, 0.1), (-0.1, 0.1), (-0.1, 0.1), (-0.1, 0.1), (-0.1, 0.1), (-0.1, 0.1), (-0.1, 0.1), (-0.1, 0.1), (-0.1, 0.1), (-0.1, 0.1), (-0.1, 0.1), (-0.1, 0.1), (-0.1, 0.1), (-0.1, 0.1), (-0.1, 0.1), (-0.1, 0.1), (-0.1, 0.1), (-0.1, 0.1), (-0.1, 0.1), (-0.1, 0.1), (-0.1, 0.1), (-0.1, 0.1), (-0.1, 0.1), (-0.1, 0.1), (-0.1, 0.1), (-0.1, 0.1), (-0.1, 0.1), (-0.1, 0.1), (-0.1, 0.1), (-0.1, 0.1), (-0.1, 0.1), (-0.1, 0.1), (-0.1, 0.1), (-0.1, 0.1), (-0.1, 0.1), (-0.1, 0.1), (-0.1, 0.1), (-0.1, 0.1), (-0.1, 0.1), (-0.1, 0.1), (-0.1, 0.1), (-0.1, 0.1), (-0.1, 0.1), (-0.1, 0.1), (-0.1, 0.1), (-0.1, 0.1), (-0.1, 0.1), (-0.1, 0.1), (0.98, 1.02), (-1e-05, 1e-05), (1.31, 1.41), (0.58, 0.68)]
