Best in last gen:
[ 8.13119042e-03 -3.22800519e-02  7.50295263e-03  1.12672126e-02
  2.50918990e-02 -2.54253518e-03  1.69545200e-02  5.29675862e-03
  6.03861587e-03 -1.60989965e-02  2.66127897e-02  2.70971749e-02
  5.41334519e-02  2.77334562e-02  6.73203801e-03 -1.60786836e-02
  4.93654624e-02  2.80431971e-02 -2.04629848e-02  1.73133064e-02
  2.51555700e-02  9.05914508e-04  1.01790918e-03  2.81143335e-02
  2.71582404e-02  5.84619041e-03 -4.79445619e-02  1.29591549e-02
  1.51039491e-02 -1.54295051e-02 -6.10547382e-02 -1.16857285e-02
  1.00534428e-02  2.07585237e-02  1.10713943e-03  2.75046423e-02
 -5.70587017e-03  1.53769154e-02 -1.04222032e-02  1.29815692e-02
 -9.05186416e-04 -1.04934067e-02  6.13835182e-03 -7.75844358e-02
 -3.82989636e-02  4.43469639e-02 -3.85161162e-02  1.52042491e-02
  9.83576322e-01  1.39509251e-06  7.73791457e-01  3.52863889e-01]
Best fitness in last gen:
2.643557653120679e-06
GA calculation time:
834.7470304965973

Initial parameters
population size = 300
number of generations = 2000
Real number of generations = 2000
elitism = 2
crossover_rate = 0.95
mutation rate = 0.01
mutation range = [4.e-02 4.e-02 4.e-02 4.e-02 4.e-02 4.e-02 4.e-02 4.e-02 4.e-02 4.e-02
 4.e-02 4.e-02 4.e-02 4.e-02 4.e-02 4.e-02 4.e-02 4.e-02 4.e-02 4.e-02
 4.e-02 4.e-02 4.e-02 4.e-02 4.e-02 4.e-02 4.e-02 4.e-02 4.e-02 4.e-02
 4.e-02 4.e-02 4.e-02 4.e-02 4.e-02 4.e-02 4.e-02 4.e-02 4.e-02 4.e-02
 4.e-02 4.e-02 4.e-02 4.e-02 4.e-02 4.e-02 4.e-02 4.e-02 2.e-02 1.e-06
 2.e-02 2.e-02]
order = 3
gene ranges = [(-0.1, 0.1), (-0.1, 0.1), (-0.1, 0.1), (-0.1, 0.1), (-0.1, 0.1), (-0.1, 0.1), (-0.1, 0.1), (-0.1, 0.1), (-0.1, 0.1), (-0.1, 0.1), (-0.1, 0.1), (-0.1, 0.1), (-0.1, 0.1), (-0.1, 0.1), (-0.1, 0.1), (-0.1, 0.1), (-0.1, 0.1), (-0.1, 0.1), (-0.1, 0.1), (-0.1, 0.1), (-0.1, 0.1), (-0.1, 0.1), (-0.1, 0.1), (-0.1, 0.1), (-0.1, 0.1), (-0.1, 0.1), (-0.1, 0.1), (-0.1, 0.1), (-0.1, 0.1), (-0.1, 0.1), (-0.1, 0.1), (-0.1, 0.1), (-0.1, 0.1), (-0.1, 0.1), (-0.1, 0.1), (-0.1, 0.1), (-0.1, 0.1), (-0.1, 0.1), (-0.1, 0.1), (-0.1, 0.1), (-0.1, 0.1), (-0.1, 0.1), (-0.1, 0.1), (-0.1, 0.1), (-0.1, 0.1), (-0.1, 0.1), (-0.1, 0.1), (-0.1, 0.1), (0.98, 1.02), (-1e-05, 1e-05), (0.72, 0.82), (0.28, 0.38)]
