Best in last gen:
[ 9.14419665e-03  3.10066281e-02  7.45768772e-02  1.28163002e-02
  1.91053795e-02 -6.07915512e-02  2.53260802e-02 -3.16272922e-02
  1.22748882e-02  2.92814502e-02  1.08719723e-02  3.73520792e-02
  3.96903348e-02  1.84666117e-02 -1.92603694e-02  1.94135106e-03
  6.71195365e-02  2.56256536e-02  6.28323333e-02 -1.37643694e-02
 -2.21813108e-02  3.15757706e-02  7.84084678e-03 -3.44904176e-02
 -1.45929808e-02  4.15622365e-02 -7.43222462e-03 -5.17539559e-02
  6.44658845e-02 -3.02191323e-02 -2.99322286e-02 -6.01600391e-02
 -3.63277885e-02 -3.25714502e-02 -1.89308069e-02  3.54465281e-02
 -1.96201483e-02 -1.37721485e-03 -1.16194545e-01  3.85299144e-03
 -1.64973147e-02 -7.24336501e-02  1.62807588e-02  3.29087073e-03
 -5.84305512e-02  2.41274834e-02 -1.44578601e-02 -4.69342702e-03
  9.92638215e-01  6.89582460e-07  3.63035045e-01  2.37199057e-01]
Best fitness in last gen:
4.779212724872137e-06
GA calculation time:
5609.360301494598

Initial parameters
population size = 250
number of generations = 20000
Real number of generations = 20000
elitism = 2
crossover_rate = 0.95
mutation rate = 0.01
mutation range = [4.e-02 4.e-02 4.e-02 4.e-02 4.e-02 4.e-02 4.e-02 4.e-02 4.e-02 4.e-02
 4.e-02 4.e-02 4.e-02 4.e-02 4.e-02 4.e-02 4.e-02 4.e-02 4.e-02 4.e-02
 4.e-02 4.e-02 4.e-02 4.e-02 4.e-02 4.e-02 4.e-02 4.e-02 4.e-02 4.e-02
 4.e-02 4.e-02 4.e-02 4.e-02 4.e-02 4.e-02 4.e-02 4.e-02 4.e-02 4.e-02
 4.e-02 4.e-02 4.e-02 4.e-02 4.e-02 4.e-02 4.e-02 4.e-02 2.e-02 1.e-06
 2.e-02 2.e-02]
order = 3
gene ranges = [(-0.04, 0.04), (-0.04, 0.04), (-0.04, 0.04), (-0.04, 0.04), (-0.04, 0.04), (-0.04, 0.04), (-0.04, 0.04), (-0.04, 0.04), (-0.04, 0.04), (-0.04, 0.04), (-0.04, 0.04), (-0.04, 0.04), (-0.04, 0.04), (-0.04, 0.04), (-0.04, 0.04), (-0.04, 0.04), (-0.04, 0.04), (-0.04, 0.04), (-0.04, 0.04), (-0.04, 0.04), (-0.04, 0.04), (-0.04, 0.04), (-0.04, 0.04), (-0.04, 0.04), (-0.04, 0.04), (-0.04, 0.04), (-0.04, 0.04), (-0.04, 0.04), (-0.04, 0.04), (-0.04, 0.04), (-0.04, 0.04), (-0.04, 0.04), (-0.04, 0.04), (-0.04, 0.04), (-0.04, 0.04), (-0.04, 0.04), (-0.04, 0.04), (-0.04, 0.04), (-0.04, 0.04), (-0.04, 0.04), (-0.04, 0.04), (-0.04, 0.04), (-0.04, 0.04), (-0.04, 0.04), (-0.04, 0.04), (-0.04, 0.04), (-0.04, 0.04), (-0.04, 0.04), (0.98, 1.02), (-1e-05, 1e-05), (0.33, 0.37), (0.21, 0.25)]
