Best in last gen:
[ 3.14788956e-02  2.75094945e-02 -4.60249125e-03  9.57406585e-03
  2.61812651e-02 -4.73389887e-02  2.67424139e-02 -9.73933071e-03
  7.47426966e-03 -1.17364361e-02 -1.53102733e-02 -3.28875130e-02
  9.98183370e-02 -4.11811982e-02  1.13191907e-02  2.21447248e-02
  1.14236634e-02 -1.01546144e-05 -7.38476146e-04  7.12372189e-03
 -2.59071644e-03 -1.92838492e-02 -5.85364671e-03 -2.65240025e-02
 -2.49779550e-02  5.33409190e-03 -1.12958166e-02 -5.02398507e-02
  8.47182703e-03 -1.50716302e-02 -1.12485856e-02  1.00171655e-02
 -3.64060326e-02 -3.87228176e-03  2.45751580e-03  1.18899861e-02
 -3.53427643e-02 -5.99597926e-03 -1.09125417e-02  3.43530427e-03
  1.23634824e-02  5.23443999e-03 -1.38773517e-01 -5.28473044e-02
  2.03951162e-02  2.82193488e-02 -4.45154504e-02  1.19693480e-02
  9.96777432e-01  5.19749819e-07  3.33100392e-01  7.64201367e-01]
Best fitness in last gen:
7.256694645559022e-09
GA calculation time:
4533.286746740341

Initial parameters
population size = 300
number of generations = 10000
Real number of generations = 10000
elitism = 2
crossover_rate = 0.95
mutation rate = 0.01
mutation range = [4.e-02 4.e-02 4.e-02 4.e-02 4.e-02 4.e-02 4.e-02 4.e-02 4.e-02 4.e-02
 4.e-02 4.e-02 4.e-02 4.e-02 4.e-02 4.e-02 4.e-02 4.e-02 4.e-02 4.e-02
 4.e-02 4.e-02 4.e-02 4.e-02 4.e-02 4.e-02 4.e-02 4.e-02 4.e-02 4.e-02
 4.e-02 4.e-02 4.e-02 4.e-02 4.e-02 4.e-02 4.e-02 4.e-02 4.e-02 4.e-02
 4.e-02 4.e-02 4.e-02 4.e-02 4.e-02 4.e-02 4.e-02 4.e-02 2.e-02 1.e-06
 1.e-02 1.e-02]
order = 3
gene ranges = [(-0.05, 0.05), (-0.05, 0.05), (-0.05, 0.05), (-0.05, 0.05), (-0.05, 0.05), (-0.05, 0.05), (-0.05, 0.05), (-0.05, 0.05), (-0.05, 0.05), (-0.05, 0.05), (-0.05, 0.05), (-0.05, 0.05), (-0.05, 0.05), (-0.05, 0.05), (-0.05, 0.05), (-0.05, 0.05), (-0.05, 0.05), (-0.05, 0.05), (-0.05, 0.05), (-0.05, 0.05), (-0.05, 0.05), (-0.05, 0.05), (-0.05, 0.05), (-0.05, 0.05), (-0.05, 0.05), (-0.05, 0.05), (-0.05, 0.05), (-0.05, 0.05), (-0.05, 0.05), (-0.05, 0.05), (-0.05, 0.05), (-0.05, 0.05), (-0.05, 0.05), (-0.05, 0.05), (-0.05, 0.05), (-0.05, 0.05), (-0.05, 0.05), (-0.05, 0.05), (-0.05, 0.05), (-0.05, 0.05), (-0.05, 0.05), (-0.05, 0.05), (-0.05, 0.05), (-0.05, 0.05), (-0.05, 0.05), (-0.05, 0.05), (-0.05, 0.05), (-0.05, 0.05), (0.98, 1.02), (-1e-05, 1e-05), (0.31, 0.35), (0.75, 0.79)]
