Best in last gen:
[ 2.45686793e-02 -1.14448814e-02  3.81028874e-02  3.30511988e-02
 -2.18400391e-03 -1.90975002e-02  3.73539345e-02 -2.96648136e-02
 -1.29900005e-01 -3.23234922e-02  1.55732439e-02 -5.48261493e-03
 -2.42567099e-02  1.14517453e-02  8.61355490e-03 -4.71710742e-03
  7.01722017e-03  1.29188929e-02 -7.60497739e-03 -4.45732845e-04
 -2.37029006e-02 -5.46508760e-02 -1.82059544e-02  7.14117654e-03
  1.00673955e-02  2.58102357e-02  1.89776938e-02  2.65960886e-02
  2.43266443e-02 -6.01185752e-03 -2.53085666e-03  8.65745170e-03
 -6.83093344e-03 -1.17084069e-02  2.67777409e-02 -4.40069624e-03
 -8.09924801e-03  1.50552115e-03  8.01315684e-03  1.60941022e-02
 -2.51629814e-03 -2.59887095e-02  1.78391651e-02  6.85243251e-03
  7.48081082e-03  2.40192527e-02 -2.03089217e-02  1.56314975e-03
  9.99857121e-01 -2.06929388e-01  1.19611846e+00  7.82575240e-01]
Best fitness in last gen:
2.8431331490157525e-06

Best in all:
[ 2.45686793e-02 -1.14448814e-02  3.81028874e-02  3.30511988e-02
 -2.18400391e-03 -1.90975002e-02  3.73539345e-02 -2.96648136e-02
 -1.29900005e-01 -3.23234922e-02  1.55732439e-02 -5.48261493e-03
 -2.42567099e-02  1.14517453e-02  8.61355490e-03 -4.71710742e-03
  7.01722017e-03  1.29188929e-02 -7.60497739e-03 -4.45732845e-04
 -2.37029006e-02 -5.46508760e-02 -1.82059544e-02  7.14117654e-03
  1.00673955e-02  2.58102357e-02  1.89776938e-02  2.65960886e-02
  2.43266443e-02 -6.01185752e-03 -2.53085666e-03  8.65745170e-03
 -6.83093344e-03 -1.17084069e-02  2.67777409e-02 -4.40069624e-03
 -8.09924801e-03  1.50552115e-03  8.01315684e-03  1.60941022e-02
 -2.51629814e-03 -2.59887095e-02  1.78391651e-02  6.85243251e-03
  7.48081082e-03  2.40192527e-02 -2.03089217e-02  1.56314975e-03
  9.99857121e-01 -2.06929388e-01  1.19611846e+00  7.82575240e-01]
Best fitness in all:
2.8431331490157525e-06
GA calculation time:
5.402858018875122

Initial parameters
population size = 500
number of generations = 10
Real number of generations = 10
elitism = 2
crossover_rate = 0.95
mutation rate = 0.007
mutation range = 0.1
order = 3
gene ranges = ((-0.1, 0.1), (0.98, 1.02), (-2, 2), (1.0, 1.4), (0.6, 1.0))
