Best in last gen:
[ 1.86866803e-02 -9.96581056e-03 -1.13610334e-02  1.10017864e-03
 -6.21672138e-04 -1.87390382e-02 -1.29660535e-02 -4.51299985e-02
  1.17234551e-02 -2.13143671e-02  4.58974833e-02 -2.90346374e-03
 -2.64020267e-02 -7.24506321e-02 -2.74738371e-02  9.61216595e-03
 -8.01831151e-03 -1.21771985e-02  4.47184065e-03 -1.03802275e-03
 -4.29015228e-02  1.58554370e-02  5.05396781e-02  2.05542425e-02
 -3.40798857e-02  2.18759944e-02 -1.84904099e-02 -1.15630322e-03
  1.68954575e-02 -1.50805373e-03 -1.14640148e-02 -1.29849294e-02
  2.73773191e-02 -5.65077175e-03 -8.65441549e-03 -3.53409295e-02
  4.95887831e-02 -4.99222032e-02  1.89994417e-02 -6.06915122e-02
  5.76798894e-02 -2.55709158e-02  2.71488502e-02 -3.24743783e-02
 -3.83453742e-02  3.42658279e-02  5.13648669e-02 -3.25193159e-02
  1.00089738e+00 -1.74789656e-06  5.73483215e-01  7.28139900e-01]
Best fitness in last gen:
1.2865289452159544e-07
GA calculation time:
157.58712005615234

Initial parameters
population size = 1000
number of generations = 100
Real number of generations = 100
elitism = 2
crossover_rate = 0.95
mutation rate = 0.01
mutation range = [4.e-02 4.e-02 4.e-02 4.e-02 4.e-02 4.e-02 4.e-02 4.e-02 4.e-02 4.e-02
 4.e-02 4.e-02 4.e-02 4.e-02 4.e-02 4.e-02 4.e-02 4.e-02 4.e-02 4.e-02
 4.e-02 4.e-02 4.e-02 4.e-02 4.e-02 4.e-02 4.e-02 4.e-02 4.e-02 4.e-02
 4.e-02 4.e-02 4.e-02 4.e-02 4.e-02 4.e-02 4.e-02 4.e-02 4.e-02 4.e-02
 4.e-02 4.e-02 4.e-02 4.e-02 4.e-02 4.e-02 4.e-02 4.e-02 2.e-02 1.e-06
 2.e-02 2.e-02]
order = 3
gene ranges = [(-0.1, 0.1), (-0.1, 0.1), (-0.1, 0.1), (-0.1, 0.1), (-0.1, 0.1), (-0.1, 0.1), (-0.1, 0.1), (-0.1, 0.1), (-0.1, 0.1), (-0.1, 0.1), (-0.1, 0.1), (-0.1, 0.1), (-0.1, 0.1), (-0.1, 0.1), (-0.1, 0.1), (-0.1, 0.1), (-0.1, 0.1), (-0.1, 0.1), (-0.1, 0.1), (-0.1, 0.1), (-0.1, 0.1), (-0.1, 0.1), (-0.1, 0.1), (-0.1, 0.1), (-0.1, 0.1), (-0.1, 0.1), (-0.1, 0.1), (-0.1, 0.1), (-0.1, 0.1), (-0.1, 0.1), (-0.1, 0.1), (-0.1, 0.1), (-0.1, 0.1), (-0.1, 0.1), (-0.1, 0.1), (-0.1, 0.1), (-0.1, 0.1), (-0.1, 0.1), (-0.1, 0.1), (-0.1, 0.1), (-0.1, 0.1), (-0.1, 0.1), (-0.1, 0.1), (-0.1, 0.1), (-0.1, 0.1), (-0.1, 0.1), (-0.1, 0.1), (-0.1, 0.1), (0.98, 1.02), (-1e-05, 1e-05), (0.55, 0.59), (0.71, 0.75)]
