Best in last gen:
[ 4.91592118e-02  1.95713861e-02 -9.50730801e-03  6.80036734e-02
  2.41473678e-02 -5.00910394e-02  4.77687719e-03  1.58462832e-02
  1.59141781e-02  2.91560522e-02  5.17852170e-03 -1.42506078e-02
  6.53154635e-02 -5.26698125e-02 -2.89039125e-04 -4.41661417e-03
  3.53456516e-02  3.44430932e-02  1.29284578e-03 -1.10579039e-03
  1.06971330e-02  1.82379553e-02  4.26880295e-03 -3.11720092e-02
 -4.36944422e-03  3.55595881e-02 -5.48329363e-02 -7.61680319e-03
 -2.41885334e-02 -3.04797526e-02 -3.49829911e-03 -3.29058404e-02
 -3.90116637e-03 -1.12714571e-02 -4.46005468e-03 -1.71485082e-02
  1.41731165e-02  2.34446763e-02  3.33664967e-03 -1.62696246e-02
 -9.67330849e-03 -2.95407306e-03 -1.10562271e-01 -3.99796709e-02
 -4.50019735e-03 -3.53574516e-03 -1.08705902e-03  5.36558344e-02
  9.95848846e-01  1.06591158e-06  3.23215801e-01  7.54535486e-01]
Best fitness in last gen:
2.4425040962789812e-05
GA calculation time:
7624.8774330616

Initial parameters
population size = 300
number of generations = 20000
Real number of generations = 20000
elitism = 2
crossover_rate = 0.95
mutation rate = 0.01
mutation range = [4.e-02 4.e-02 4.e-02 4.e-02 4.e-02 4.e-02 4.e-02 4.e-02 4.e-02 4.e-02
 4.e-02 4.e-02 4.e-02 4.e-02 4.e-02 4.e-02 4.e-02 4.e-02 4.e-02 4.e-02
 4.e-02 4.e-02 4.e-02 4.e-02 4.e-02 4.e-02 4.e-02 4.e-02 4.e-02 4.e-02
 4.e-02 4.e-02 4.e-02 4.e-02 4.e-02 4.e-02 4.e-02 4.e-02 4.e-02 4.e-02
 4.e-02 4.e-02 4.e-02 4.e-02 4.e-02 4.e-02 4.e-02 4.e-02 2.e-02 1.e-06
 2.e-02 2.e-02]
order = 3
gene ranges = [(-0.05, 0.05), (-0.05, 0.05), (-0.05, 0.05), (-0.05, 0.05), (-0.05, 0.05), (-0.05, 0.05), (-0.05, 0.05), (-0.05, 0.05), (-0.05, 0.05), (-0.05, 0.05), (-0.05, 0.05), (-0.05, 0.05), (-0.05, 0.05), (-0.05, 0.05), (-0.05, 0.05), (-0.05, 0.05), (-0.05, 0.05), (-0.05, 0.05), (-0.05, 0.05), (-0.05, 0.05), (-0.05, 0.05), (-0.05, 0.05), (-0.05, 0.05), (-0.05, 0.05), (-0.05, 0.05), (-0.05, 0.05), (-0.05, 0.05), (-0.05, 0.05), (-0.05, 0.05), (-0.05, 0.05), (-0.05, 0.05), (-0.05, 0.05), (-0.05, 0.05), (-0.05, 0.05), (-0.05, 0.05), (-0.05, 0.05), (-0.05, 0.05), (-0.05, 0.05), (-0.05, 0.05), (-0.05, 0.05), (-0.05, 0.05), (-0.05, 0.05), (-0.05, 0.05), (-0.05, 0.05), (-0.05, 0.05), (-0.05, 0.05), (-0.05, 0.05), (-0.05, 0.05), (0.98, 1.02), (-1e-05, 1e-05), (0.28, 0.38), (0.72, 0.82)]
