Best in last gen:
[ 1.29147573e-02  1.99079601e-02 -7.26139254e-03 -9.11985207e-03
  3.68150140e-03  1.77934855e-02  6.15163805e-03  6.61647320e-03
  4.39808489e-03 -4.91730621e-03 -9.60044055e-03 -5.04674897e-03
 -1.04616125e-02  1.20804500e-02 -2.66183033e-02 -2.03639255e-03
 -2.66509750e-02 -2.51337459e-02 -1.28745406e-03  1.71019778e-02
  4.06416817e-02  1.27241596e-02  1.74228970e-03 -2.39139168e-03
 -2.62395469e-04  3.82929341e-03  1.06481138e-02  9.73701999e-03
  2.69526594e-02  1.02811922e-02 -5.27143745e-04  1.82165018e-03
 -3.33560519e-03 -2.84885299e-03  3.60251614e-04 -1.21470578e-02
  1.11243122e-02  4.12372393e-03  4.74337332e-03  5.28757860e-03
  9.81940384e-03 -3.13241843e-03 -7.68811754e-03 -9.43779364e-04
 -5.29537563e-02  3.05101528e-03 -2.19819869e-02 -1.90539104e-02
 -1.32720138e-02 -5.31060007e-02 -3.86743321e-03 -6.19447028e-03
 -1.85570177e-02  2.76734784e-02 -2.33811817e-02  3.83153796e-02
  2.07397331e-02 -1.89888060e-03  1.23209551e-02 -3.49609414e-03
  3.00811109e-03 -3.82096998e-03 -1.04202496e-02  1.05867471e-02
  4.65704228e-02 -2.46248407e-02  6.00121508e-03  1.56545140e-02
  1.54441029e-03  2.48305322e-02 -2.38591521e-03  1.88899813e-02
  8.15550294e-03 -1.41876701e-02  3.64705782e-03 -1.96153006e-02
 -1.43446223e-02  4.16176440e-02  3.78099060e-03  1.83826257e-02
  9.99982130e-01 -1.41141493e-06  6.51117171e-01  5.57424866e-01]
Best fitness in last gen:
2.3463311989403495e-06
GA calculation time:
820.5070209503174

Initial parameters
population size = 300
number of generations = 2000
Real number of generations = 2000
elitism = 2
crossover_rate = 0.95
mutation rate = 0.01
mutation range = [4.e-02 4.e-02 4.e-02 4.e-02 4.e-02 4.e-02 4.e-02 4.e-02 4.e-02 4.e-02
 4.e-02 4.e-02 4.e-02 4.e-02 4.e-02 4.e-02 4.e-02 4.e-02 4.e-02 4.e-02
 4.e-02 4.e-02 4.e-02 4.e-02 4.e-02 4.e-02 4.e-02 4.e-02 4.e-02 4.e-02
 4.e-02 4.e-02 4.e-02 4.e-02 4.e-02 4.e-02 4.e-02 4.e-02 4.e-02 4.e-02
 4.e-02 4.e-02 4.e-02 4.e-02 4.e-02 4.e-02 4.e-02 4.e-02 4.e-02 4.e-02
 4.e-02 4.e-02 4.e-02 4.e-02 4.e-02 4.e-02 4.e-02 4.e-02 4.e-02 4.e-02
 4.e-02 4.e-02 4.e-02 4.e-02 4.e-02 4.e-02 4.e-02 4.e-02 4.e-02 4.e-02
 4.e-02 4.e-02 4.e-02 4.e-02 4.e-02 4.e-02 4.e-02 4.e-02 4.e-02 4.e-02
 2.e-02 1.e-06 2.e-02 2.e-02]
order = 4
gene ranges = [(-0.1, 0.1), (-0.1, 0.1), (-0.1, 0.1), (-0.1, 0.1), (-0.1, 0.1), (-0.1, 0.1), (-0.1, 0.1), (-0.1, 0.1), (-0.1, 0.1), (-0.1, 0.1), (-0.1, 0.1), (-0.1, 0.1), (-0.1, 0.1), (-0.1, 0.1), (-0.1, 0.1), (-0.1, 0.1), (-0.1, 0.1), (-0.1, 0.1), (-0.1, 0.1), (-0.1, 0.1), (-0.1, 0.1), (-0.1, 0.1), (-0.1, 0.1), (-0.1, 0.1), (-0.1, 0.1), (-0.1, 0.1), (-0.1, 0.1), (-0.1, 0.1), (-0.1, 0.1), (-0.1, 0.1), (-0.1, 0.1), (-0.1, 0.1), (-0.1, 0.1), (-0.1, 0.1), (-0.1, 0.1), (-0.1, 0.1), (-0.1, 0.1), (-0.1, 0.1), (-0.1, 0.1), (-0.1, 0.1), (-0.1, 0.1), (-0.1, 0.1), (-0.1, 0.1), (-0.1, 0.1), (-0.1, 0.1), (-0.1, 0.1), (-0.1, 0.1), (-0.1, 0.1), (-0.1, 0.1), (-0.1, 0.1), (-0.1, 0.1), (-0.1, 0.1), (-0.1, 0.1), (-0.1, 0.1), (-0.1, 0.1), (-0.1, 0.1), (-0.1, 0.1), (-0.1, 0.1), (-0.1, 0.1), (-0.1, 0.1), (-0.1, 0.1), (-0.1, 0.1), (-0.1, 0.1), (-0.1, 0.1), (-0.1, 0.1), (-0.1, 0.1), (-0.1, 0.1), (-0.1, 0.1), (-0.1, 0.1), (-0.1, 0.1), (-0.1, 0.1), (-0.1, 0.1), (-0.1, 0.1), (-0.1, 0.1), (-0.1, 0.1), (-0.1, 0.1), (-0.1, 0.1), (-0.1, 0.1), (-0.1, 0.1), (-0.1, 0.1), (0.98, 1.02), (-1e-05, 1e-05), (0.62, 0.68), (0.53, 0.59)]
