Best in last gen:
[-2.14166793e-02 -1.28216188e-02  3.35359693e-03  3.46730872e-02
  1.80867292e-02  1.78945318e-02  4.65785788e-02 -5.06239176e-03
 -5.85821247e-03 -5.09413773e-02  4.23055722e-02  1.73737101e-02
  7.31469251e-03  9.05542791e-03 -3.49074462e-02  1.77801888e-02
 -3.73210150e-02  5.61190774e-02  6.68791438e-03  6.27151959e-03
  1.72861026e-02  7.67582949e-03  7.50198901e-03  3.58298905e-03
  8.63001847e-03  1.43281546e-02  1.92992128e-03  2.35085771e-02
  2.27421310e-02  4.95151684e-03  3.06424796e-03  1.00979927e-02
  1.81914603e-02  1.14956160e-02 -1.36773499e-02  2.04911404e-04
  2.64256126e-02 -5.29605997e-03  4.23997865e-02 -4.79670618e-03
  6.26853893e-03 -5.01190980e-03 -1.66675662e-02 -1.57803546e-02
 -1.14112734e-02  9.12072078e-03 -1.85185154e-02 -2.19847748e-02
 -3.14572365e-03 -4.80382534e-02 -3.75746225e-02 -2.03541614e-02
  3.43965087e-03  2.32462493e-02  5.45227436e-03  4.30661474e-03
 -2.03769589e-02 -1.12304467e-02 -5.21718174e-03  1.14410752e-02
  1.15773220e-02 -8.73967401e-03  3.01600613e-02  2.39761484e-03
 -1.84031461e-02 -8.77124718e-03  7.83302551e-03  5.45113098e-03
 -3.02585246e-02 -1.35980249e-02 -9.04308784e-04  8.23731297e-03
  1.13015661e-03 -1.83533491e-02  1.46252308e-02  1.83846213e-02
 -2.58357441e-03  4.24436843e-03  6.74016716e-03 -1.51499365e-03
  1.00296467e+00 -9.88747236e-07  5.97262307e-01  3.27869671e-01]
Best fitness in last gen:
1.0801622377559505e-05
GA calculation time:
3984.720612049103

Initial parameters
population size = 300
number of generations = 10000
Real number of generations = 10000
elitism = 2
crossover_rate = 0.95
mutation rate = 0.01
mutation range = [4.e-02 4.e-02 4.e-02 4.e-02 4.e-02 4.e-02 4.e-02 4.e-02 4.e-02 4.e-02
 4.e-02 4.e-02 4.e-02 4.e-02 4.e-02 4.e-02 4.e-02 4.e-02 4.e-02 4.e-02
 4.e-02 4.e-02 4.e-02 4.e-02 4.e-02 4.e-02 4.e-02 4.e-02 4.e-02 4.e-02
 4.e-02 4.e-02 4.e-02 4.e-02 4.e-02 4.e-02 4.e-02 4.e-02 4.e-02 4.e-02
 4.e-02 4.e-02 4.e-02 4.e-02 4.e-02 4.e-02 4.e-02 4.e-02 4.e-02 4.e-02
 4.e-02 4.e-02 4.e-02 4.e-02 4.e-02 4.e-02 4.e-02 4.e-02 4.e-02 4.e-02
 4.e-02 4.e-02 4.e-02 4.e-02 4.e-02 4.e-02 4.e-02 4.e-02 4.e-02 4.e-02
 4.e-02 4.e-02 4.e-02 4.e-02 4.e-02 4.e-02 4.e-02 4.e-02 4.e-02 4.e-02
 2.e-02 1.e-06 2.e-02 2.e-02]
order = 4
gene ranges = [(-0.1, 0.1), (-0.1, 0.1), (-0.1, 0.1), (-0.1, 0.1), (-0.1, 0.1), (-0.1, 0.1), (-0.1, 0.1), (-0.1, 0.1), (-0.1, 0.1), (-0.1, 0.1), (-0.1, 0.1), (-0.1, 0.1), (-0.1, 0.1), (-0.1, 0.1), (-0.1, 0.1), (-0.1, 0.1), (-0.1, 0.1), (-0.1, 0.1), (-0.1, 0.1), (-0.1, 0.1), (-0.1, 0.1), (-0.1, 0.1), (-0.1, 0.1), (-0.1, 0.1), (-0.1, 0.1), (-0.1, 0.1), (-0.1, 0.1), (-0.1, 0.1), (-0.1, 0.1), (-0.1, 0.1), (-0.1, 0.1), (-0.1, 0.1), (-0.1, 0.1), (-0.1, 0.1), (-0.1, 0.1), (-0.1, 0.1), (-0.1, 0.1), (-0.1, 0.1), (-0.1, 0.1), (-0.1, 0.1), (-0.1, 0.1), (-0.1, 0.1), (-0.1, 0.1), (-0.1, 0.1), (-0.1, 0.1), (-0.1, 0.1), (-0.1, 0.1), (-0.1, 0.1), (-0.1, 0.1), (-0.1, 0.1), (-0.1, 0.1), (-0.1, 0.1), (-0.1, 0.1), (-0.1, 0.1), (-0.1, 0.1), (-0.1, 0.1), (-0.1, 0.1), (-0.1, 0.1), (-0.1, 0.1), (-0.1, 0.1), (-0.1, 0.1), (-0.1, 0.1), (-0.1, 0.1), (-0.1, 0.1), (-0.1, 0.1), (-0.1, 0.1), (-0.1, 0.1), (-0.1, 0.1), (-0.1, 0.1), (-0.1, 0.1), (-0.1, 0.1), (-0.1, 0.1), (-0.1, 0.1), (-0.1, 0.1), (-0.1, 0.1), (-0.1, 0.1), (-0.1, 0.1), (-0.1, 0.1), (-0.1, 0.1), (-0.1, 0.1), (0.98, 1.02), (-1e-05, 1e-05), (0.55, 0.65), (0.28, 0.38)]
