Best in last gen:
[ 8.14791289e-03  1.16636880e-02  1.68393420e-02  2.82788430e-02
  9.90476210e-03 -2.49358616e-02 -3.40671964e-03  1.92331799e-02
  3.11008215e-03  7.99986208e-03 -1.65595246e-02  3.35075722e-02
 -2.59182961e-02  2.31476861e-02 -6.64661756e-03  1.71017813e-02
  4.61432128e-02  9.03467656e-03  1.98419191e-02 -4.71041767e-03
  2.86537757e-03  1.80517606e-02  2.12603980e-02  8.72255070e-03
  1.16123613e-02  5.66531320e-03  1.80995917e-02  1.28228374e-02
  3.97400962e-02 -4.11383270e-02  2.04611526e-02 -3.30554133e-02
  4.23480236e-03 -2.72094739e-03  5.58548441e-03  1.07870919e-01
 -4.06618470e-02 -5.23747340e-03 -6.00307764e-02 -4.98203450e-02
 -4.30547384e-03 -2.30711951e-02 -3.25208739e-02  7.73821185e-03
 -1.76559425e-02 -5.17299479e-03 -1.70218857e-02  2.01542017e-02
  1.00596071e+00 -3.43449558e-06  3.48240855e-01  2.41009072e-01]
Best fitness in last gen:
1.4378848142578995e-06
GA calculation time:
86.01602339744568

Initial parameters
population size = 50
number of generations = 1000
Real number of generations = 1000
elitism = 2
crossover_rate = 0.95
mutation rate = 0.01
mutation range = [4.e-02 4.e-02 4.e-02 4.e-02 4.e-02 4.e-02 4.e-02 4.e-02 4.e-02 4.e-02
 4.e-02 4.e-02 4.e-02 4.e-02 4.e-02 4.e-02 4.e-02 4.e-02 4.e-02 4.e-02
 4.e-02 4.e-02 4.e-02 4.e-02 4.e-02 4.e-02 4.e-02 4.e-02 4.e-02 4.e-02
 4.e-02 4.e-02 4.e-02 4.e-02 4.e-02 4.e-02 4.e-02 4.e-02 4.e-02 4.e-02
 4.e-02 4.e-02 4.e-02 4.e-02 4.e-02 4.e-02 4.e-02 4.e-02 2.e-02 1.e-06
 2.e-02 2.e-02]
order = 3
gene ranges = [(-0.04, 0.04), (-0.04, 0.04), (-0.04, 0.04), (-0.04, 0.04), (-0.04, 0.04), (-0.04, 0.04), (-0.04, 0.04), (-0.04, 0.04), (-0.04, 0.04), (-0.04, 0.04), (-0.04, 0.04), (-0.04, 0.04), (-0.04, 0.04), (-0.04, 0.04), (-0.04, 0.04), (-0.04, 0.04), (-0.04, 0.04), (-0.04, 0.04), (-0.04, 0.04), (-0.04, 0.04), (-0.04, 0.04), (-0.04, 0.04), (-0.04, 0.04), (-0.04, 0.04), (-0.04, 0.04), (-0.04, 0.04), (-0.04, 0.04), (-0.04, 0.04), (-0.04, 0.04), (-0.04, 0.04), (-0.04, 0.04), (-0.04, 0.04), (-0.04, 0.04), (-0.04, 0.04), (-0.04, 0.04), (-0.04, 0.04), (-0.04, 0.04), (-0.04, 0.04), (-0.04, 0.04), (-0.04, 0.04), (-0.04, 0.04), (-0.04, 0.04), (-0.04, 0.04), (-0.04, 0.04), (-0.04, 0.04), (-0.04, 0.04), (-0.04, 0.04), (-0.04, 0.04), (0.98, 1.02), (-1e-05, 1e-05), (0.33, 0.37), (0.21, 0.25)]
