Best in last gen:
[ 1.32353275e-02  2.50756556e-02 -3.80326423e-02  2.31851065e-02
  2.97469001e-02 -1.13955049e-02  3.02575961e-02  4.45659456e-02
  1.13993506e-02  2.17576878e-02 -1.89802486e-03  8.04114699e-03
 -1.95748797e-03  2.54425675e-02  8.68195953e-02 -3.21569527e-02
 -7.67836644e-03  2.72453283e-02  1.66982010e-02  8.83442272e-03
  2.96116051e-02 -1.55360503e-02  5.48648470e-02 -1.62812942e-02
  2.13752541e-02 -3.86017562e-02 -1.76202273e-02 -7.83621069e-02
  1.59082562e-02  7.94959151e-03 -7.41406922e-03  9.25606959e-03
  4.18946370e-02 -5.02292839e-02 -3.93466941e-02 -2.06350301e-02
 -2.82882274e-02  3.03502959e-02 -7.82506248e-03  6.34218946e-02
 -4.88561198e-02  3.14165444e-03  2.66543740e-02 -3.44418832e-04
 -5.19942491e-02  1.56037262e-02 -3.97639297e-02  1.67656417e-02
  9.98227044e-01  1.27501608e+00  5.93385894e-01  1.28495031e+00]
Best fitness in last gen:
9.97718383821345e-06

Best in all:
[ 1.32353275e-02  2.50756556e-02 -3.80326423e-02  2.31851065e-02
  2.97469001e-02 -1.13955049e-02  3.02575961e-02  4.45659456e-02
  1.13993506e-02  2.17576878e-02 -1.89802486e-03  8.04114699e-03
 -1.95748797e-03  2.54425675e-02  8.68195953e-02 -3.21569527e-02
 -7.67836644e-03  2.72453283e-02  1.66982010e-02  8.83442272e-03
  2.96116051e-02 -1.55360503e-02  5.48648470e-02 -1.62812942e-02
  2.13752541e-02 -3.86017562e-02 -1.76202273e-02 -7.83621069e-02
  1.59082562e-02  7.94959151e-03 -7.41406922e-03  9.25606959e-03
  4.18946370e-02 -5.02292839e-02 -3.93466941e-02 -2.06350301e-02
 -2.82882274e-02  3.03502959e-02 -7.82506248e-03  6.34218946e-02
 -4.88561198e-02  3.14165444e-03  2.66543740e-02 -3.44418832e-04
 -5.19942491e-02  1.56037262e-02 -3.97639297e-02  1.67656417e-02
  9.98227044e-01  1.27501608e+00  5.93385894e-01  1.28495031e+00]
Best fitness in all:
9.97718383821345e-06
GA calculation time:
3.429791212081909

Initial parameters
population size = 10
number of generations = 100
Real number of generations = 100
elitism = 2
crossover_rate = 0.95
mutation rate = 0.02
mutation range = [0.05 0.05 0.05 0.05 0.05 0.05 0.05 0.05 0.05 0.05 0.05 0.05 0.05 0.05
 0.05 0.05 0.05 0.05 0.05 0.05 0.05 0.05 0.05 0.05 0.05 0.05 0.05 0.05
 0.05 0.05 0.05 0.05 0.05 0.05 0.05 0.05 0.05 0.05 0.05 0.05 0.05 0.05
 0.05 0.05 0.05 0.05 0.05 0.05 0.02 1.   0.05 0.05]
order = 3
gene ranges = ((-0.05, 0.05), (0.98, 1.02), (-2, 2), (0.55, 0.65), (1.2, 1.3))
