Best in last gen:
[ 7.88163943e-03 -1.18540414e-02  1.12680820e-02 -6.93663870e-03
  2.68429030e-02 -8.97371171e-03  6.96234631e-03  2.67159025e-02
 -1.35218715e-02  1.10627276e-03  8.83807449e-03 -2.46682573e-02
 -3.86226299e-02 -1.64371715e-03  7.81713403e-03  2.25853867e-02
 -2.22499456e-03 -5.80412946e-03 -3.29075482e-04  6.01040106e-03
  4.44076477e-03  8.22064389e-03  6.31643281e-03 -6.18244992e-03
  7.20000374e-03  1.73328823e-02 -7.71563365e-03  9.75721164e-03
 -8.06780503e-03  2.01288223e-02  2.18027319e-02  2.62097103e-03
 -1.18267299e-03  1.92752878e-02  1.29890026e-02 -1.23575353e-02
 -3.30258066e-03 -6.75427678e-03  1.53983438e-02 -5.59093863e-03
 -1.28080337e-02  1.00805502e-02 -1.68757162e-02  1.74108890e-03
 -1.21253081e-02 -1.97157903e-02 -2.30802923e-02 -6.52815277e-03
 -1.35118902e-02  8.23624536e-03  2.43677262e-02  1.24191342e-02
  1.22359866e-02 -2.76328379e-02  5.24544906e-03 -5.02155698e-03
 -4.28660646e-03 -3.40662253e-02 -2.37833091e-02 -3.24962201e-02
 -5.97520642e-03 -2.38943428e-02 -2.38920950e-02 -8.68803452e-03
 -1.83138866e-02  1.26909882e-02  9.41589263e-03 -2.43449359e-02
  3.43681443e-03  7.90895296e-03  3.28344061e-03 -2.11143925e-03
  3.00320674e-03 -3.06972295e-04 -3.95434769e-03  5.74524688e-03
  5.06816309e-03  5.96499328e-03 -8.26224954e-03 -6.04976322e-03
 -1.08845866e-02 -5.91460467e-03 -1.37549558e-02 -1.47845659e-02
 -1.78216991e-03 -8.09297367e-03  1.70865548e-02  9.50742904e-03
 -6.33705922e-03  1.16664115e-02 -2.49985485e-02 -4.36616329e-02
  4.02569603e-02  1.34036147e-02 -6.14878878e-03 -1.06618114e-02
  2.46576674e-03  8.83731683e-03 -5.78395789e-03  9.38623461e-03
  1.54331139e-02  1.75138619e-02 -1.72284437e-02  5.02470604e-04
  8.07556363e-04  7.56276178e-03  1.53816610e-02 -1.10460676e-03
  2.18402522e-02  6.70018050e-03 -1.88859445e-02 -1.48838056e-02
  1.58648770e-02 -2.60647631e-03  9.30341179e-04  1.67359282e-02
 -1.08036433e-02  6.37943613e-04  2.02645765e-04  3.62326010e-03
  9.87561927e-01  2.67782905e-06  9.31936004e-01  2.04960952e-01]
Best fitness in last gen:
4.736665377903043e-06
GA calculation time:
17660.756194114685

Initial parameters
population size = 500
number of generations = 10000
Real number of generations = 10000
elitism = 2
crossover_rate = 0.95
mutation rate = 0.01
mutation range = [3.e-02 3.e-02 3.e-02 3.e-02 3.e-02 3.e-02 3.e-02 3.e-02 3.e-02 3.e-02
 3.e-02 3.e-02 3.e-02 3.e-02 3.e-02 3.e-02 3.e-02 3.e-02 3.e-02 3.e-02
 3.e-02 3.e-02 3.e-02 3.e-02 3.e-02 3.e-02 3.e-02 3.e-02 3.e-02 3.e-02
 3.e-02 3.e-02 3.e-02 3.e-02 3.e-02 3.e-02 3.e-02 3.e-02 3.e-02 3.e-02
 3.e-02 3.e-02 3.e-02 3.e-02 3.e-02 3.e-02 3.e-02 3.e-02 3.e-02 3.e-02
 3.e-02 3.e-02 3.e-02 3.e-02 3.e-02 3.e-02 3.e-02 3.e-02 3.e-02 3.e-02
 3.e-02 3.e-02 3.e-02 3.e-02 3.e-02 3.e-02 3.e-02 3.e-02 3.e-02 3.e-02
 3.e-02 3.e-02 3.e-02 3.e-02 3.e-02 3.e-02 3.e-02 3.e-02 3.e-02 3.e-02
 3.e-02 3.e-02 3.e-02 3.e-02 3.e-02 3.e-02 3.e-02 3.e-02 3.e-02 3.e-02
 3.e-02 3.e-02 3.e-02 3.e-02 3.e-02 3.e-02 3.e-02 3.e-02 3.e-02 3.e-02
 3.e-02 3.e-02 3.e-02 3.e-02 3.e-02 3.e-02 3.e-02 3.e-02 3.e-02 3.e-02
 3.e-02 3.e-02 3.e-02 3.e-02 3.e-02 3.e-02 3.e-02 3.e-02 3.e-02 3.e-02
 2.e-02 1.e-06 3.e-02 3.e-02]
order = 5
gene ranges = [(-0.03, 0.03), (-0.03, 0.03), (-0.03, 0.03), (-0.03, 0.03), (-0.03, 0.03), (-0.03, 0.03), (-0.03, 0.03), (-0.03, 0.03), (-0.03, 0.03), (-0.03, 0.03), (-0.03, 0.03), (-0.03, 0.03), (-0.03, 0.03), (-0.03, 0.03), (-0.03, 0.03), (-0.03, 0.03), (-0.03, 0.03), (-0.03, 0.03), (-0.03, 0.03), (-0.03, 0.03), (-0.03, 0.03), (-0.03, 0.03), (-0.03, 0.03), (-0.03, 0.03), (-0.03, 0.03), (-0.03, 0.03), (-0.03, 0.03), (-0.03, 0.03), (-0.03, 0.03), (-0.03, 0.03), (-0.03, 0.03), (-0.03, 0.03), (-0.03, 0.03), (-0.03, 0.03), (-0.03, 0.03), (-0.03, 0.03), (-0.03, 0.03), (-0.03, 0.03), (-0.03, 0.03), (-0.03, 0.03), (-0.03, 0.03), (-0.03, 0.03), (-0.03, 0.03), (-0.03, 0.03), (-0.03, 0.03), (-0.03, 0.03), (-0.03, 0.03), (-0.03, 0.03), (-0.03, 0.03), (-0.03, 0.03), (-0.03, 0.03), (-0.03, 0.03), (-0.03, 0.03), (-0.03, 0.03), (-0.03, 0.03), (-0.03, 0.03), (-0.03, 0.03), (-0.03, 0.03), (-0.03, 0.03), (-0.03, 0.03), (-0.03, 0.03), (-0.03, 0.03), (-0.03, 0.03), (-0.03, 0.03), (-0.03, 0.03), (-0.03, 0.03), (-0.03, 0.03), (-0.03, 0.03), (-0.03, 0.03), (-0.03, 0.03), (-0.03, 0.03), (-0.03, 0.03), (-0.03, 0.03), (-0.03, 0.03), (-0.03, 0.03), (-0.03, 0.03), (-0.03, 0.03), (-0.03, 0.03), (-0.03, 0.03), (-0.03, 0.03), (-0.03, 0.03), (-0.03, 0.03), (-0.03, 0.03), (-0.03, 0.03), (-0.03, 0.03), (-0.03, 0.03), (-0.03, 0.03), (-0.03, 0.03), (-0.03, 0.03), (-0.03, 0.03), (-0.03, 0.03), (-0.03, 0.03), (-0.03, 0.03), (-0.03, 0.03), (-0.03, 0.03), (-0.03, 0.03), (-0.03, 0.03), (-0.03, 0.03), (-0.03, 0.03), (-0.03, 0.03), (-0.03, 0.03), (-0.03, 0.03), (-0.03, 0.03), (-0.03, 0.03), (-0.03, 0.03), (-0.03, 0.03), (-0.03, 0.03), (-0.03, 0.03), (-0.03, 0.03), (-0.03, 0.03), (-0.03, 0.03), (-0.03, 0.03), (-0.03, 0.03), (-0.03, 0.03), (-0.03, 0.03), (-0.03, 0.03), (-0.03, 0.03), (-0.03, 0.03), (-0.03, 0.03), (-0.03, 0.03), (0.98, 1.02), (-1e-05, 1e-05), (0.9, 0.96), (0.18, 0.24)]