Best in last gen:
[ 5.63591218e-03  1.02336391e-03  1.42569935e-02  1.31587621e-02
 -1.10557186e-02  6.38127111e-03  4.54396460e-02  6.11251625e-03
  1.88384719e-02  2.98030775e-03 -1.06445846e-02  2.44602170e-02
 -4.02661203e-02  3.50981940e-02 -2.41963485e-02 -1.07959228e-03
 -1.63038860e-02 -6.51751724e-03  8.77776081e-02  3.03044616e-02
  4.08029296e-02 -4.93433771e-02  1.09630420e-02 -5.17607357e-03
  2.33302160e-02 -2.55566899e-02 -1.05165048e-02  2.31625973e-02
  5.40582201e-03 -6.22535844e-02 -9.26842000e-03 -6.10300282e-02
 -4.21050884e-02 -2.12186531e-02 -5.19209629e-02  3.33968525e-02
  6.86046002e-03  2.89132524e-02 -5.82962244e-02  3.65314645e-02
 -7.13686911e-02 -6.18225062e-02 -1.23449930e-02  1.92888208e-02
 -2.69090208e-02  3.16956718e-02 -9.19115067e-03  5.12809748e-02
  1.01530975e+00  3.82475307e-06  3.63951749e-01  2.70017420e-01]
Best fitness in last gen:
4.822251321058189e-06
GA calculation time:
55263.3562066555

Initial parameters
population size = 500
number of generations = 100000
Real number of generations = 100000
elitism = 2
crossover_rate = 0.95
mutation rate = 0.01
mutation range = [3.e-02 3.e-02 3.e-02 3.e-02 3.e-02 3.e-02 3.e-02 3.e-02 3.e-02 3.e-02
 3.e-02 3.e-02 3.e-02 3.e-02 3.e-02 3.e-02 3.e-02 3.e-02 3.e-02 3.e-02
 3.e-02 3.e-02 3.e-02 3.e-02 3.e-02 3.e-02 3.e-02 3.e-02 3.e-02 3.e-02
 3.e-02 3.e-02 3.e-02 3.e-02 3.e-02 3.e-02 3.e-02 3.e-02 3.e-02 3.e-02
 3.e-02 3.e-02 3.e-02 3.e-02 3.e-02 3.e-02 3.e-02 3.e-02 2.e-02 1.e-06
 3.e-02 3.e-02]
order = 3
gene ranges = [(-0.03, 0.03), (-0.03, 0.03), (-0.03, 0.03), (-0.03, 0.03), (-0.03, 0.03), (-0.03, 0.03), (-0.03, 0.03), (-0.03, 0.03), (-0.03, 0.03), (-0.03, 0.03), (-0.03, 0.03), (-0.03, 0.03), (-0.03, 0.03), (-0.03, 0.03), (-0.03, 0.03), (-0.03, 0.03), (-0.03, 0.03), (-0.03, 0.03), (-0.03, 0.03), (-0.03, 0.03), (-0.03, 0.03), (-0.03, 0.03), (-0.03, 0.03), (-0.03, 0.03), (-0.03, 0.03), (-0.03, 0.03), (-0.03, 0.03), (-0.03, 0.03), (-0.03, 0.03), (-0.03, 0.03), (-0.03, 0.03), (-0.03, 0.03), (-0.03, 0.03), (-0.03, 0.03), (-0.03, 0.03), (-0.03, 0.03), (-0.03, 0.03), (-0.03, 0.03), (-0.03, 0.03), (-0.03, 0.03), (-0.03, 0.03), (-0.03, 0.03), (-0.03, 0.03), (-0.03, 0.03), (-0.03, 0.03), (-0.03, 0.03), (-0.03, 0.03), (-0.03, 0.03), (0.98, 1.02), (-1e-05, 1e-05), (0.32, 0.38), (0.24, 0.3)]