Best in last gen:
[-3.08573255e-02  9.36760310e-04  1.85519841e-02 -2.28298322e-02
  3.63485425e-04 -3.82020700e-02  7.39426204e-03  5.35142044e-04
  1.64429356e-02 -6.34837712e-03  2.58382024e-02 -1.06148830e-02
  1.34853184e-02  4.40551174e-02 -2.08349948e-02  4.34207637e-02
  5.17908842e-02  3.02634157e-02 -1.16735340e-03  1.64152267e-02
  5.55706933e-03 -1.66425519e-02 -5.99715822e-03  2.57848515e-02
  9.81384292e-04  2.27541332e-02 -6.81772289e-02  2.80516340e-03
 -5.11555897e-03 -7.14018483e-03  3.70268845e-02  2.40490079e-02
  7.69937555e-03 -4.16562546e-02  9.87008731e-02 -3.85777897e-03
  2.25287782e-02 -6.28268975e-02 -4.02418634e-02  7.74589934e-03
 -1.43612900e-04  5.74174020e-02 -1.77242411e-02 -4.00205352e-03
 -7.17756954e-03  1.73620219e-02 -2.59712150e-02 -6.31821733e-03
  9.93272698e-01  2.26207764e-06  4.57906312e-01  3.29393997e-01]
Best fitness in last gen:
1.8089721150933629e-06
GA calculation time:
596.7341697216034

Initial parameters
population size = 300
number of generations = 2000
Real number of generations = 2000
elitism = 2
crossover_rate = 0.95
mutation rate = 0.01
mutation range = [4.e-02 4.e-02 4.e-02 4.e-02 4.e-02 4.e-02 4.e-02 4.e-02 4.e-02 4.e-02
 4.e-02 4.e-02 4.e-02 4.e-02 4.e-02 4.e-02 4.e-02 4.e-02 4.e-02 4.e-02
 4.e-02 4.e-02 4.e-02 4.e-02 4.e-02 4.e-02 4.e-02 4.e-02 4.e-02 4.e-02
 4.e-02 4.e-02 4.e-02 4.e-02 4.e-02 4.e-02 4.e-02 4.e-02 4.e-02 4.e-02
 4.e-02 4.e-02 4.e-02 4.e-02 4.e-02 4.e-02 4.e-02 4.e-02 2.e-02 1.e-06
 2.e-02 2.e-02]
order = 3
gene ranges = [(-0.1, 0.1), (-0.1, 0.1), (-0.1, 0.1), (-0.1, 0.1), (-0.1, 0.1), (-0.1, 0.1), (-0.1, 0.1), (-0.1, 0.1), (-0.1, 0.1), (-0.1, 0.1), (-0.1, 0.1), (-0.1, 0.1), (-0.1, 0.1), (-0.1, 0.1), (-0.1, 0.1), (-0.1, 0.1), (-0.1, 0.1), (-0.1, 0.1), (-0.1, 0.1), (-0.1, 0.1), (-0.1, 0.1), (-0.1, 0.1), (-0.1, 0.1), (-0.1, 0.1), (-0.1, 0.1), (-0.1, 0.1), (-0.1, 0.1), (-0.1, 0.1), (-0.1, 0.1), (-0.1, 0.1), (-0.1, 0.1), (-0.1, 0.1), (-0.1, 0.1), (-0.1, 0.1), (-0.1, 0.1), (-0.1, 0.1), (-0.1, 0.1), (-0.1, 0.1), (-0.1, 0.1), (-0.1, 0.1), (-0.1, 0.1), (-0.1, 0.1), (-0.1, 0.1), (-0.1, 0.1), (-0.1, 0.1), (-0.1, 0.1), (-0.1, 0.1), (-0.1, 0.1), (0.98, 1.02), (-1e-05, 1e-05), (0.4, 0.5), (0.28, 0.38)]
