Best in last gen:
[ 2.52337930e-02 -2.56124227e-02 -3.14205916e-03  2.40820159e-02
  7.54552743e-04  1.20309241e-02 -5.65117684e-03  1.20059950e-02
 -1.72644177e-02  2.14293723e-02 -8.63639712e-03  2.28394509e-02
  1.60398787e-03 -1.87977433e-02  1.41212036e-02  2.65786566e-02
  3.48256687e-02  7.65294948e-03  7.07724378e-03  5.00769841e-03
  3.95425995e-02 -1.72060904e-02  1.34979757e-03  2.14900185e-02
  1.45751430e-02  2.99625445e-02  1.35651607e-02 -3.18785142e-04
  1.37769865e-02 -1.79305427e-02  1.46621201e-02 -2.22427309e-03
 -1.99185510e-02 -1.26538979e-02  8.32010262e-03 -8.57335781e-03
  8.06264763e-03  4.26830251e-03  1.49135008e-02  1.07353010e-03
  6.41828525e-03  6.93155594e-03  8.23969881e-03 -9.13524803e-03
  1.52909155e-02  1.60132947e-02 -1.63931840e-02 -5.98897760e-03
  1.24965484e-02  7.47359129e-03 -1.68471697e-02  1.52934427e-02
  5.26997478e-03  3.24959300e-03  1.62369753e-02 -1.62760166e-02
 -1.69671530e-02  2.09696149e-02 -1.17167663e-02 -1.62344184e-03
  3.95075451e-02 -1.59727130e-03  2.68303262e-02 -7.13971827e-03
  6.86869810e-03  9.58594445e-03  2.37764376e-02  2.74549886e-02
  1.74153545e-02  5.75937552e-03 -1.00442391e-02 -3.79269223e-02
  2.08008970e-02  5.25978291e-04  3.24521191e-03 -2.84159507e-02
  2.30557725e-02  6.90147806e-03 -9.72912439e-03  3.83352873e-03
 -7.83585989e-02  1.11543659e-02 -2.66174262e-03 -9.61377190e-03
 -5.18589850e-03 -9.27701136e-03 -1.27778597e-02  1.96827379e-03
  1.35159786e-02 -1.17695583e-02 -1.45063300e-02  1.93330019e-02
  8.32586974e-03 -1.07274552e-02 -1.50573528e-02  2.31141514e-02
 -4.63846812e-03 -1.73250775e-02 -2.84628732e-03 -8.96505851e-03
  9.36688842e-03  6.50350128e-03  1.20438419e-02  3.15091114e-03
  1.99593824e-02 -1.07850525e-02 -3.62737865e-03  1.60765342e-02
 -2.49239018e-03  1.71126295e-02 -6.50669760e-02 -3.34550312e-02
 -1.19269460e-02 -1.09399851e-02  3.57150720e-03  2.44305543e-03
  2.12908239e-03  3.24490704e-03 -7.72610443e-03  2.67324747e-03
  9.91622386e-01  1.74196402e-06  1.25042828e+00  5.75695597e-01]
Best fitness in last gen:
0.000897702798911382
GA calculation time:
33052.459012031555

Initial parameters
population size = 10
number of generations = 100000
Real number of generations = 100000
elitism = 2
crossover_rate = 0.95
mutation rate = 0.01
mutation range = [1.e-02 1.e-02 1.e-02 1.e-02 1.e-02 1.e-02 1.e-02 1.e-02 1.e-02 1.e-02
 1.e-02 1.e-02 1.e-02 1.e-02 1.e-02 1.e-02 1.e-02 1.e-02 1.e-02 1.e-02
 1.e-02 1.e-02 1.e-02 1.e-02 1.e-02 1.e-02 1.e-02 1.e-02 1.e-02 1.e-02
 1.e-02 1.e-02 1.e-02 1.e-02 1.e-02 1.e-02 1.e-02 1.e-02 1.e-02 1.e-02
 1.e-02 1.e-02 1.e-02 1.e-02 1.e-02 1.e-02 1.e-02 1.e-02 1.e-02 1.e-02
 1.e-02 1.e-02 1.e-02 1.e-02 1.e-02 1.e-02 1.e-02 1.e-02 1.e-02 1.e-02
 1.e-02 1.e-02 1.e-02 1.e-02 1.e-02 1.e-02 1.e-02 1.e-02 1.e-02 1.e-02
 1.e-02 1.e-02 1.e-02 1.e-02 1.e-02 1.e-02 1.e-02 1.e-02 1.e-02 1.e-02
 1.e-02 1.e-02 1.e-02 1.e-02 1.e-02 1.e-02 1.e-02 1.e-02 1.e-02 1.e-02
 1.e-02 1.e-02 1.e-02 1.e-02 1.e-02 1.e-02 1.e-02 1.e-02 1.e-02 1.e-02
 1.e-02 1.e-02 1.e-02 1.e-02 1.e-02 1.e-02 1.e-02 1.e-02 1.e-02 1.e-02
 1.e-02 1.e-02 1.e-02 1.e-02 1.e-02 1.e-02 1.e-02 1.e-02 1.e-02 1.e-02
 2.e-02 1.e-06 2.e-02 2.e-02]
order = 5
gene ranges = [(-0.03, 0.03), (-0.03, 0.03), (-0.03, 0.03), (-0.03, 0.03), (-0.03, 0.03), (-0.03, 0.03), (-0.03, 0.03), (-0.03, 0.03), (-0.03, 0.03), (-0.03, 0.03), (-0.03, 0.03), (-0.03, 0.03), (-0.03, 0.03), (-0.03, 0.03), (-0.03, 0.03), (-0.03, 0.03), (-0.03, 0.03), (-0.03, 0.03), (-0.03, 0.03), (-0.03, 0.03), (-0.03, 0.03), (-0.03, 0.03), (-0.03, 0.03), (-0.03, 0.03), (-0.03, 0.03), (-0.03, 0.03), (-0.03, 0.03), (-0.03, 0.03), (-0.03, 0.03), (-0.03, 0.03), (-0.03, 0.03), (-0.03, 0.03), (-0.03, 0.03), (-0.03, 0.03), (-0.03, 0.03), (-0.03, 0.03), (-0.03, 0.03), (-0.03, 0.03), (-0.03, 0.03), (-0.03, 0.03), (-0.03, 0.03), (-0.03, 0.03), (-0.03, 0.03), (-0.03, 0.03), (-0.03, 0.03), (-0.03, 0.03), (-0.03, 0.03), (-0.03, 0.03), (-0.03, 0.03), (-0.03, 0.03), (-0.03, 0.03), (-0.03, 0.03), (-0.03, 0.03), (-0.03, 0.03), (-0.03, 0.03), (-0.03, 0.03), (-0.03, 0.03), (-0.03, 0.03), (-0.03, 0.03), (-0.03, 0.03), (-0.03, 0.03), (-0.03, 0.03), (-0.03, 0.03), (-0.03, 0.03), (-0.03, 0.03), (-0.03, 0.03), (-0.03, 0.03), (-0.03, 0.03), (-0.03, 0.03), (-0.03, 0.03), (-0.03, 0.03), (-0.03, 0.03), (-0.03, 0.03), (-0.03, 0.03), (-0.03, 0.03), (-0.03, 0.03), (-0.03, 0.03), (-0.03, 0.03), (-0.03, 0.03), (-0.03, 0.03), (-0.03, 0.03), (-0.03, 0.03), (-0.03, 0.03), (-0.03, 0.03), (-0.03, 0.03), (-0.03, 0.03), (-0.03, 0.03), (-0.03, 0.03), (-0.03, 0.03), (-0.03, 0.03), (-0.03, 0.03), (-0.03, 0.03), (-0.03, 0.03), (-0.03, 0.03), (-0.03, 0.03), (-0.03, 0.03), (-0.03, 0.03), (-0.03, 0.03), (-0.03, 0.03), (-0.03, 0.03), (-0.03, 0.03), (-0.03, 0.03), (-0.03, 0.03), (-0.03, 0.03), (-0.03, 0.03), (-0.03, 0.03), (-0.03, 0.03), (-0.03, 0.03), (-0.03, 0.03), (-0.03, 0.03), (-0.03, 0.03), (-0.03, 0.03), (-0.03, 0.03), (-0.03, 0.03), (-0.03, 0.03), (-0.03, 0.03), (-0.03, 0.03), (-0.03, 0.03), (-0.03, 0.03), (-0.03, 0.03), (0.98, 1.02), (-1e-05, 1e-05), (1.24, 1.28), (0.56, 0.6)]
