Best in last gen:
[ 5.28426222e-02  1.70902464e-02 -1.43323742e-02  3.16831265e-02
  1.42757912e-02 -2.41478449e-02 -2.47888110e-02 -6.24339881e-03
  3.57832834e-04  3.87026285e-03 -4.47850547e-02  5.31194116e-02
  6.27271322e-02  3.67034342e-03  7.85951976e-03  3.31126025e-03
  3.79403414e-02  2.17261395e-02  2.36731229e-02  3.46649011e-03
  4.29741435e-03  6.58616705e-04  1.85110286e-02 -6.92704070e-02
 -2.96071497e-02 -2.45845202e-02 -4.98248595e-02 -6.07441012e-02
  6.45099052e-03 -4.09981418e-03 -2.90463447e-02 -5.76548353e-02
 -6.45558138e-03 -3.82971660e-02 -3.67272881e-02  1.40962028e-02
 -8.16876474e-03  9.24593539e-03  1.06417551e-02 -3.73749621e-03
 -1.97664084e-03 -4.39492173e-03 -6.03334620e-02 -3.16303372e-02
  8.67960575e-03 -2.26558873e-02 -8.62166797e-03  3.43046088e-02
  9.98399730e-01 -1.01701799e-06  3.30186979e-01  7.69072888e-01]
Best fitness in last gen:
1.8928306099034414e-05
GA calculation time:
2959.0001928806305

Initial parameters
population size = 300
number of generations = 10000
Real number of generations = 10000
elitism = 2
crossover_rate = 0.95
mutation rate = 0.01
mutation range = [4.e-02 4.e-02 4.e-02 4.e-02 4.e-02 4.e-02 4.e-02 4.e-02 4.e-02 4.e-02
 4.e-02 4.e-02 4.e-02 4.e-02 4.e-02 4.e-02 4.e-02 4.e-02 4.e-02 4.e-02
 4.e-02 4.e-02 4.e-02 4.e-02 4.e-02 4.e-02 4.e-02 4.e-02 4.e-02 4.e-02
 4.e-02 4.e-02 4.e-02 4.e-02 4.e-02 4.e-02 4.e-02 4.e-02 4.e-02 4.e-02
 4.e-02 4.e-02 4.e-02 4.e-02 4.e-02 4.e-02 4.e-02 4.e-02 2.e-02 1.e-06
 1.e-02 1.e-02]
order = 3
gene ranges = [(-0.05, 0.05), (-0.05, 0.05), (-0.05, 0.05), (-0.05, 0.05), (-0.05, 0.05), (-0.05, 0.05), (-0.05, 0.05), (-0.05, 0.05), (-0.05, 0.05), (-0.05, 0.05), (-0.05, 0.05), (-0.05, 0.05), (-0.05, 0.05), (-0.05, 0.05), (-0.05, 0.05), (-0.05, 0.05), (-0.05, 0.05), (-0.05, 0.05), (-0.05, 0.05), (-0.05, 0.05), (-0.05, 0.05), (-0.05, 0.05), (-0.05, 0.05), (-0.05, 0.05), (-0.05, 0.05), (-0.05, 0.05), (-0.05, 0.05), (-0.05, 0.05), (-0.05, 0.05), (-0.05, 0.05), (-0.05, 0.05), (-0.05, 0.05), (-0.05, 0.05), (-0.05, 0.05), (-0.05, 0.05), (-0.05, 0.05), (-0.05, 0.05), (-0.05, 0.05), (-0.05, 0.05), (-0.05, 0.05), (-0.05, 0.05), (-0.05, 0.05), (-0.05, 0.05), (-0.05, 0.05), (-0.05, 0.05), (-0.05, 0.05), (-0.05, 0.05), (-0.05, 0.05), (0.98, 1.02), (-1e-05, 1e-05), (0.31, 0.35), (0.75, 0.79)]
