Best in last gen:
[ 2.29449180e-02  3.77642555e-02  3.26829255e-02  3.10594378e-02
  3.41202565e-02  1.50413687e-02 -3.85887209e-02  2.87751313e-02
  7.83500793e-03  1.18750005e-02 -2.75107976e-02 -1.32371061e-02
  5.20291722e-02 -4.59067534e-03  7.33974316e-03 -1.65774490e-02
 -1.41447808e-02 -1.15623806e-02 -4.95667002e-03 -4.68311793e-03
 -2.89798459e-03 -4.80458450e-03 -1.92626966e-02  1.85035141e-02
  2.65359443e-02 -1.42533497e-02  2.37889800e-02  2.28048270e-02
  3.49964491e-02 -2.57795714e-03  9.20821244e-02  2.51815031e-03
 -2.18717645e-02  1.72092064e-02 -3.36639086e-03 -9.66601883e-03
  4.79556584e-03  2.95664342e-03  2.86811876e-04  3.87332074e-03
 -3.08460566e-02  1.15118816e-02 -1.45845167e-01 -4.38120646e-02
  1.59299744e-02  6.58050036e-04 -4.77595554e-02  2.44177753e-02
  1.02030401e+00 -1.14798755e-01  1.19997939e+00  7.01340809e-01]
Best fitness in last gen:
5.654901078279309e-06

Best in all:
[ 2.29449180e-02  3.77642555e-02  3.26829255e-02  3.10594378e-02
  3.41202565e-02  1.50413687e-02 -3.85887209e-02  2.87751313e-02
  7.83500793e-03  1.18750005e-02 -2.75107976e-02 -1.32371061e-02
  5.20291722e-02 -4.59067534e-03  7.33974316e-03 -1.65774490e-02
 -1.41447808e-02 -1.15623806e-02 -4.95667002e-03 -4.68311793e-03
 -2.89798459e-03 -4.80458450e-03 -1.92626966e-02  1.85035141e-02
  2.65359443e-02 -1.42533497e-02  2.37889800e-02  2.28048270e-02
  3.49964491e-02 -2.57795714e-03  9.20821244e-02  2.51815031e-03
 -2.18717645e-02  1.72092064e-02 -3.36639086e-03 -9.66601883e-03
  4.79556584e-03  2.95664342e-03  2.86811876e-04  3.87332074e-03
 -3.08460566e-02  1.15118816e-02 -1.45845167e-01 -4.38120646e-02
  1.59299744e-02  6.58050036e-04 -4.77595554e-02  2.44177753e-02
  1.02030401e+00 -1.14798755e-01  1.19997939e+00  7.01340809e-01]
Best fitness in all:
5.654901078279309e-06
GA calculation time:
4627.140154838562

Initial parameters
population size = 500
number of generations = 10000
Real number of generations = 10000
elitism = 2
crossover_rate = 0.95
mutation rate = 0.007
mutation range = 0.1
order = 3
gene ranges = ((-0.1, 0.1), (0.98, 1.02), (-2, 2), (1.0, 1.4), (0.5, 0.9))
