Best in last gen:
[-0.04449442 -0.01937573  0.07798743  0.06588388  0.03706839  0.04918492
  0.09344047  0.05003412  0.00501816 -0.07186914 -0.0336161   0.07093608
 -0.01411313  0.03415019 -0.05160319 -0.03321548  0.0901084  -0.08358217
  0.02764892 -0.08847421  0.08778113  0.04745381 -0.00836106 -0.03978434
  0.09398041  0.02555116  0.09727632 -0.07004233 -0.04337196  0.06064055
  0.05139359  0.05122082  0.0417223   0.08485188  0.00773909 -0.00224976
  0.07972915 -0.06272847 -0.07018184 -0.09084532 -0.0099547  -0.05004244
 -0.08823131  0.07234001  0.0817181   0.0697209  -0.00582834  0.08300258
  1.01030475 -0.92408667  0.83242258  1.46269638]
Best fitness in last gen:
5.991885272214551e-08

Best in all:
[-0.04449442 -0.01937573  0.07798743  0.06588388  0.03706839  0.04918492
  0.09344047  0.05003412  0.00501816 -0.07186914 -0.0336161   0.07093608
 -0.01411313  0.03415019 -0.05160319 -0.03321548  0.0901084  -0.08358217
  0.02764892 -0.08847421  0.08778113  0.04745381 -0.00836106 -0.03978434
  0.09398041  0.02555116  0.09727632 -0.07004233 -0.04337196  0.06064055
  0.05139359  0.05122082  0.0417223   0.08485188  0.00773909 -0.00224976
  0.07972915 -0.06272847 -0.07018184 -0.09084532 -0.0099547  -0.05004244
 -0.08823131  0.07234001  0.0817181   0.0697209  -0.00582834  0.08300258
  1.01030475 -0.92408667  0.83242258  1.46269638]
Best fitness in all:
5.991885272214551e-08
GA calculation time:
4.856839418411255

Initial parameters
population size = 500
number of generations = 5
Real number of generations = 5
elitism = 2
crossover_rate = 0.95
mutation rate = 0.007
mutation range = 0.1
order = 3
gene ranges = ((-0.1, 0.1), (0.98, 1.02), (-2, 2), (0.65, 1.05), (1.2, 1.6))