Best in last gen:
[ 3.00061373e-03 -1.69202825e-02 -1.20661540e-02  9.13968462e-03
  2.25569367e-02 -2.39217291e-02 -1.16884220e-03  1.48677866e-02
 -2.79351592e-03  5.37123599e-03  8.86158560e-03 -2.15801398e-02
 -3.97943659e-02  9.42559141e-03 -3.72523240e-02  9.66447703e-03
  2.52896728e-02 -4.77389188e-02  2.65189659e-02 -3.13671224e-02
  1.89261417e-02 -3.10397340e-02  4.32666349e-03 -3.18898711e-02
 -7.58564018e-03 -8.58336481e-03  3.48754030e-02 -2.00499235e-03
  1.40570180e-02  3.49694949e-04  1.83249367e-02  2.98641452e-02
  1.84257892e-02 -2.90978803e-02  1.80742665e-02 -4.28875860e-03
 -4.33889033e-03  4.37033970e-02  4.38283109e-02 -3.25955357e-02
 -2.44673561e-02 -2.42563052e-02 -3.68872673e-02 -1.80965046e-02
 -5.13522062e-02 -5.50150174e-03  1.68840978e-02 -3.19197197e-02
  9.94407703e-01  6.22254994e-07  5.81291038e-01  4.40109399e-01]
Best fitness in last gen:
2.3217169350325297e-06
GA calculation time:
324.5659749507904

Initial parameters
population size = 100
number of generations = 2000
Real number of generations = 2000
elitism = 2
crossover_rate = 0.95
mutation rate = 0.01
mutation range = [4.e-02 4.e-02 4.e-02 4.e-02 4.e-02 4.e-02 4.e-02 4.e-02 4.e-02 4.e-02
 4.e-02 4.e-02 4.e-02 4.e-02 4.e-02 4.e-02 4.e-02 4.e-02 4.e-02 4.e-02
 4.e-02 4.e-02 4.e-02 4.e-02 4.e-02 4.e-02 4.e-02 4.e-02 4.e-02 4.e-02
 4.e-02 4.e-02 4.e-02 4.e-02 4.e-02 4.e-02 4.e-02 4.e-02 4.e-02 4.e-02
 4.e-02 4.e-02 4.e-02 4.e-02 4.e-02 4.e-02 4.e-02 4.e-02 2.e-02 1.e-06
 2.e-02 2.e-02]
order = 3
gene ranges = [(-0.04, 0.04), (-0.04, 0.04), (-0.04, 0.04), (-0.04, 0.04), (-0.04, 0.04), (-0.04, 0.04), (-0.04, 0.04), (-0.04, 0.04), (-0.04, 0.04), (-0.04, 0.04), (-0.04, 0.04), (-0.04, 0.04), (-0.04, 0.04), (-0.04, 0.04), (-0.04, 0.04), (-0.04, 0.04), (-0.04, 0.04), (-0.04, 0.04), (-0.04, 0.04), (-0.04, 0.04), (-0.04, 0.04), (-0.04, 0.04), (-0.04, 0.04), (-0.04, 0.04), (-0.04, 0.04), (-0.04, 0.04), (-0.04, 0.04), (-0.04, 0.04), (-0.04, 0.04), (-0.04, 0.04), (-0.04, 0.04), (-0.04, 0.04), (-0.04, 0.04), (-0.04, 0.04), (-0.04, 0.04), (-0.04, 0.04), (-0.04, 0.04), (-0.04, 0.04), (-0.04, 0.04), (-0.04, 0.04), (-0.04, 0.04), (-0.04, 0.04), (-0.04, 0.04), (-0.04, 0.04), (-0.04, 0.04), (-0.04, 0.04), (-0.04, 0.04), (-0.04, 0.04), (0.98, 1.02), (-1e-05, 1e-05), (0.55, 0.59), (0.42, 0.46)]
