Best in last gen:
[ 5.94166837e-03  2.07527897e-02 -1.51879287e-03 -6.68560895e-02
  4.64150619e-03  1.36925173e-02  1.86419665e-02  7.85656072e-03
  2.27311937e-02 -1.39812624e-02  3.41537919e-02  1.09294003e-02
 -1.50218711e-02  1.49811500e-03 -9.01962980e-03 -1.62424982e-03
  4.43795297e-02  2.01536267e-02  1.34862564e-02  1.06758224e-02
 -1.56287554e-02  1.92381683e-03  3.72825369e-03 -1.35865074e-02
 -4.29732376e-03  7.45544929e-02  2.51703918e-03  9.30764848e-03
  4.90540594e-03  5.47992582e-03  1.05413819e-02 -1.83330546e-03
 -8.21655767e-03 -2.83122556e-03  7.30041439e-03  8.99249366e-03
 -1.35774902e-02  9.33364364e-03  1.45632108e-02  3.69859126e-03
 -9.13695477e-03  9.84470664e-03  2.06502237e-02  1.28450922e-02
  1.46798294e-02 -5.98693547e-03  2.09690021e-02  1.41019221e-02
 -9.41312024e-03 -6.51752937e-03 -1.00548922e-02  3.32977344e-03
  1.23013044e-03 -5.20250014e-03 -9.65450876e-03 -5.64439580e-03
  1.27249378e-02 -9.28072425e-03 -2.05160255e-03 -6.87738396e-04
  1.76672785e-02  1.28142761e-04 -1.11498858e-02 -1.61417428e-02
  1.30465326e-02  3.32425539e-02  2.86738152e-03 -2.02399749e-02
 -5.71119338e-03  1.61425385e-02  5.50208654e-03 -3.05663424e-02
 -1.59962590e-02 -7.05903351e-03  3.02635974e-04  4.66602650e-02
 -1.72855359e-02  3.51634767e-03  1.46857653e-02  5.54187986e-03
 -2.89418476e-03  2.17136608e-02 -8.57986467e-03  9.67338191e-03
  2.04515980e-02 -1.67888620e-02 -1.08342545e-02  2.26865947e-02
  2.64882398e-02  6.43395379e-03 -9.96614890e-03  8.00571894e-03
  5.89208386e-04  4.03598114e-03 -4.06785808e-03 -1.20841345e-02
  8.01118949e-03  2.46787245e-02  1.75444628e-02  6.92651420e-03
  3.70177351e-03 -6.82344866e-03  3.55506079e-03 -4.46062095e-03
 -1.18275373e-02  5.21937362e-03 -1.01019457e-02 -1.49338729e-02
 -9.65631041e-03 -9.20486052e-03 -1.31460425e-01  1.29729389e-02
  2.56311399e-02  1.17880895e-03  1.89885815e-02 -4.56288452e-02
 -4.55166059e-02  2.62129732e-02 -3.29935052e-02  3.05171715e-03
  1.00223321e+00  6.87780238e-06  1.20278188e+00  6.86095031e-01]
Best fitness in last gen:
0.0006802100338222067
GA calculation time:
185003.32720971107

Initial parameters
population size = 500
number of generations = 100000
Real number of generations = 100000
elitism = 2
crossover_rate = 0.95
mutation rate = 0.01
mutation range = [3.e-02 3.e-02 3.e-02 3.e-02 3.e-02 3.e-02 3.e-02 3.e-02 3.e-02 3.e-02
 3.e-02 3.e-02 3.e-02 3.e-02 3.e-02 3.e-02 3.e-02 3.e-02 3.e-02 3.e-02
 3.e-02 3.e-02 3.e-02 3.e-02 3.e-02 3.e-02 3.e-02 3.e-02 3.e-02 3.e-02
 3.e-02 3.e-02 3.e-02 3.e-02 3.e-02 3.e-02 3.e-02 3.e-02 3.e-02 3.e-02
 3.e-02 3.e-02 3.e-02 3.e-02 3.e-02 3.e-02 3.e-02 3.e-02 3.e-02 3.e-02
 3.e-02 3.e-02 3.e-02 3.e-02 3.e-02 3.e-02 3.e-02 3.e-02 3.e-02 3.e-02
 3.e-02 3.e-02 3.e-02 3.e-02 3.e-02 3.e-02 3.e-02 3.e-02 3.e-02 3.e-02
 3.e-02 3.e-02 3.e-02 3.e-02 3.e-02 3.e-02 3.e-02 3.e-02 3.e-02 3.e-02
 3.e-02 3.e-02 3.e-02 3.e-02 3.e-02 3.e-02 3.e-02 3.e-02 3.e-02 3.e-02
 3.e-02 3.e-02 3.e-02 3.e-02 3.e-02 3.e-02 3.e-02 3.e-02 3.e-02 3.e-02
 3.e-02 3.e-02 3.e-02 3.e-02 3.e-02 3.e-02 3.e-02 3.e-02 3.e-02 3.e-02
 3.e-02 3.e-02 3.e-02 3.e-02 3.e-02 3.e-02 3.e-02 3.e-02 3.e-02 3.e-02
 2.e-02 1.e-06 2.e-02 2.e-02]
order = 5
gene ranges = [(-0.03, 0.03), (-0.03, 0.03), (-0.03, 0.03), (-0.03, 0.03), (-0.03, 0.03), (-0.03, 0.03), (-0.03, 0.03), (-0.03, 0.03), (-0.03, 0.03), (-0.03, 0.03), (-0.03, 0.03), (-0.03, 0.03), (-0.03, 0.03), (-0.03, 0.03), (-0.03, 0.03), (-0.03, 0.03), (-0.03, 0.03), (-0.03, 0.03), (-0.03, 0.03), (-0.03, 0.03), (-0.03, 0.03), (-0.03, 0.03), (-0.03, 0.03), (-0.03, 0.03), (-0.03, 0.03), (-0.03, 0.03), (-0.03, 0.03), (-0.03, 0.03), (-0.03, 0.03), (-0.03, 0.03), (-0.03, 0.03), (-0.03, 0.03), (-0.03, 0.03), (-0.03, 0.03), (-0.03, 0.03), (-0.03, 0.03), (-0.03, 0.03), (-0.03, 0.03), (-0.03, 0.03), (-0.03, 0.03), (-0.03, 0.03), (-0.03, 0.03), (-0.03, 0.03), (-0.03, 0.03), (-0.03, 0.03), (-0.03, 0.03), (-0.03, 0.03), (-0.03, 0.03), (-0.03, 0.03), (-0.03, 0.03), (-0.03, 0.03), (-0.03, 0.03), (-0.03, 0.03), (-0.03, 0.03), (-0.03, 0.03), (-0.03, 0.03), (-0.03, 0.03), (-0.03, 0.03), (-0.03, 0.03), (-0.03, 0.03), (-0.03, 0.03), (-0.03, 0.03), (-0.03, 0.03), (-0.03, 0.03), (-0.03, 0.03), (-0.03, 0.03), (-0.03, 0.03), (-0.03, 0.03), (-0.03, 0.03), (-0.03, 0.03), (-0.03, 0.03), (-0.03, 0.03), (-0.03, 0.03), (-0.03, 0.03), (-0.03, 0.03), (-0.03, 0.03), (-0.03, 0.03), (-0.03, 0.03), (-0.03, 0.03), (-0.03, 0.03), (-0.03, 0.03), (-0.03, 0.03), (-0.03, 0.03), (-0.03, 0.03), (-0.03, 0.03), (-0.03, 0.03), (-0.03, 0.03), (-0.03, 0.03), (-0.03, 0.03), (-0.03, 0.03), (-0.03, 0.03), (-0.03, 0.03), (-0.03, 0.03), (-0.03, 0.03), (-0.03, 0.03), (-0.03, 0.03), (-0.03, 0.03), (-0.03, 0.03), (-0.03, 0.03), (-0.03, 0.03), (-0.03, 0.03), (-0.03, 0.03), (-0.03, 0.03), (-0.03, 0.03), (-0.03, 0.03), (-0.03, 0.03), (-0.03, 0.03), (-0.03, 0.03), (-0.03, 0.03), (-0.03, 0.03), (-0.03, 0.03), (-0.03, 0.03), (-0.03, 0.03), (-0.03, 0.03), (-0.03, 0.03), (-0.03, 0.03), (-0.03, 0.03), (-0.03, 0.03), (-0.03, 0.03), (-0.03, 0.03), (0.98, 1.02), (-1e-05, 1e-05), (1.19, 1.23), (0.66, 0.7)]