Best in last gen:
[ 8.45785252e-03  4.80726818e-02  8.88175847e-03  8.33971240e-03
  7.39542270e-02  2.28154266e-02  7.58226860e-02 -1.74987449e-02
  1.29317945e-02  5.23918357e-02  2.06487875e-02  2.13967045e-03
 -1.40608852e-02 -6.83202397e-03 -2.40399376e-02 -2.37592986e-02
  5.34566341e-03 -1.44855373e-02 -1.61536168e-02 -1.64246945e-03
 -7.58448969e-03  5.87287352e-02  1.18563391e-03 -5.25053167e-03
  8.92343876e-03 -6.24336182e-02 -7.87977811e-03  2.89319707e-03
 -9.18061568e-03 -1.08816164e-02 -2.61116802e-02  1.10595577e-02
  1.52477308e-02 -2.69663947e-02  2.22016976e-02  1.84553649e-02
  5.92687070e-02  1.04326720e-02  7.20772120e-03 -5.48077268e-03
 -1.54197684e-02 -6.47777101e-03 -3.66322805e-02 -3.27283894e-02
  2.47405973e-04  1.88639227e-02  1.25297473e-01  2.47998740e-02
  9.84731416e-01 -8.37651495e-02  1.24110483e+00  5.92667267e-01]
Best fitness in last gen:
3.281691642418382e-05
GA calculation time:
13454.11758351326

Initial parameters
population size = 500
number of generations = 30000
Real number of generations = 30000
elitism = 2
crossover_rate = 0.95
mutation rate = 0.02
mutation range = [0.1  0.1  0.1  0.1  0.1  0.1  0.1  0.1  0.1  0.1  0.1  0.1  0.1  0.1
 0.1  0.1  0.1  0.1  0.1  0.1  0.1  0.1  0.1  0.1  0.1  0.1  0.1  0.1
 0.1  0.1  0.1  0.1  0.1  0.1  0.1  0.1  0.1  0.1  0.1  0.1  0.1  0.1
 0.1  0.1  0.1  0.1  0.1  0.1  0.04 3.6  0.1  0.1 ]
order = 3
gene ranges = ((-0.05, 0.05), (0.98, 1.02), (-0.8, 0.8), (1.2, 1.3), (0.55, 0.65))
