Best in last gen:
[-3.70422527e-02 -4.84813097e-02 -4.23601477e-02  3.84801002e-03
  4.83109421e-02 -1.98593165e-02  6.80231888e-02  1.87688761e-02
 -1.54962782e-03 -2.69362816e-02 -1.45068721e-02 -3.74939371e-02
 -7.28208172e-03  1.12332123e-02  1.19105195e-02 -7.69293772e-02
  6.06781935e-02 -3.38733803e-02 -8.96399303e-03 -1.56763117e-02
 -1.65688317e-02 -2.09135534e-02  4.87026501e-02  6.37849493e-02
 -3.06095974e-02  1.05898154e-03 -3.13711488e-02  4.15161959e-02
  8.88609806e-03 -2.93462273e-02  1.13775569e-02  2.41642689e-02
  6.40273443e-02  2.41582916e-02 -6.63999185e-02 -6.94129683e-02
 -1.77643333e-02  3.17427237e-02  2.21713913e-02  5.74722656e-02
  2.55221115e-02  6.58323639e-02  5.30789970e-02  1.25127344e-02
 -1.70214305e-02 -7.19047521e-03 -4.64351060e-02 -5.78020420e-02
  3.15919199e-02 -8.97914107e-03  3.25993062e-02 -7.34948538e-03
 -2.87569336e-02  2.93007877e-02  1.76970698e-02 -1.06082577e-02
  3.45663276e-02  1.34626865e-02 -8.28027166e-03 -2.55527496e-02
 -3.23098092e-02  1.07893079e-02 -2.52475025e-02 -4.51062635e-02
 -1.48974072e-02 -2.45893188e-02 -1.48246456e-02 -3.26612046e-02
 -4.77603593e-02  2.13629778e-02 -2.60909641e-02 -2.41753154e-02
 -3.00322234e-03 -4.61332310e-02  3.25197965e-02  4.84393822e-02
  4.57065487e-02 -1.38361615e-02  1.70247349e-02  3.99083798e-02
 -5.01438022e-02  2.13764164e-02  1.10880500e-02  2.20161088e-02
 -7.17569848e-03 -2.08304503e-02  1.45764586e-03 -1.55771990e-02
 -3.00996392e-02  3.54129500e-03  4.54179771e-02 -1.52019894e-02
  6.01934184e-03 -2.72157296e-03  1.79341437e-03  9.30496039e-03
  6.65089429e-02  1.08245395e-02 -1.77483703e-02 -3.63830429e-02
 -1.77460269e-02  6.78398374e-03  1.31074511e-02  3.68047342e-02
 -9.02099649e-03  5.43933116e-02  6.23613117e-02  3.12383374e-02
 -9.24546224e-03 -2.77826932e-02  5.19747919e-03 -1.69860426e-02
  1.33675673e-02 -3.70301510e-02  3.18556252e-02 -2.24240705e-02
 -2.10004203e-02  3.51471942e-02 -4.65040072e-02 -7.30763944e-03
  1.00360105e+00 -7.92905428e-01  1.73712169e+00  7.63668379e-01]
Best fitness in last gen:
1.4500774249908408e-08

Best in all:
[-3.70422527e-02 -4.84813097e-02 -4.23601477e-02  3.84801002e-03
  4.83109421e-02 -1.98593165e-02  6.80231888e-02  1.87688761e-02
 -1.54962782e-03 -2.69362816e-02 -1.45068721e-02 -3.74939371e-02
 -7.28208172e-03  1.12332123e-02  1.19105195e-02 -7.69293772e-02
  6.06781935e-02 -3.38733803e-02 -8.96399303e-03 -1.56763117e-02
 -1.65688317e-02 -2.09135534e-02  4.87026501e-02  6.37849493e-02
 -3.06095974e-02  1.05898154e-03 -3.13711488e-02  4.15161959e-02
  8.88609806e-03 -2.93462273e-02  1.13775569e-02  2.41642689e-02
  6.40273443e-02  2.41582916e-02 -6.63999185e-02 -6.94129683e-02
 -1.77643333e-02  3.17427237e-02  2.21713913e-02  5.74722656e-02
  2.55221115e-02  6.58323639e-02  5.30789970e-02  1.25127344e-02
 -1.70214305e-02 -7.19047521e-03 -4.64351060e-02 -5.78020420e-02
  3.15919199e-02 -8.97914107e-03  3.25993062e-02 -7.34948538e-03
 -2.87569336e-02  2.93007877e-02  1.76970698e-02 -1.06082577e-02
  3.45663276e-02  1.34626865e-02 -8.28027166e-03 -2.55527496e-02
 -3.23098092e-02  1.07893079e-02 -2.52475025e-02 -4.51062635e-02
 -1.48974072e-02 -2.45893188e-02 -1.48246456e-02 -3.26612046e-02
 -4.77603593e-02  2.13629778e-02 -2.60909641e-02 -2.41753154e-02
 -3.00322234e-03 -4.61332310e-02  3.25197965e-02  4.84393822e-02
  4.57065487e-02 -1.38361615e-02  1.70247349e-02  3.99083798e-02
 -5.01438022e-02  2.13764164e-02  1.10880500e-02  2.20161088e-02
 -7.17569848e-03 -2.08304503e-02  1.45764586e-03 -1.55771990e-02
 -3.00996392e-02  3.54129500e-03  4.54179771e-02 -1.52019894e-02
  6.01934184e-03 -2.72157296e-03  1.79341437e-03  9.30496039e-03
  6.65089429e-02  1.08245395e-02 -1.77483703e-02 -3.63830429e-02
 -1.77460269e-02  6.78398374e-03  1.31074511e-02  3.68047342e-02
 -9.02099649e-03  5.43933116e-02  6.23613117e-02  3.12383374e-02
 -9.24546224e-03 -2.77826932e-02  5.19747919e-03 -1.69860426e-02
  1.33675673e-02 -3.70301510e-02  3.18556252e-02 -2.24240705e-02
 -2.10004203e-02  3.51471942e-02 -4.65040072e-02 -7.30763944e-03
  1.00360105e+00 -7.92905428e-01  1.73712169e+00  7.63668379e-01]
Best fitness in all:
1.4500774249908408e-08

Initial parameters
population size = 10
number of generations = 10
Real number of generations = 10
elitism = 2
crossover_rate = 0.95
mutation rate = 0.007
mutation range = 0.1
order = 5
gene ranges = ((-0.1, 0.1), (0.98, 1.02), (-2, 2), (1.6, 1.8), (0.7, 0.9))
