Best in last gen:
[-1.17367297e-02 -2.33281788e-02 -1.59634171e-02 -1.50904696e-02
  1.98778207e-02  5.79749999e-03  2.76685373e-02 -1.32252077e-02
 -5.75334473e-02 -5.60867951e-03  1.81570166e-02 -1.94035796e-03
 -1.09105370e-02  1.05999939e-03  6.41463275e-03  2.16132382e-02
  8.04379758e-02  5.48690297e-03 -9.16415776e-03  4.13381162e-02
  7.34726469e-03  3.82368870e-03  3.60496841e-02  2.64182021e-03
  8.17842683e-03 -1.18940474e-02  4.12110912e-03 -3.11127414e-02
 -4.89714094e-03  6.70046109e-03 -2.54869954e-02  2.17921788e-02
  1.11951807e-02 -1.51361246e-02 -4.11274875e-02  4.52035457e-03
 -6.15679951e-02 -2.58420892e-02 -8.43771540e-03  1.16633505e-03
  3.44861575e-02  1.85207124e-02  2.51908971e-02  2.24069878e-02
 -2.80825953e-03 -5.56119497e-03 -2.08049057e-02  1.86995050e-02
  9.61580582e-01 -1.87418099e-01  1.23132347e+00  8.24890674e-01]
Best fitness in last gen:
1.0703746270218399e-05

Best in all:
[-1.17367297e-02 -2.33281788e-02 -1.59634171e-02 -1.50904696e-02
  1.98778207e-02  5.79749999e-03  2.76685373e-02 -1.32252077e-02
 -5.75334473e-02 -5.60867951e-03  1.81570166e-02 -1.94035796e-03
 -1.09105370e-02  1.05999939e-03  6.41463275e-03  2.16132382e-02
  8.04379758e-02  5.48690297e-03 -9.16415776e-03  4.13381162e-02
  7.34726469e-03  3.82368870e-03  3.60496841e-02  2.64182021e-03
  8.17842683e-03 -1.18940474e-02  4.12110912e-03 -3.11127414e-02
 -4.89714094e-03  6.70046109e-03 -2.54869954e-02  2.17921788e-02
  1.11951807e-02 -1.51361246e-02 -4.11274875e-02  4.52035457e-03
 -6.15679951e-02 -2.58420892e-02 -8.43771540e-03  1.16633505e-03
  3.44861575e-02  1.85207124e-02  2.51908971e-02  2.24069878e-02
 -2.80825953e-03 -5.56119497e-03 -2.08049057e-02  1.86995050e-02
  9.61580582e-01 -1.87418099e-01  1.23132347e+00  8.24890674e-01]
Best fitness in all:
1.0703746270218399e-05
GA calculation time:
452.0594391822815

Initial parameters
population size = 500
number of generations = 1000
Real number of generations = 1000
elitism = 2
crossover_rate = 0.95
mutation rate = 0.007
mutation range = 0.1
order = 3
gene ranges = ((-0.1, 0.1), (0.98, 1.02), (-2, 2), (1.0, 1.4), (0.6, 1.0))
