Best in last gen:
[ 1.46889914e-02 -1.77470571e-02 -5.38702951e-03  4.36232237e-02
 -1.42413064e-02 -2.33522587e-03  1.94001989e-03 -1.65246510e-02
  8.30565350e-03  1.67456473e-02 -8.59525738e-03 -1.27455260e-03
 -2.47765676e-02  3.57319774e-03  3.34978892e-03  8.90105793e-04
  1.14981040e-02 -2.84272882e-03  3.93424288e-03 -3.27137673e-03
  3.15662751e-03 -3.36052945e-02 -1.71087633e-03 -4.97176319e-03
 -6.14595934e-03  2.57470911e-03  6.58704830e-03 -2.11458863e-02
  1.96190981e-04 -6.01980984e-03 -2.53791102e-02  1.30168478e-02
 -6.53187970e-03 -1.05891142e-02  1.01668032e-02 -1.37352701e-02
  9.18528486e-03  1.82127489e-04  1.16501844e-03  7.99333966e-03
  1.44795553e-02  2.58539107e-03 -1.64226936e-03 -2.09588931e-02
 -4.83033834e-03 -6.21508926e-03  1.56831487e-03 -5.24502772e-03
  1.00447138e+00  1.21925499e-09  1.98907075e+00  1.35364236e+00]
Best fitness in last gen:
2.0203803166370767e-06
GA calculation time:
420.89326786994934

Initial parameters
population size = 300
number of generations = 1000
Real number of generations = 1000
elitism = 2
crossover_rate = 0.95
mutation rate = 0.01
mutation range = [4.e-02 4.e-02 4.e-02 4.e-02 4.e-02 4.e-02 4.e-02 4.e-02 4.e-02 4.e-02
 4.e-02 4.e-02 4.e-02 4.e-02 4.e-02 4.e-02 4.e-02 4.e-02 4.e-02 4.e-02
 4.e-02 4.e-02 4.e-02 4.e-02 4.e-02 4.e-02 4.e-02 4.e-02 4.e-02 4.e-02
 4.e-02 4.e-02 4.e-02 4.e-02 4.e-02 4.e-02 4.e-02 4.e-02 4.e-02 4.e-02
 4.e-02 4.e-02 4.e-02 4.e-02 4.e-02 4.e-02 4.e-02 4.e-02 2.e-02 1.e-06
 2.e-02 2.e-02]
order = 3
gene ranges = [(-0.01, 0.01), (-0.01, 0.01), (-0.01, 0.01), (-0.01, 0.01), (-0.01, 0.01), (-0.01, 0.01), (-0.01, 0.01), (-0.01, 0.01), (-0.01, 0.01), (-0.01, 0.01), (-0.01, 0.01), (-0.01, 0.01), (-0.01, 0.01), (-0.01, 0.01), (-0.01, 0.01), (-0.01, 0.01), (-0.01, 0.01), (-0.01, 0.01), (-0.01, 0.01), (-0.01, 0.01), (-0.01, 0.01), (-0.01, 0.01), (-0.01, 0.01), (-0.01, 0.01), (-0.01, 0.01), (-0.01, 0.01), (-0.01, 0.01), (-0.01, 0.01), (-0.01, 0.01), (-0.01, 0.01), (-0.01, 0.01), (-0.01, 0.01), (-0.01, 0.01), (-0.01, 0.01), (-0.01, 0.01), (-0.01, 0.01), (-0.01, 0.01), (-0.01, 0.01), (-0.01, 0.01), (-0.01, 0.01), (-0.01, 0.01), (-0.01, 0.01), (-0.01, 0.01), (-0.01, 0.01), (-0.01, 0.01), (-0.01, 0.01), (-0.01, 0.01), (-0.01, 0.01), (0.98, 1.02), (-1e-05, 1e-05), (1.94, 2.04), (1.31, 1.41)]
