Best in last gen:
[ 2.21716947e-02 -1.04482527e-02 -2.36648237e-03  4.35793190e-02
  6.33569616e-03 -1.32214632e-02  3.14280281e-02  4.51971545e-03
  2.21691705e-02  4.61020336e-02 -2.46973681e-02  3.38618423e-02
  1.42560409e-02 -3.35977572e-03  1.68802386e-02 -4.13096474e-04
  6.69155108e-02 -4.50098259e-02  2.37737133e-02  1.37075284e-02
 -2.08451514e-02  3.44919336e-02  3.39551481e-03  9.47318166e-03
  9.64684166e-03 -2.96731139e-02 -4.17313455e-02 -5.18074249e-02
 -1.52198233e-02 -1.73544602e-02 -7.80617381e-03 -5.06808478e-02
 -2.33591252e-03  2.38712638e-02 -2.27502197e-02  5.03663759e-02
 -5.96758489e-02 -7.20313478e-02  5.98956353e-02  1.42761770e-02
  2.44171491e-02 -9.98293029e-02 -2.18025784e-03  3.14227117e-02
  1.25880368e-02 -1.96301295e-02  1.59807907e-02  1.43628158e-02
  9.95033660e-01 -4.31256536e-06  3.59879184e-01  1.63086412e-01]
Best fitness in last gen:
8.055183251959966e-07
GA calculation time:
5682.480199098587

Initial parameters
population size = 250
number of generations = 20000
Real number of generations = 20000
elitism = 2
crossover_rate = 0.95
mutation rate = 0.01
mutation range = [4.e-02 4.e-02 4.e-02 4.e-02 4.e-02 4.e-02 4.e-02 4.e-02 4.e-02 4.e-02
 4.e-02 4.e-02 4.e-02 4.e-02 4.e-02 4.e-02 4.e-02 4.e-02 4.e-02 4.e-02
 4.e-02 4.e-02 4.e-02 4.e-02 4.e-02 4.e-02 4.e-02 4.e-02 4.e-02 4.e-02
 4.e-02 4.e-02 4.e-02 4.e-02 4.e-02 4.e-02 4.e-02 4.e-02 4.e-02 4.e-02
 4.e-02 4.e-02 4.e-02 4.e-02 4.e-02 4.e-02 4.e-02 4.e-02 2.e-02 1.e-06
 2.e-02 2.e-02]
order = 3
gene ranges = [(-0.04, 0.04), (-0.04, 0.04), (-0.04, 0.04), (-0.04, 0.04), (-0.04, 0.04), (-0.04, 0.04), (-0.04, 0.04), (-0.04, 0.04), (-0.04, 0.04), (-0.04, 0.04), (-0.04, 0.04), (-0.04, 0.04), (-0.04, 0.04), (-0.04, 0.04), (-0.04, 0.04), (-0.04, 0.04), (-0.04, 0.04), (-0.04, 0.04), (-0.04, 0.04), (-0.04, 0.04), (-0.04, 0.04), (-0.04, 0.04), (-0.04, 0.04), (-0.04, 0.04), (-0.04, 0.04), (-0.04, 0.04), (-0.04, 0.04), (-0.04, 0.04), (-0.04, 0.04), (-0.04, 0.04), (-0.04, 0.04), (-0.04, 0.04), (-0.04, 0.04), (-0.04, 0.04), (-0.04, 0.04), (-0.04, 0.04), (-0.04, 0.04), (-0.04, 0.04), (-0.04, 0.04), (-0.04, 0.04), (-0.04, 0.04), (-0.04, 0.04), (-0.04, 0.04), (-0.04, 0.04), (-0.04, 0.04), (-0.04, 0.04), (-0.04, 0.04), (-0.04, 0.04), (0.98, 1.02), (-1e-05, 1e-05), (0.34, 0.38), (0.17, 0.21)]
