Best in last gen:
[ 5.29377826e-04  8.70371188e-03  1.88876110e-02  4.08368693e-03
 -2.72503890e-03  2.21385711e-02  1.15130606e-02  2.79372565e-02
 -8.36487987e-03 -3.57223255e-03  5.36735060e-02  1.22963712e-02
  4.13651052e-03  6.13405262e-03  7.39792218e-03 -1.47778733e-02
  3.48371854e-02 -2.78464146e-02 -1.56884296e-03  1.02225431e-02
 -3.16015017e-02 -3.67742164e-03 -1.70110028e-02 -1.18564975e-02
 -7.47818407e-03 -1.14525756e-02  6.48097592e-04 -2.36794066e-04
 -8.87861856e-04  9.28971418e-04  1.09267384e-02 -4.49518418e-03
  4.63144072e-03  1.00092269e-02 -1.28749644e-02 -1.47415750e-02
 -6.09840259e-03  2.67327280e-03 -3.66769829e-03 -1.06950002e-02
 -3.25523551e-03  8.34744338e-03 -9.95707757e-03 -5.65939129e-04
  2.47816517e-02 -2.18838713e-03  3.76161950e-03  1.93275140e-02
  5.36907081e-03  7.84061433e-03 -2.36057560e-03  7.56580215e-03
  7.36069245e-03  2.27851899e-02 -4.15137729e-03 -7.58176311e-03
  9.33989609e-04  2.11454782e-03 -1.13422955e-02 -1.64901137e-02
  2.87257076e-02 -5.34302065e-03  3.77011490e-03  1.56862807e-02
  5.63132692e-03  5.96621548e-03  1.97054128e-02  2.66759844e-02
 -4.56988607e-03  4.02916069e-03 -6.86321275e-03  3.51833707e-02
  3.38017048e-03 -1.10317055e-02 -9.59154934e-03 -2.39869441e-03
  3.06564858e-03  3.88038262e-03 -1.61311469e-02 -1.94235202e-03
  5.14093451e-02 -9.50825528e-03 -1.26068742e-02 -6.66798630e-03
 -3.61497565e-03  2.65278853e-02 -8.66715210e-03 -1.49594661e-03
  1.26047251e-02 -9.76203612e-03 -4.90639428e-03 -3.40985486e-03
 -1.45820660e-02  4.89410562e-03  9.47147919e-03  1.38173130e-03
  4.48114854e-04 -1.39364970e-02 -9.30130981e-03  1.47550504e-02
 -2.33254148e-03 -4.87482433e-03  1.12650425e-02 -4.62899322e-03
 -7.02038485e-03 -8.88988356e-03  1.50469813e-03  3.12003586e-03
 -4.32665024e-03 -7.02592888e-03 -7.23597546e-02 -3.02386507e-02
  1.59678073e-02  7.07224342e-03 -9.32965068e-03 -1.04831829e-02
 -2.64552714e-02 -7.96729330e-04 -5.82075812e-03 -1.12176915e-02
  9.96492015e-01 -1.63620213e-01  1.21271271e+00  6.69218888e-01]
Best fitness in last gen:
6.676662820514903e-06
GA calculation time:
2330.4200963974

Initial parameters
population size = 100
number of generations = 10000
Real number of generations = 10000
elitism = 2
crossover_rate = 0.95
mutation rate = 0.01
mutation range = [0.01 0.01 0.01 0.01 0.01 0.01 0.01 0.01 0.01 0.01 0.01 0.01 0.01 0.01
 0.01 0.01 0.01 0.01 0.01 0.01 0.01 0.01 0.01 0.01 0.01 0.01 0.01 0.01
 0.01 0.01 0.01 0.01 0.01 0.01 0.01 0.01 0.01 0.01 0.01 0.01 0.01 0.01
 0.01 0.01 0.01 0.01 0.01 0.01 0.01 0.01 0.01 0.01 0.01 0.01 0.01 0.01
 0.01 0.01 0.01 0.01 0.01 0.01 0.01 0.01 0.01 0.01 0.01 0.01 0.01 0.01
 0.01 0.01 0.01 0.01 0.01 0.01 0.01 0.01 0.01 0.01 0.01 0.01 0.01 0.01
 0.01 0.01 0.01 0.01 0.01 0.01 0.01 0.01 0.01 0.01 0.01 0.01 0.01 0.01
 0.01 0.01 0.01 0.01 0.01 0.01 0.01 0.01 0.01 0.01 0.01 0.01 0.01 0.01
 0.01 0.01 0.01 0.01 0.01 0.01 0.01 0.01 0.2  0.02 0.01 0.01]
order = 5
gene ranges = [(-0.01, 0.01), (-0.01, 0.01), (-0.01, 0.01), (-0.01, 0.01), (-0.01, 0.01), (-0.01, 0.01), (-0.01, 0.01), (-0.01, 0.01), (-0.01, 0.01), (-0.01, 0.01), (-0.01, 0.01), (-0.01, 0.01), (-0.01, 0.01), (-0.01, 0.01), (-0.01, 0.01), (-0.01, 0.01), (-0.01, 0.01), (-0.01, 0.01), (-0.01, 0.01), (-0.01, 0.01), (-0.01, 0.01), (-0.01, 0.01), (-0.01, 0.01), (-0.01, 0.01), (-0.01, 0.01), (-0.01, 0.01), (-0.01, 0.01), (-0.01, 0.01), (-0.01, 0.01), (-0.01, 0.01), (-0.01, 0.01), (-0.01, 0.01), (-0.01, 0.01), (-0.01, 0.01), (-0.01, 0.01), (-0.01, 0.01), (-0.01, 0.01), (-0.01, 0.01), (-0.01, 0.01), (-0.01, 0.01), (-0.01, 0.01), (-0.01, 0.01), (-0.01, 0.01), (-0.01, 0.01), (-0.01, 0.01), (-0.01, 0.01), (-0.01, 0.01), (-0.01, 0.01), (-0.01, 0.01), (-0.01, 0.01), (-0.01, 0.01), (-0.01, 0.01), (-0.01, 0.01), (-0.01, 0.01), (-0.01, 0.01), (-0.01, 0.01), (-0.01, 0.01), (-0.01, 0.01), (-0.01, 0.01), (-0.01, 0.01), (-0.01, 0.01), (-0.01, 0.01), (-0.01, 0.01), (-0.01, 0.01), (-0.01, 0.01), (-0.01, 0.01), (-0.01, 0.01), (-0.01, 0.01), (-0.01, 0.01), (-0.01, 0.01), (-0.01, 0.01), (-0.01, 0.01), (-0.01, 0.01), (-0.01, 0.01), (-0.01, 0.01), (-0.01, 0.01), (-0.01, 0.01), (-0.01, 0.01), (-0.01, 0.01), (-0.01, 0.01), (-0.01, 0.01), (-0.01, 0.01), (-0.01, 0.01), (-0.01, 0.01), (-0.01, 0.01), (-0.01, 0.01), (-0.01, 0.01), (-0.01, 0.01), (-0.01, 0.01), (-0.01, 0.01), (-0.01, 0.01), (-0.01, 0.01), (-0.01, 0.01), (-0.01, 0.01), (-0.01, 0.01), (-0.01, 0.01), (-0.01, 0.01), (-0.01, 0.01), (-0.01, 0.01), (-0.01, 0.01), (-0.01, 0.01), (-0.01, 0.01), (-0.01, 0.01), (-0.01, 0.01), (-0.01, 0.01), (-0.01, 0.01), (-0.01, 0.01), (-0.01, 0.01), (-0.01, 0.01), (-0.01, 0.01), (-0.01, 0.01), (-0.01, 0.01), (-0.01, 0.01), (-0.01, 0.01), (-0.01, 0.01), (-0.01, 0.01), (-0.01, 0.01), (-0.01, 0.01), (-0.01, 0.01), (-0.01, 0.01), (0.98, 1.02), (-0.2, 0.2), (1.19, 1.23), (0.66, 0.7)]
