Best in last gen:
[-2.86210555e-02 -2.89578251e-02 -4.59157789e-02  3.05313984e-02
 -2.52010277e-02 -3.92972928e-03 -2.18456416e-02 -2.51970852e-03
 -5.42393892e-03 -8.53317991e-04 -3.00668769e-03 -4.70406617e-03
  5.25478176e-02 -1.14275900e-02  4.03969248e-02 -1.70381614e-02
  2.93928562e-02 -3.91475002e-03 -6.21405567e-03  4.98113511e-02
 -1.05846156e-02  5.75034305e-02 -8.13613850e-02 -4.28712293e-02
 -1.10670165e-02  8.88156959e-02  5.82602149e-02  3.30938888e-02
  3.04847416e-02 -1.65615844e-02  2.18426862e-03 -1.57662017e-03
  1.63205140e-02 -1.19159277e-02 -5.61634647e-03 -3.47190430e-03
  2.67642023e-02  2.61232259e-02  5.15085877e-03  6.72129690e-03
 -1.56639745e-02 -6.23759593e-03 -6.59712516e-03 -4.87211403e-03
 -2.63836132e-04 -6.15007278e-02 -1.65201387e-02  9.84209223e-03
  1.00988958e+00  2.66383781e-06  3.11245371e-01  6.49187645e-01]
Best fitness in last gen:
2.4192383913841e-07
GA calculation time:
8895.407629728317

Initial parameters
population size = 200
number of generations = 15000
Real number of generations = 15000
elitism = 2
crossover_rate = 0.95
mutation rate = 0.01
mutation range = [5.e-02 5.e-02 5.e-02 5.e-02 5.e-02 5.e-02 5.e-02 5.e-02 5.e-02 5.e-02
 5.e-02 5.e-02 5.e-02 5.e-02 5.e-02 5.e-02 5.e-02 5.e-02 5.e-02 5.e-02
 5.e-02 5.e-02 5.e-02 5.e-02 5.e-02 5.e-02 5.e-02 5.e-02 5.e-02 5.e-02
 5.e-02 5.e-02 5.e-02 5.e-02 5.e-02 5.e-02 5.e-02 5.e-02 5.e-02 5.e-02
 5.e-02 5.e-02 5.e-02 5.e-02 5.e-02 5.e-02 5.e-02 5.e-02 2.e-02 1.e-06
 5.e-02 5.e-02]
order = 3
gene ranges = [(-0.05, 0.05), (-0.05, 0.05), (-0.05, 0.05), (-0.05, 0.05), (-0.05, 0.05), (-0.05, 0.05), (-0.05, 0.05), (-0.05, 0.05), (-0.05, 0.05), (-0.05, 0.05), (-0.05, 0.05), (-0.05, 0.05), (-0.05, 0.05), (-0.05, 0.05), (-0.05, 0.05), (-0.05, 0.05), (-0.05, 0.05), (-0.05, 0.05), (-0.05, 0.05), (-0.05, 0.05), (-0.05, 0.05), (-0.05, 0.05), (-0.05, 0.05), (-0.05, 0.05), (-0.05, 0.05), (-0.05, 0.05), (-0.05, 0.05), (-0.05, 0.05), (-0.05, 0.05), (-0.05, 0.05), (-0.05, 0.05), (-0.05, 0.05), (-0.05, 0.05), (-0.05, 0.05), (-0.05, 0.05), (-0.05, 0.05), (-0.05, 0.05), (-0.05, 0.05), (-0.05, 0.05), (-0.05, 0.05), (-0.05, 0.05), (-0.05, 0.05), (-0.05, 0.05), (-0.05, 0.05), (-0.05, 0.05), (-0.05, 0.05), (-0.05, 0.05), (-0.05, 0.05), (0.98, 1.02), (-1e-05, 1e-05), (0.25, 0.35), (0.6, 0.7)]
