Best in last gen:
[-7.97636390e-03 -2.49202525e-03 -7.54294348e-02 -3.81388132e-02
  9.52737102e-02  3.72848715e-02  5.65779058e-02 -1.39732165e-02
  2.56303126e-02  1.64892307e-02  7.12508259e-03  1.32413059e-02
  1.46344134e-02 -7.38137883e-03  1.53291720e-02 -1.63621422e-02
 -7.03186386e-02 -1.30911564e-02 -3.56531942e-02  4.93934770e-02
  1.19317737e-02  4.90330248e-03  6.14020355e-02  1.85725532e-02
 -1.64809860e-02  2.68656744e-02 -1.68754148e-02  1.63167866e-02
 -2.96625624e-02 -3.77775301e-02 -1.68676661e-01 -1.96315853e-02
  1.43894582e-02 -2.98463515e-02 -2.10849507e-02 -3.92233505e-02
  5.42303953e-03 -5.37957874e-02  3.72040066e-02  2.82077453e-02
  8.45309443e-04  2.01616314e-02  2.80356601e-02  3.08954233e-03
 -1.24158672e-02  2.56745568e-03 -3.87545258e-02 -3.46287188e-02
  1.00836259e+00 -4.53333206e-01  1.19468376e+00  8.03577656e-01]
Best fitness in last gen:
4.8265619454171925e-06

Best in all:
[-7.97636390e-03 -2.49202525e-03 -7.54294348e-02 -3.81388132e-02
  9.52737102e-02  3.72848715e-02  5.65779058e-02 -1.39732165e-02
  2.56303126e-02  1.64892307e-02  7.12508259e-03  1.32413059e-02
  1.46344134e-02 -7.38137883e-03  1.53291720e-02 -1.63621422e-02
 -7.03186386e-02 -1.30911564e-02 -3.56531942e-02  4.93934770e-02
  1.19317737e-02  4.90330248e-03  6.14020355e-02  1.85725532e-02
 -1.64809860e-02  2.68656744e-02 -1.68754148e-02  1.63167866e-02
 -2.96625624e-02 -3.77775301e-02 -1.68676661e-01 -1.96315853e-02
  1.43894582e-02 -2.98463515e-02 -2.10849507e-02 -3.92233505e-02
  5.42303953e-03 -5.37957874e-02  3.72040066e-02  2.82077453e-02
  8.45309443e-04  2.01616314e-02  2.80356601e-02  3.08954233e-03
 -1.24158672e-02  2.56745568e-03 -3.87545258e-02 -3.46287188e-02
  1.00836259e+00 -4.53333206e-01  1.19468376e+00  8.03577656e-01]
Best fitness in all:
4.8265619454171925e-06
GA calculation time:
34.71989631652832

Initial parameters
population size = 25
number of generations = 1000
Real number of generations = 1000
elitism = 2
crossover_rate = 0.95
mutation rate = 0.007
mutation range = 0.1
order = 3
gene ranges = ((-0.1, 0.1), (0.98, 1.02), (-2, 2), (1.0, 1.4), (0.5, 0.9))
