Best in last gen:
[ 4.79930497e-02  1.32851108e-02  3.20483012e-02  2.02231775e-02
 -2.64578859e-02  5.59640683e-03  6.87664607e-03  2.20290270e-02
 -1.01842917e-01 -2.32403846e-02 -1.60969273e-02 -1.05278655e-02
 -1.37049402e-02  1.55902560e-02  1.50668289e-03  1.02424098e-02
 -1.79140937e-02  1.13496124e-02 -4.81420834e-03  8.35534818e-03
  1.10272643e-02  4.41189104e-02  1.27323935e-02 -8.04671203e-03
 -9.44130215e-03 -1.12403551e-01  6.13994274e-02  2.10414321e-02
  1.16474998e-02  6.50408030e-05  5.21540828e-02  8.05158120e-02
  2.01456946e-02 -2.17661785e-04  3.38464177e-03  1.80069517e-02
  4.40080428e-02  3.44920612e-02 -3.68944579e-03  2.82430512e-02
  8.55015504e-03  4.84425242e-03 -3.23157313e-03 -2.41730453e-02
 -1.35779887e-02  2.04099216e-02 -3.18191603e-02 -4.17554346e-02
  9.73729386e-01  4.86411216e-01  5.79624943e-01  1.25303406e+00]
Best fitness in last gen:
1.7893092275947538e-06

Best in all:
[ 4.79930497e-02  1.32851108e-02  3.20483012e-02  2.02231775e-02
 -2.64578859e-02  5.59640683e-03  6.87664607e-03  2.20290270e-02
 -1.01842917e-01 -2.32403846e-02 -1.60969273e-02 -1.05278655e-02
 -1.37049402e-02  1.55902560e-02  1.50668289e-03  1.02424098e-02
 -1.79140937e-02  1.13496124e-02 -4.81420834e-03  8.35534818e-03
  1.10272643e-02  4.41189104e-02  1.27323935e-02 -8.04671203e-03
 -9.44130215e-03 -1.12403551e-01  6.13994274e-02  2.10414321e-02
  1.16474998e-02  6.50408030e-05  5.21540828e-02  8.05158120e-02
  2.01456946e-02 -2.17661785e-04  3.38464177e-03  1.80069517e-02
  4.40080428e-02  3.44920612e-02 -3.68944579e-03  2.82430512e-02
  8.55015504e-03  4.84425242e-03 -3.23157313e-03 -2.41730453e-02
 -1.35779887e-02  2.04099216e-02 -3.18191603e-02 -4.17554346e-02
  9.73729386e-01  4.86411216e-01  5.79624943e-01  1.25303406e+00]
Best fitness in all:
1.7893092275947538e-06
GA calculation time:
29.722515106201172

Initial parameters
population size = 15
number of generations = 1000
Real number of generations = 1000
elitism = 2
crossover_rate = 0.95
mutation rate = 0.007
mutation range = 0.1
order = 3
gene ranges = ((-0.1, 0.1), (0.98, 1.02), (-2, 2), (0.57, 0.59), (1.25, 1.27))
