Best in last gen:
[ 2.78933417e-03 -3.81139430e-04  2.21573075e-02  2.23264967e-03
 -8.43833371e-03 -1.16547689e-02  2.88745034e-04  8.65527549e-03
  1.10906780e-02 -2.52891541e-02  1.26178505e-02  1.66766618e-02
 -1.69346301e-02  6.98122845e-03  1.97806098e-03  5.89331286e-03
  3.31947901e-03 -1.76571903e-02  3.60686382e-02  2.80214388e-03
  1.34511318e-02 -1.79959245e-03 -5.05872620e-03 -3.33281635e-04
  1.76651914e-02 -8.95945866e-03 -1.19650843e-02  7.51024973e-03
  2.06146642e-02  1.58156211e-02  3.02217335e-03 -6.57611145e-04
 -6.86813726e-03  4.03587963e-04 -9.81867129e-03  1.28530466e-02
  3.03879242e-03  1.29515376e-02  4.54996722e-03 -1.47972372e-03
  4.70488928e-03 -1.42004724e-02  3.48692851e-03  9.16378184e-03
 -1.42642595e-03  1.27686542e-02  1.51838570e-02  1.09971307e-03
 -9.92189375e-03  4.20852433e-02  9.32040506e-03 -1.80387879e-03
 -8.28435331e-03  1.52915454e-03 -9.26821697e-03  2.23071856e-03
  1.39403183e-02  1.17502561e-02 -6.78013605e-03 -3.93758885e-03
 -1.09750155e-02 -9.51337334e-03  2.68693501e-04  1.95123380e-02
  2.20586986e-02 -1.88781386e-03  5.92952235e-03  7.45465580e-05
  5.29342551e-03  4.11501351e-03  7.35293228e-03  7.97068820e-03
  3.70085748e-03  1.10241806e-02  6.34029798e-04 -4.36510412e-03
  2.38787750e-03 -2.37009267e-03 -4.98155649e-03  1.26893127e-02
 -6.68299236e-03 -1.26596502e-02 -5.60942870e-03  1.13949032e-03
 -6.17150026e-04  2.72594403e-03  1.48054217e-02 -2.67836223e-04
  1.46838311e-02 -1.29098603e-02 -1.32607760e-02  1.65070678e-02
  1.16060344e-02  5.02595201e-03 -4.62847133e-03 -1.44538309e-03
 -7.84457878e-03  1.19283454e-02  6.23030792e-03  5.39428432e-03
  5.32478921e-03  7.30798979e-03 -1.72855242e-02  6.33195287e-03
  9.54954991e-03 -7.52923894e-03 -2.00339526e-02  1.29383085e-02
 -9.12605924e-03  3.12144892e-02  1.11107763e-02  1.59551536e-02
  4.08532326e-03 -4.95845871e-03 -2.64920821e-02 -3.99241076e-02
 -1.26616293e-02  5.16921682e-03 -2.71346746e-03  1.64537648e-02
 -3.42685407e-03  4.82843853e-03 -1.57237727e-03  1.17741103e-02
 -9.50709145e-03  2.68179738e-03  1.04033441e-02  2.69642598e-02
 -1.91072528e-02 -2.07957358e-02 -5.45786968e-03 -1.28500675e-02
  4.01896495e-03  2.87941238e-02  9.60735219e-03 -2.76626515e-02
 -8.76095136e-03  1.81696046e-02  3.81803050e-03  9.55535583e-03
  4.77614552e-03 -1.57004722e-03  3.65506361e-03  1.32239568e-02
  6.02806682e-03  6.21240699e-03 -1.71997819e-02  2.76469414e-02
  3.46347477e-03 -4.15779469e-03 -7.67076110e-03  4.60315532e-03
  1.29996085e-02  9.40328042e-03  3.42107494e-02  2.16406424e-02
  1.48372661e-02  2.67201384e-03 -8.63872419e-03 -8.48565440e-04
  8.74652743e-03 -3.39512777e-03 -1.00166029e-02  1.74075168e-03
 -7.85650305e-03 -5.94461452e-03 -7.01171481e-03 -1.02647588e-02
 -5.48119545e-04  8.74106516e-03 -1.03558125e-02 -1.24496114e-02
  1.42122101e-03  1.65880001e-03  1.51460938e-03 -4.31641175e-03
  6.07259153e-03 -7.12939044e-03 -7.98099907e-03 -8.34664155e-03
  4.72784123e-03  5.82573970e-03  6.10445164e-03  2.69772957e-02
  4.52827943e-03 -1.13589372e-03 -1.25530350e-02  1.83812076e-02
 -4.85772535e-03 -3.54512853e-03 -2.61490800e-02 -1.35398445e-02
 -1.23831533e-02 -9.02927348e-03  1.91800579e-02  5.23151604e-03
 -5.46438321e-03 -1.72042526e-02  1.66375741e-03 -1.70416975e-02
 -6.27316267e-03  1.26892543e-03 -1.44940399e-02 -1.36729402e-02
  1.00843988e-02  1.46706733e-03 -9.95160971e-03  2.47878771e-02
 -5.79026356e-03 -1.37934807e-02 -1.82849236e-02 -1.28957196e-02
 -4.85860221e-03  2.77596664e-03 -6.79428098e-03 -2.62323406e-03
  4.52758951e-03  2.16895048e-03 -1.92215080e-02  1.33490486e-02
 -7.54208851e-03 -7.66619226e-03  9.38209872e-04  7.18242426e-03
  1.00160268e+00 -3.31839326e-06  1.20645727e+00  6.81468286e-01]
Best fitness in last gen:
3.5431921164093227e-06
GA calculation time:
1017.3758931159973

Initial parameters
population size = 20
number of generations = 10000
Real number of generations = 10000
elitism = 2
crossover_rate = 0.95
mutation rate = 0.01
mutation range = [1.e-02 1.e-02 1.e-02 1.e-02 1.e-02 1.e-02 1.e-02 1.e-02 1.e-02 1.e-02
 1.e-02 1.e-02 1.e-02 1.e-02 1.e-02 1.e-02 1.e-02 1.e-02 1.e-02 1.e-02
 1.e-02 1.e-02 1.e-02 1.e-02 1.e-02 1.e-02 1.e-02 1.e-02 1.e-02 1.e-02
 1.e-02 1.e-02 1.e-02 1.e-02 1.e-02 1.e-02 1.e-02 1.e-02 1.e-02 1.e-02
 1.e-02 1.e-02 1.e-02 1.e-02 1.e-02 1.e-02 1.e-02 1.e-02 1.e-02 1.e-02
 1.e-02 1.e-02 1.e-02 1.e-02 1.e-02 1.e-02 1.e-02 1.e-02 1.e-02 1.e-02
 1.e-02 1.e-02 1.e-02 1.e-02 1.e-02 1.e-02 1.e-02 1.e-02 1.e-02 1.e-02
 1.e-02 1.e-02 1.e-02 1.e-02 1.e-02 1.e-02 1.e-02 1.e-02 1.e-02 1.e-02
 1.e-02 1.e-02 1.e-02 1.e-02 1.e-02 1.e-02 1.e-02 1.e-02 1.e-02 1.e-02
 1.e-02 1.e-02 1.e-02 1.e-02 1.e-02 1.e-02 1.e-02 1.e-02 1.e-02 1.e-02
 1.e-02 1.e-02 1.e-02 1.e-02 1.e-02 1.e-02 1.e-02 1.e-02 1.e-02 1.e-02
 1.e-02 1.e-02 1.e-02 1.e-02 1.e-02 1.e-02 1.e-02 1.e-02 1.e-02 1.e-02
 1.e-02 1.e-02 1.e-02 1.e-02 1.e-02 1.e-02 1.e-02 1.e-02 1.e-02 1.e-02
 1.e-02 1.e-02 1.e-02 1.e-02 1.e-02 1.e-02 1.e-02 1.e-02 1.e-02 1.e-02
 1.e-02 1.e-02 1.e-02 1.e-02 1.e-02 1.e-02 1.e-02 1.e-02 1.e-02 1.e-02
 1.e-02 1.e-02 1.e-02 1.e-02 1.e-02 1.e-02 1.e-02 1.e-02 1.e-02 1.e-02
 1.e-02 1.e-02 1.e-02 1.e-02 1.e-02 1.e-02 1.e-02 1.e-02 1.e-02 1.e-02
 1.e-02 1.e-02 1.e-02 1.e-02 1.e-02 1.e-02 1.e-02 1.e-02 1.e-02 1.e-02
 1.e-02 1.e-02 1.e-02 1.e-02 1.e-02 1.e-02 1.e-02 1.e-02 1.e-02 1.e-02
 1.e-02 1.e-02 1.e-02 1.e-02 1.e-02 1.e-02 1.e-02 1.e-02 1.e-02 1.e-02
 1.e-02 1.e-02 1.e-02 1.e-02 1.e-02 1.e-02 1.e-02 1.e-02 1.e-02 1.e-02
 1.e-02 1.e-02 1.e-02 1.e-02 1.e-02 1.e-02 1.e-02 1.e-02 1.e-02 1.e-02
 1.e-02 1.e-02 1.e-02 1.e-02 2.e-02 1.e-06 2.e-02 2.e-02]
order = 7
gene ranges = [(-0.03, 0.03), (-0.03, 0.03), (-0.03, 0.03), (-0.03, 0.03), (-0.03, 0.03), (-0.03, 0.03), (-0.03, 0.03), (-0.03, 0.03), (-0.03, 0.03), (-0.03, 0.03), (-0.03, 0.03), (-0.03, 0.03), (-0.03, 0.03), (-0.03, 0.03), (-0.03, 0.03), (-0.03, 0.03), (-0.03, 0.03), (-0.03, 0.03), (-0.03, 0.03), (-0.03, 0.03), (-0.03, 0.03), (-0.03, 0.03), (-0.03, 0.03), (-0.03, 0.03), (-0.03, 0.03), (-0.03, 0.03), (-0.03, 0.03), (-0.03, 0.03), (-0.03, 0.03), (-0.03, 0.03), (-0.03, 0.03), (-0.03, 0.03), (-0.03, 0.03), (-0.03, 0.03), (-0.03, 0.03), (-0.03, 0.03), (-0.03, 0.03), (-0.03, 0.03), (-0.03, 0.03), (-0.03, 0.03), (-0.03, 0.03), (-0.03, 0.03), (-0.03, 0.03), (-0.03, 0.03), (-0.03, 0.03), (-0.03, 0.03), (-0.03, 0.03), (-0.03, 0.03), (-0.03, 0.03), (-0.03, 0.03), (-0.03, 0.03), (-0.03, 0.03), (-0.03, 0.03), (-0.03, 0.03), (-0.03, 0.03), (-0.03, 0.03), (-0.03, 0.03), (-0.03, 0.03), (-0.03, 0.03), (-0.03, 0.03), (-0.03, 0.03), (-0.03, 0.03), (-0.03, 0.03), (-0.03, 0.03), (-0.03, 0.03), (-0.03, 0.03), (-0.03, 0.03), (-0.03, 0.03), (-0.03, 0.03), (-0.03, 0.03), (-0.03, 0.03), (-0.03, 0.03), (-0.03, 0.03), (-0.03, 0.03), (-0.03, 0.03), (-0.03, 0.03), (-0.03, 0.03), (-0.03, 0.03), (-0.03, 0.03), (-0.03, 0.03), (-0.03, 0.03), (-0.03, 0.03), (-0.03, 0.03), (-0.03, 0.03), (-0.03, 0.03), (-0.03, 0.03), (-0.03, 0.03), (-0.03, 0.03), (-0.03, 0.03), (-0.03, 0.03), (-0.03, 0.03), (-0.03, 0.03), (-0.03, 0.03), (-0.03, 0.03), (-0.03, 0.03), (-0.03, 0.03), (-0.03, 0.03), (-0.03, 0.03), (-0.03, 0.03), (-0.03, 0.03), (-0.03, 0.03), (-0.03, 0.03), (-0.03, 0.03), (-0.03, 0.03), (-0.03, 0.03), (-0.03, 0.03), (-0.03, 0.03), (-0.03, 0.03), (-0.03, 0.03), (-0.03, 0.03), (-0.03, 0.03), (-0.03, 0.03), (-0.03, 0.03), (-0.03, 0.03), (-0.03, 0.03), (-0.03, 0.03), (-0.03, 0.03), (-0.03, 0.03), (-0.03, 0.03), (-0.03, 0.03), (-0.03, 0.03), (-0.03, 0.03), (-0.03, 0.03), (-0.03, 0.03), (-0.03, 0.03), (-0.03, 0.03), (-0.03, 0.03), (-0.03, 0.03), (-0.03, 0.03), (-0.03, 0.03), (-0.03, 0.03), (-0.03, 0.03), (-0.03, 0.03), (-0.03, 0.03), (-0.03, 0.03), (-0.03, 0.03), (-0.03, 0.03), (-0.03, 0.03), (-0.03, 0.03), (-0.03, 0.03), (-0.03, 0.03), (-0.03, 0.03), (-0.03, 0.03), (-0.03, 0.03), (-0.03, 0.03), (-0.03, 0.03), (-0.03, 0.03), (-0.03, 0.03), (-0.03, 0.03), (-0.03, 0.03), (-0.03, 0.03), (-0.03, 0.03), (-0.03, 0.03), (-0.03, 0.03), (-0.03, 0.03), (-0.03, 0.03), (-0.03, 0.03), (-0.03, 0.03), (-0.03, 0.03), (-0.03, 0.03), (-0.03, 0.03), (-0.03, 0.03), (-0.03, 0.03), (-0.03, 0.03), (-0.03, 0.03), (-0.03, 0.03), (-0.03, 0.03), (-0.03, 0.03), (-0.03, 0.03), (-0.03, 0.03), (-0.03, 0.03), (-0.03, 0.03), (-0.03, 0.03), (-0.03, 0.03), (-0.03, 0.03), (-0.03, 0.03), (-0.03, 0.03), (-0.03, 0.03), (-0.03, 0.03), (-0.03, 0.03), (-0.03, 0.03), (-0.03, 0.03), (-0.03, 0.03), (-0.03, 0.03), (-0.03, 0.03), (-0.03, 0.03), (-0.03, 0.03), (-0.03, 0.03), (-0.03, 0.03), (-0.03, 0.03), (-0.03, 0.03), (-0.03, 0.03), (-0.03, 0.03), (-0.03, 0.03), (-0.03, 0.03), (-0.03, 0.03), (-0.03, 0.03), (-0.03, 0.03), (-0.03, 0.03), (-0.03, 0.03), (-0.03, 0.03), (-0.03, 0.03), (-0.03, 0.03), (-0.03, 0.03), (-0.03, 0.03), (-0.03, 0.03), (-0.03, 0.03), (-0.03, 0.03), (-0.03, 0.03), (-0.03, 0.03), (-0.03, 0.03), (-0.03, 0.03), (-0.03, 0.03), (-0.03, 0.03), (-0.03, 0.03), (-0.03, 0.03), (-0.03, 0.03), (-0.03, 0.03), (-0.03, 0.03), (-0.03, 0.03), (-0.03, 0.03), (-0.03, 0.03), (-0.03, 0.03), (-0.03, 0.03), (0.98, 1.02), (-1e-05, 1e-05), (1.19, 1.23), (0.66, 0.7)]
