Best in last gen:
[-1.01053465e-02 -6.41478056e-03 -5.62639413e-03  1.12566645e-02
 -2.45266331e-03 -2.93848879e-03  1.16343225e-02 -2.51598995e-03
 -1.66356713e-03  1.71528358e-02 -5.44582613e-04  1.44248020e-03
 -7.07028416e-03  2.21250325e-02  3.87297375e-03 -5.57044402e-03
 -2.31130095e-03 -1.38015458e-02  7.73796512e-03  2.83367119e-03
 -1.93289234e-02 -4.85569484e-02  3.03601173e-02 -5.01274261e-03
 -2.98715304e-02  1.63521042e-02  1.50148419e-02 -2.49920698e-02
  3.94419833e-03  6.54230474e-03 -2.42723169e-02  9.99894096e-03
  3.93085695e-03 -1.23284319e-02  7.68434139e-03 -2.24906209e-03
 -2.01930223e-02 -6.65848604e-03 -1.46353744e-02  1.05472769e-03
  1.24541554e-03 -2.56017803e-03 -3.55557632e-02 -2.23796619e-02
  5.04417163e-03  1.86691142e-02 -3.25365958e-03 -6.56987091e-03
  1.00927713e+00  7.96321587e-07  1.99108086e+00  1.36409304e+00]
Best fitness in last gen:
3.158741306792834e-06
GA calculation time:
293.1064484119415

Initial parameters
population size = 300
number of generations = 1000
Real number of generations = 1000
elitism = 2
crossover_rate = 0.95
mutation rate = 0.01
mutation range = [4.e-02 4.e-02 4.e-02 4.e-02 4.e-02 4.e-02 4.e-02 4.e-02 4.e-02 4.e-02
 4.e-02 4.e-02 4.e-02 4.e-02 4.e-02 4.e-02 4.e-02 4.e-02 4.e-02 4.e-02
 4.e-02 4.e-02 4.e-02 4.e-02 4.e-02 4.e-02 4.e-02 4.e-02 4.e-02 4.e-02
 4.e-02 4.e-02 4.e-02 4.e-02 4.e-02 4.e-02 4.e-02 4.e-02 4.e-02 4.e-02
 4.e-02 4.e-02 4.e-02 4.e-02 4.e-02 4.e-02 4.e-02 4.e-02 2.e-02 1.e-06
 2.e-02 2.e-02]
order = 3
gene ranges = [(-0.1, 0.1), (-0.1, 0.1), (-0.1, 0.1), (-0.1, 0.1), (-0.1, 0.1), (-0.1, 0.1), (-0.1, 0.1), (-0.1, 0.1), (-0.1, 0.1), (-0.1, 0.1), (-0.1, 0.1), (-0.1, 0.1), (-0.1, 0.1), (-0.1, 0.1), (-0.1, 0.1), (-0.1, 0.1), (-0.1, 0.1), (-0.1, 0.1), (-0.1, 0.1), (-0.1, 0.1), (-0.1, 0.1), (-0.1, 0.1), (-0.1, 0.1), (-0.1, 0.1), (-0.1, 0.1), (-0.1, 0.1), (-0.1, 0.1), (-0.1, 0.1), (-0.1, 0.1), (-0.1, 0.1), (-0.1, 0.1), (-0.1, 0.1), (-0.1, 0.1), (-0.1, 0.1), (-0.1, 0.1), (-0.1, 0.1), (-0.1, 0.1), (-0.1, 0.1), (-0.1, 0.1), (-0.1, 0.1), (-0.1, 0.1), (-0.1, 0.1), (-0.1, 0.1), (-0.1, 0.1), (-0.1, 0.1), (-0.1, 0.1), (-0.1, 0.1), (-0.1, 0.1), (0.98, 1.02), (-1e-05, 1e-05), (1.94, 2.04), (1.31, 1.41)]
