Best in last gen:
[ 9.66383196e-03 -1.58219424e-02  5.33476806e-02  1.51504683e-02
 -3.85557800e-04 -1.22519934e-02  5.10119145e-02 -7.94458516e-03
  2.97193791e-02 -8.64935462e-02 -2.19378241e-02  5.14019409e-03
 -4.39763316e-02  6.04174459e-03  7.92604690e-03  2.57449327e-02
 -2.74672267e-02 -7.93549990e-03  2.27579758e-02 -1.61956246e-03
  1.61722663e-02 -3.56274259e-02 -5.27878300e-03  2.29154373e-02
  1.12714450e-02 -6.27645808e-02 -1.57392109e-02 -3.80582491e-02
  2.11383755e-03  1.84327611e-02 -3.10536307e-02  5.63237776e-02
 -4.02653249e-02  1.83841469e-02  2.35352652e-02  2.30814400e-02
  1.77284709e-02 -4.39507914e-02 -2.14072003e-02  6.81912169e-03
 -1.35135193e-02  3.67544172e-02 -4.46063219e-02 -2.70407589e-02
 -3.97547105e-03 -1.60486285e-02  2.01560040e-02 -1.04792662e-02
  1.01074432e+00 -1.27538388e+00  1.42149809e+00  8.06307277e-01]
Best fitness in last gen:
2.0018557566552902e-05

Best in all:
[ 9.66383196e-03 -1.58219424e-02  5.33476806e-02  1.51504683e-02
 -3.85557800e-04 -1.22519934e-02  5.10119145e-02 -7.94458516e-03
  2.97193791e-02 -8.64935462e-02 -2.19378241e-02  5.14019409e-03
 -4.39763316e-02  6.04174459e-03  7.92604690e-03  2.57449327e-02
 -2.74672267e-02 -7.93549990e-03  2.27579758e-02 -1.61956246e-03
  1.61722663e-02 -3.56274259e-02 -5.27878300e-03  2.29154373e-02
  1.12714450e-02 -6.27645808e-02 -1.57392109e-02 -3.80582491e-02
  2.11383755e-03  1.84327611e-02 -3.10536307e-02  5.63237776e-02
 -4.02653249e-02  1.83841469e-02  2.35352652e-02  2.30814400e-02
  1.77284709e-02 -4.39507914e-02 -2.14072003e-02  6.81912169e-03
 -1.35135193e-02  3.67544172e-02 -4.46063219e-02 -2.70407589e-02
 -3.97547105e-03 -1.60486285e-02  2.01560040e-02 -1.04792662e-02
  1.01074432e+00 -1.27538388e+00  1.42149809e+00  8.06307277e-01]
Best fitness in all:
2.0018557566552902e-05
GA calculation time:
1354.2713131904602

Initial parameters
population size = 100
number of generations = 10000
Real number of generations = 10000
elitism = 2
crossover_rate = 0.95
mutation rate = 0.007
mutation range = 0.1
order = 3
gene ranges = ((-0.1, 0.1), (0.98, 1.02), (-2, 2), (1.2, 1.6), (0.65, 1.05))
