Best in last gen:
[-1.27576307e-02  2.26319142e-03  2.73145067e-03  1.72371384e-02
 -1.01113307e-02  2.77426166e-02 -1.90911893e-02  1.57119051e-03
 -7.74035502e-03  2.83092547e-03 -1.81563728e-02  8.93341649e-03
  5.19280165e-03  3.62660209e-02  8.99355633e-03  5.03241055e-03
  6.34262402e-02  1.52652537e-02  1.14577186e-02 -3.49167842e-02
  6.06003443e-02  1.80713842e-03  4.26386496e-03 -3.67034683e-02
  4.59228842e-03  2.28333453e-03  1.47393709e-02 -7.14483338e-03
 -5.07503583e-03 -4.22946495e-03  1.29725271e-02  2.30648029e-02
 -6.37988139e-03  2.14155299e-02  8.30473932e-03 -2.78769612e-03
 -2.01704199e-03 -5.17169531e-03 -1.16992862e-02 -9.64300642e-04
 -2.85352692e-03  1.65613217e-02  2.08541645e-02  2.54888888e-03
 -9.91500149e-03  1.54283843e-02  1.37403340e-02 -1.27834529e-02
  5.30028014e-03 -8.85956920e-03  1.27736613e-02  3.08900678e-03
  8.70093547e-03 -1.32491029e-02  1.21719687e-02 -6.20887905e-03
 -9.58628643e-03  2.02825464e-02 -2.52193069e-02  1.22846293e-02
  5.65705966e-03 -3.27858121e-03 -1.69460346e-02  8.32657471e-03
 -7.81502140e-03 -9.28177737e-03 -5.18630510e-03 -6.67881906e-03
  5.42334598e-03  9.55400386e-03 -4.50297298e-03  9.70316407e-03
 -2.63382750e-02  8.60513314e-03  1.19072997e-02  1.45959678e-02
 -1.51211026e-03 -3.78286737e-02 -3.28225705e-02 -3.33007429e-03
 -6.79240284e-02 -6.38864902e-02  1.56769974e-02  1.43759305e-02
  7.47733783e-03 -8.79438118e-03 -2.17215385e-03  1.11610933e-03
  1.19665114e-02  7.19281540e-03 -1.15346465e-02 -7.29499312e-03
  1.73657298e-02  4.11692129e-03  1.26258689e-04 -3.76331320e-04
 -5.93543773e-03  1.32711033e-03 -8.08056362e-03  1.56734964e-02
 -1.27954396e-02 -1.07721249e-03 -4.00650513e-03 -9.59087960e-04
 -1.79010467e-02 -5.90351350e-04 -3.48552065e-03  2.50761890e-02
  1.16908049e-02 -2.66580479e-03 -3.01557218e-02  2.66843215e-03
 -1.36967407e-02  6.09800153e-03 -1.65033706e-03  8.83023538e-03
  4.71019369e-03 -1.44051696e-04 -2.27565110e-02 -8.49453494e-03
  9.99237925e-01  8.26444831e-07  5.87828929e-01  1.25531290e+00]
Best fitness in last gen:
0.00019623319233640326
GA calculation time:
154695.7346613407

Initial parameters
population size = 500
number of generations = 100000
Real number of generations = 100000
elitism = 2
crossover_rate = 0.95
mutation rate = 0.01
mutation range = [3.e-02 3.e-02 3.e-02 3.e-02 3.e-02 3.e-02 3.e-02 3.e-02 3.e-02 3.e-02
 3.e-02 3.e-02 3.e-02 3.e-02 3.e-02 3.e-02 3.e-02 3.e-02 3.e-02 3.e-02
 3.e-02 3.e-02 3.e-02 3.e-02 3.e-02 3.e-02 3.e-02 3.e-02 3.e-02 3.e-02
 3.e-02 3.e-02 3.e-02 3.e-02 3.e-02 3.e-02 3.e-02 3.e-02 3.e-02 3.e-02
 3.e-02 3.e-02 3.e-02 3.e-02 3.e-02 3.e-02 3.e-02 3.e-02 3.e-02 3.e-02
 3.e-02 3.e-02 3.e-02 3.e-02 3.e-02 3.e-02 3.e-02 3.e-02 3.e-02 3.e-02
 3.e-02 3.e-02 3.e-02 3.e-02 3.e-02 3.e-02 3.e-02 3.e-02 3.e-02 3.e-02
 3.e-02 3.e-02 3.e-02 3.e-02 3.e-02 3.e-02 3.e-02 3.e-02 3.e-02 3.e-02
 3.e-02 3.e-02 3.e-02 3.e-02 3.e-02 3.e-02 3.e-02 3.e-02 3.e-02 3.e-02
 3.e-02 3.e-02 3.e-02 3.e-02 3.e-02 3.e-02 3.e-02 3.e-02 3.e-02 3.e-02
 3.e-02 3.e-02 3.e-02 3.e-02 3.e-02 3.e-02 3.e-02 3.e-02 3.e-02 3.e-02
 3.e-02 3.e-02 3.e-02 3.e-02 3.e-02 3.e-02 3.e-02 3.e-02 3.e-02 3.e-02
 2.e-02 1.e-06 2.e-02 2.e-02]
order = 5
gene ranges = [(-0.03, 0.03), (-0.03, 0.03), (-0.03, 0.03), (-0.03, 0.03), (-0.03, 0.03), (-0.03, 0.03), (-0.03, 0.03), (-0.03, 0.03), (-0.03, 0.03), (-0.03, 0.03), (-0.03, 0.03), (-0.03, 0.03), (-0.03, 0.03), (-0.03, 0.03), (-0.03, 0.03), (-0.03, 0.03), (-0.03, 0.03), (-0.03, 0.03), (-0.03, 0.03), (-0.03, 0.03), (-0.03, 0.03), (-0.03, 0.03), (-0.03, 0.03), (-0.03, 0.03), (-0.03, 0.03), (-0.03, 0.03), (-0.03, 0.03), (-0.03, 0.03), (-0.03, 0.03), (-0.03, 0.03), (-0.03, 0.03), (-0.03, 0.03), (-0.03, 0.03), (-0.03, 0.03), (-0.03, 0.03), (-0.03, 0.03), (-0.03, 0.03), (-0.03, 0.03), (-0.03, 0.03), (-0.03, 0.03), (-0.03, 0.03), (-0.03, 0.03), (-0.03, 0.03), (-0.03, 0.03), (-0.03, 0.03), (-0.03, 0.03), (-0.03, 0.03), (-0.03, 0.03), (-0.03, 0.03), (-0.03, 0.03), (-0.03, 0.03), (-0.03, 0.03), (-0.03, 0.03), (-0.03, 0.03), (-0.03, 0.03), (-0.03, 0.03), (-0.03, 0.03), (-0.03, 0.03), (-0.03, 0.03), (-0.03, 0.03), (-0.03, 0.03), (-0.03, 0.03), (-0.03, 0.03), (-0.03, 0.03), (-0.03, 0.03), (-0.03, 0.03), (-0.03, 0.03), (-0.03, 0.03), (-0.03, 0.03), (-0.03, 0.03), (-0.03, 0.03), (-0.03, 0.03), (-0.03, 0.03), (-0.03, 0.03), (-0.03, 0.03), (-0.03, 0.03), (-0.03, 0.03), (-0.03, 0.03), (-0.03, 0.03), (-0.03, 0.03), (-0.03, 0.03), (-0.03, 0.03), (-0.03, 0.03), (-0.03, 0.03), (-0.03, 0.03), (-0.03, 0.03), (-0.03, 0.03), (-0.03, 0.03), (-0.03, 0.03), (-0.03, 0.03), (-0.03, 0.03), (-0.03, 0.03), (-0.03, 0.03), (-0.03, 0.03), (-0.03, 0.03), (-0.03, 0.03), (-0.03, 0.03), (-0.03, 0.03), (-0.03, 0.03), (-0.03, 0.03), (-0.03, 0.03), (-0.03, 0.03), (-0.03, 0.03), (-0.03, 0.03), (-0.03, 0.03), (-0.03, 0.03), (-0.03, 0.03), (-0.03, 0.03), (-0.03, 0.03), (-0.03, 0.03), (-0.03, 0.03), (-0.03, 0.03), (-0.03, 0.03), (-0.03, 0.03), (-0.03, 0.03), (-0.03, 0.03), (-0.03, 0.03), (-0.03, 0.03), (-0.03, 0.03), (-0.03, 0.03), (0.98, 1.02), (-1e-05, 1e-05), (0.56, 0.6), (1.24, 1.28)]