Best in last gen:
[ 1.63014430e-02 -9.59693902e-03 -4.63930609e-02 -8.22602103e-02
  8.11577743e-03  2.87032946e-02  1.71692225e-02  2.38489983e-02
 -2.86844386e-02 -5.52301535e-03 -4.86284129e-02 -2.83290048e-02
  1.15975965e-02 -6.29579788e-03 -1.76524692e-02 -9.75553358e-03
  2.76240697e-02  1.40776364e-02 -8.20705704e-03 -9.85525806e-03
  8.02121139e-03 -1.30053319e-02  5.90136848e-03  2.47571013e-02
 -1.07855676e-02  1.20857458e-01  8.28294588e-03 -3.32754378e-02
 -1.72997715e-02  1.57896637e-02 -2.95694554e-02 -7.49628510e-03
 -2.70773004e-02 -6.59426360e-02 -2.07007550e-02  1.95323787e-02
  2.71706469e-02  5.73378201e-03 -2.08670366e-02 -2.00597431e-02
  4.98586424e-02 -8.11670236e-03  2.22404578e-02  4.46318708e-02
  1.05894461e-02  5.98442075e-03  2.18850960e-03 -6.06532624e-02
 -1.37409562e-02 -3.03537895e-02 -4.05613971e-03 -1.91873230e-02
 -2.94726163e-02  3.01864027e-02 -2.55475076e-02 -2.05581212e-02
  1.83516305e-02  1.87728019e-03  1.37823700e-02  4.58225590e-02
  9.84367744e-03 -5.85189435e-02 -1.85915013e-02  9.54091317e-03
  1.15715309e-02  8.75517403e-02 -9.24939958e-03 -2.85557964e-02
 -9.11422978e-02  6.75688902e-02 -3.17448704e-02  2.30256909e-02
 -4.12778483e-02 -1.37492499e-02 -3.94260930e-03  4.57142492e-02
 -1.13220989e-02  5.74098416e-02  2.65585777e-02  4.62607326e-03
 -1.84499569e-03 -2.44622065e-02 -9.84603948e-04  5.84790408e-03
 -4.04418373e-02 -4.08389271e-02  1.62599227e-02 -1.96721240e-02
  3.41764413e-02  1.06062191e-02  2.96320358e-02 -3.54165748e-03
  6.21876732e-03 -2.24897277e-02 -2.20513099e-02  1.71582941e-02
 -1.25055638e-02  4.07253390e-02  9.75795805e-03 -1.76463725e-02
 -3.36643898e-02  1.14939197e-02 -1.34346819e-02 -4.20959583e-02
  1.55119479e-02 -1.34364160e-02 -2.77206451e-02  3.10063987e-02
 -1.97111536e-02 -1.76672820e-03 -1.15723694e-02 -1.69388651e-02
  1.88918235e-02 -1.01745750e-02 -1.64962448e-03 -2.29468833e-02
 -3.43819370e-02 -5.14173767e-02 -3.46711129e-03 -2.93711480e-03
  9.90304753e-01  6.40452606e-01  9.33395337e-01  1.36193767e+00]
Best fitness in last gen:
3.219324004497166e-05

Best in all:
[ 1.63014430e-02 -9.59693902e-03 -4.63930609e-02 -8.22602103e-02
  8.11577743e-03  2.87032946e-02  1.71692225e-02  2.38489983e-02
 -2.86844386e-02 -5.52301535e-03 -4.86284129e-02 -2.83290048e-02
  1.15975965e-02 -6.29579788e-03 -1.76524692e-02 -9.75553358e-03
  2.76240697e-02  1.40776364e-02 -8.20705704e-03 -9.85525806e-03
  8.02121139e-03 -1.30053319e-02  5.90136848e-03  2.47571013e-02
 -1.07855676e-02  1.20857458e-01  8.28294588e-03 -3.32754378e-02
 -1.72997715e-02  1.57896637e-02 -2.95694554e-02 -7.49628510e-03
 -2.70773004e-02 -6.59426360e-02 -2.07007550e-02  1.95323787e-02
  2.71706469e-02  5.73378201e-03 -2.08670366e-02 -2.00597431e-02
  4.98586424e-02 -8.11670236e-03  2.22404578e-02  4.46318708e-02
  1.05894461e-02  5.98442075e-03  2.18850960e-03 -6.06532624e-02
 -1.37409562e-02 -3.03537895e-02 -4.05613971e-03 -1.91873230e-02
 -2.94726163e-02  3.01864027e-02 -2.55475076e-02 -2.05581212e-02
  1.83516305e-02  1.87728019e-03  1.37823700e-02  4.58225590e-02
  9.84367744e-03 -5.85189435e-02 -1.85915013e-02  9.54091317e-03
  1.15715309e-02  8.75517403e-02 -9.24939958e-03 -2.85557964e-02
 -9.11422978e-02  6.75688902e-02 -3.17448704e-02  2.30256909e-02
 -4.12778483e-02 -1.37492499e-02 -3.94260930e-03  4.57142492e-02
 -1.13220989e-02  5.74098416e-02  2.65585777e-02  4.62607326e-03
 -1.84499569e-03 -2.44622065e-02 -9.84603948e-04  5.84790408e-03
 -4.04418373e-02 -4.08389271e-02  1.62599227e-02 -1.96721240e-02
  3.41764413e-02  1.06062191e-02  2.96320358e-02 -3.54165748e-03
  6.21876732e-03 -2.24897277e-02 -2.20513099e-02  1.71582941e-02
 -1.25055638e-02  4.07253390e-02  9.75795805e-03 -1.76463725e-02
 -3.36643898e-02  1.14939197e-02 -1.34346819e-02 -4.20959583e-02
  1.55119479e-02 -1.34364160e-02 -2.77206451e-02  3.10063987e-02
 -1.97111536e-02 -1.76672820e-03 -1.15723694e-02 -1.69388651e-02
  1.88918235e-02 -1.01745750e-02 -1.64962448e-03 -2.29468833e-02
 -3.43819370e-02 -5.14173767e-02 -3.46711129e-03 -2.93711480e-03
  9.90304753e-01  6.40452606e-01  9.33395337e-01  1.36193767e+00]
Best fitness in all:
3.219324004497166e-05

Initial parameters
population size = 20
number of generations = 10000
Real number of generations = 10000
elitism = 2
crossover_rate = 0.95
mutation rate = 0.007
mutation range = 0.1
order = 5
gene ranges = ((-0.1, 0.1), (0.98, 1.02), (-2, 2), (0.65, 1.05), (1.2, 1.6))
