Best in last gen:
[0.05263412 0.052348   0.06052542 0.06883784 0.03226361 0.06286938
 0.04252038 0.08312426 0.06120717 0.04357866 0.05564246 0.05596333
 0.0391534  0.06357038 0.02713066 0.08228228 0.06771582 0.03627722
 0.0437959  0.03442168 0.066668   0.05067522 0.0325096  0.01980202
 0.06714759 0.06198865 0.03139163 0.04719413 0.0345958  0.02909838
 0.06296058 0.02838885 0.04585456 0.04952597 0.02952333 0.01550748
 0.0322912  0.04334778 0.04513731 0.04413404 0.04844273 0.01861745
 0.04279264 0.03276929 0.03736619 0.05500328 0.04170813 0.0425288
 0.05782741 0.04402816 0.02165062 0.05603639 0.03412692 0.01648024
 0.05662865 0.06393049 0.06393415 0.06945887 0.03184123 0.06202126
 0.02877933 0.03805572 0.06083407 0.03443767 0.05515104 0.06082935
 0.04416041 0.04209743 0.03992046 0.04919841 0.05163425 0.04284949
 0.05659686 0.04138096 0.0710391  0.00530258 0.03255317 0.02128849
 0.05767877 0.06601454 0.02889801 0.03578778 0.03731872 0.04419528
 0.05081591 0.06262545 0.0725958  0.05539421 0.04878414 0.05540478
 0.03760679 0.05854047 0.0622625  0.06185763 0.04039042 0.07416641
 0.0673359  0.03561176 0.06676004 0.02329515 0.07421319 0.04353925
 0.04401968 0.05395605 0.01151569 0.03580558 0.06822977 0.03704314
 0.01450892 0.04085653 0.06520772 0.05589676 0.03987398 0.02773594
 0.01515562 0.08654398 0.05889424 0.03365699 0.0488565  0.0262216
 0.94692296 0.98666004 1.19527139 0.6956336 ]
Best fitness in last gen:
1.2309384895787735e-07
GA calculation time:
20093.401108026505

Initial parameters
population size = 1000
number of generations = 10000
Real number of generations = 10000
elitism = 2
crossover_rate = 0.95
mutation rate = 0.01
mutation range = [0.01 0.01 0.01 0.01 0.01 0.01 0.01 0.01 0.01 0.01 0.01 0.01 0.01 0.01
 0.01 0.01 0.01 0.01 0.01 0.01 0.01 0.01 0.01 0.01 0.01 0.01 0.01 0.01
 0.01 0.01 0.01 0.01 0.01 0.01 0.01 0.01 0.01 0.01 0.01 0.01 0.01 0.01
 0.01 0.01 0.01 0.01 0.01 0.01 0.01 0.01 0.01 0.01 0.01 0.01 0.01 0.01
 0.01 0.01 0.01 0.01 0.01 0.01 0.01 0.01 0.01 0.01 0.01 0.01 0.01 0.01
 0.01 0.01 0.01 0.01 0.01 0.01 0.01 0.01 0.01 0.01 0.01 0.01 0.01 0.01
 0.01 0.01 0.01 0.01 0.01 0.01 0.01 0.01 0.01 0.01 0.01 0.01 0.01 0.01
 0.01 0.01 0.01 0.01 0.01 0.01 0.01 0.01 0.01 0.01 0.01 0.01 0.01 0.01
 0.01 0.01 0.01 0.01 0.01 0.01 0.01 0.01 0.2  0.02 0.01 0.01]
order = 5
gene ranges = [(0, 0.1), (0, 0.1), (0, 0.1), (0, 0.1), (0, 0.1), (0, 0.1), (0, 0.1), (0, 0.1), (0, 0.1), (0, 0.1), (0, 0.1), (0, 0.1), (0, 0.1), (0, 0.1), (0, 0.1), (0, 0.1), (0, 0.1), (0, 0.1), (0, 0.1), (0, 0.1), (0, 0.1), (0, 0.1), (0, 0.1), (0, 0.1), (0, 0.1), (0, 0.1), (0, 0.1), (0, 0.1), (0, 0.1), (0, 0.1), (0, 0.1), (0, 0.1), (0, 0.1), (0, 0.1), (0, 0.1), (0, 0.1), (0, 0.1), (0, 0.1), (0, 0.1), (0, 0.1), (0, 0.1), (0, 0.1), (0, 0.1), (0, 0.1), (0, 0.1), (0, 0.1), (0, 0.1), (0, 0.1), (0, 0.1), (0, 0.1), (0, 0.1), (0, 0.1), (0, 0.1), (0, 0.1), (0, 0.1), (0, 0.1), (0, 0.1), (0, 0.1), (0, 0.1), (0, 0.1), (0, 0.1), (0, 0.1), (0, 0.1), (0, 0.1), (0, 0.1), (0, 0.1), (0, 0.1), (0, 0.1), (0, 0.1), (0, 0.1), (0, 0.1), (0, 0.1), (0, 0.1), (0, 0.1), (0, 0.1), (0, 0.1), (0, 0.1), (0, 0.1), (0, 0.1), (0, 0.1), (0, 0.1), (0, 0.1), (0, 0.1), (0, 0.1), (0, 0.1), (0, 0.1), (0, 0.1), (0, 0.1), (0, 0.1), (0, 0.1), (0, 0.1), (0, 0.1), (0, 0.1), (0, 0.1), (0, 0.1), (0, 0.1), (0, 0.1), (0, 0.1), (0, 0.1), (0, 0.1), (0, 0.1), (0, 0.1), (0, 0.1), (0, 0.1), (0, 0.1), (0, 0.1), (0, 0.1), (0, 0.1), (0, 0.1), (0, 0.1), (0, 0.1), (0, 0.1), (0, 0.1), (0, 0.1), (0, 0.1), (0, 0.1), (0, 0.1), (0, 0.1), (0, 0.1), (0, 0.1), (-0.2, 0.2), (0.98, 1.02), (1.16, 1.18), (0.69, 0.71)]
