Best in last gen:
[ 4.52745199e-02  9.12734944e-03  7.22609291e-02  2.64792040e-02
  5.14564444e-02  7.67636533e-03  6.75845152e-04  2.79552300e-02
 -8.45942433e-03  2.90118439e-02  2.55595510e-02  4.11426155e-02
 -4.77756376e-03 -3.34662882e-02 -7.70094248e-02  4.80501814e-02
  6.01521393e-02  5.46606655e-02  5.61029096e-03  2.00271209e-02
 -3.94140038e-02  4.85076407e-02  6.53094287e-02  2.85112967e-02
 -3.63318850e-03  1.15099440e-02 -2.49056209e-02  3.67342577e-02
  2.77966907e-02  1.21509581e-03 -6.03380120e-02  3.44051729e-02
 -1.67017132e-02  1.56673844e-03 -8.87362782e-02 -1.01761485e-02
  1.37626319e-02 -2.72099315e-02  8.98409531e-03 -3.18489116e-02
 -3.06545238e-02  2.96154997e-02 -6.38485741e-03 -7.84600588e-03
  7.17257433e-03  1.67511312e-02  2.55640920e-02 -1.39875494e-02
  7.81525112e-01  1.01058377e+00  7.05876850e-01  1.16673309e+00]
Best fitness in last gen:
3.267196661908128e-06
GA calculation time:
933.2722880840302

Initial parameters
population size = 500
number of generations = 1000
Real number of generations = 1000
elitism = 2
crossover_rate = 0.95
mutation rate = 0.01
mutation range = [0.1  0.1  0.1  0.1  0.1  0.1  0.1  0.1  0.1  0.1  0.1  0.1  0.1  0.1
 0.1  0.1  0.1  0.1  0.1  0.1  0.1  0.1  0.1  0.1  0.1  0.1  0.1  0.1
 0.1  0.1  0.1  0.1  0.1  0.1  0.1  0.1  0.1  0.1  0.1  0.1  0.1  0.1
 0.1  0.1  0.1  0.1  0.1  0.1  0.2  0.02 0.01 0.01]
order = 3
gene ranges = [(-0.1, 0.1), (-0.1, 0.1), (-0.1, 0.1), (-0.1, 0.1), (-0.1, 0.1), (-0.1, 0.1), (-0.1, 0.1), (-0.1, 0.1), (-0.1, 0.1), (-0.1, 0.1), (-0.1, 0.1), (-0.1, 0.1), (-0.1, 0.1), (-0.1, 0.1), (-0.1, 0.1), (-0.1, 0.1), (-0.1, 0.1), (-0.1, 0.1), (-0.1, 0.1), (-0.1, 0.1), (-0.1, 0.1), (-0.1, 0.1), (-0.1, 0.1), (-0.1, 0.1), (-0.1, 0.1), (-0.1, 0.1), (-0.1, 0.1), (-0.1, 0.1), (-0.1, 0.1), (-0.1, 0.1), (-0.1, 0.1), (-0.1, 0.1), (-0.1, 0.1), (-0.1, 0.1), (-0.1, 0.1), (-0.1, 0.1), (-0.1, 0.1), (-0.1, 0.1), (-0.1, 0.1), (-0.1, 0.1), (-0.1, 0.1), (-0.1, 0.1), (-0.1, 0.1), (-0.1, 0.1), (-0.1, 0.1), (-0.1, 0.1), (-0.1, 0.1), (-0.1, 0.1), (-0.2, 0.2), (0.98, 1.02), (0.69, 0.71), (1.16, 1.18)]
