Best in last gen:
[ 1.36597716e-02 -2.67120360e-02  7.11385135e-03  3.64999482e-02
 -4.59601260e-03 -4.53134855e-03 -1.27863268e-02  7.91508801e-03
 -6.82282829e-03  4.30027741e-02  9.37936104e-03  1.92079702e-02
  6.45211135e-03  3.01256777e-03 -3.81477465e-02  2.60699834e-02
 -1.69035969e-02  2.88679683e-03 -2.33603086e-03 -4.24670390e-03
  9.63305400e-03  3.72205654e-03  4.61527372e-02 -8.94040460e-03
 -3.15885255e-02 -6.55225270e-03  1.59923667e-02 -2.30227635e-02
  2.60198409e-02  1.12778428e-02  1.25544779e-02  3.43571969e-02
  7.18500431e-03 -8.90990777e-02  5.22169482e-04 -5.18817090e-03
 -7.69916682e-03  1.40349746e-02  1.20013780e-02 -1.52048287e-02
 -1.68403549e-02  3.53988431e-03 -3.77344969e-02  1.15314164e-02
  9.87490539e-04 -5.56509577e-02 -1.56693209e-03 -9.93107332e-03
  9.95304223e-01  1.47479158e-06  1.45298922e+00  1.30586465e+00]
Best fitness in last gen:
1.3277732771778858e-06
GA calculation time:
583.5610091686249

Initial parameters
population size = 250
number of generations = 2000
Real number of generations = 2000
elitism = 2
crossover_rate = 0.95
mutation rate = 0.01
mutation range = [4.e-02 4.e-02 4.e-02 4.e-02 4.e-02 4.e-02 4.e-02 4.e-02 4.e-02 4.e-02
 4.e-02 4.e-02 4.e-02 4.e-02 4.e-02 4.e-02 4.e-02 4.e-02 4.e-02 4.e-02
 4.e-02 4.e-02 4.e-02 4.e-02 4.e-02 4.e-02 4.e-02 4.e-02 4.e-02 4.e-02
 4.e-02 4.e-02 4.e-02 4.e-02 4.e-02 4.e-02 4.e-02 4.e-02 4.e-02 4.e-02
 4.e-02 4.e-02 4.e-02 4.e-02 4.e-02 4.e-02 4.e-02 4.e-02 2.e-02 1.e-06
 2.e-02 2.e-02]
order = 3
gene ranges = [(-0.04, 0.04), (-0.04, 0.04), (-0.04, 0.04), (-0.04, 0.04), (-0.04, 0.04), (-0.04, 0.04), (-0.04, 0.04), (-0.04, 0.04), (-0.04, 0.04), (-0.04, 0.04), (-0.04, 0.04), (-0.04, 0.04), (-0.04, 0.04), (-0.04, 0.04), (-0.04, 0.04), (-0.04, 0.04), (-0.04, 0.04), (-0.04, 0.04), (-0.04, 0.04), (-0.04, 0.04), (-0.04, 0.04), (-0.04, 0.04), (-0.04, 0.04), (-0.04, 0.04), (-0.04, 0.04), (-0.04, 0.04), (-0.04, 0.04), (-0.04, 0.04), (-0.04, 0.04), (-0.04, 0.04), (-0.04, 0.04), (-0.04, 0.04), (-0.04, 0.04), (-0.04, 0.04), (-0.04, 0.04), (-0.04, 0.04), (-0.04, 0.04), (-0.04, 0.04), (-0.04, 0.04), (-0.04, 0.04), (-0.04, 0.04), (-0.04, 0.04), (-0.04, 0.04), (-0.04, 0.04), (-0.04, 0.04), (-0.04, 0.04), (-0.04, 0.04), (-0.04, 0.04), (0.98, 1.02), (-1e-05, 1e-05), (1.43, 1.47), (1.28, 1.32)]
