Best in last gen:
[ 1.24905447e-02 -1.31333917e-02 -7.06554062e-04 -4.46246943e-03
  1.21255115e-03 -1.23541404e-02  1.93428061e-04  2.56216371e-04
 -7.20524802e-03 -3.73273157e-02 -2.66587174e-03  5.49060284e-03
 -1.07925406e-03 -2.65277753e-03 -4.79284441e-03 -7.74965358e-04
  3.78921213e-02  1.69424624e-03  2.31426208e-02  5.18726121e-03
 -4.17299517e-02 -6.42350811e-03  1.57396175e-01 -4.62358502e-04
 -3.67619492e-02  9.36161772e-03  2.26211904e-04 -1.51898701e-02
  2.36297568e-03 -4.03757297e-03  3.21776567e-03 -1.50785280e-02
 -4.08926997e-03  2.56250620e-02 -4.82629824e-03  9.88425612e-03
 -1.95172610e-03  2.44645171e-03  1.28697695e-02 -8.46135479e-05
  3.31401378e-03  1.14964952e-02 -2.80398592e-03 -4.93327529e-03
 -1.08191129e-02 -2.11462976e-03 -5.66673189e-04  7.06676215e-03
  1.00586260e+00  8.71791973e-01  6.09139418e-01  1.25366059e+00]
Best fitness in last gen:
6.405909503500151e-06

Best in all:
[ 1.24905447e-02 -1.31333917e-02 -7.06554062e-04 -4.46246943e-03
  1.21255115e-03 -1.23541404e-02  1.93428061e-04  2.56216371e-04
 -7.20524802e-03 -3.73273157e-02 -2.66587174e-03  5.49060284e-03
 -1.07925406e-03 -2.65277753e-03 -4.79284441e-03 -7.74965358e-04
  3.78921213e-02  1.69424624e-03  2.31426208e-02  5.18726121e-03
 -4.17299517e-02 -6.42350811e-03  1.57396175e-01 -4.62358502e-04
 -3.67619492e-02  9.36161772e-03  2.26211904e-04 -1.51898701e-02
  2.36297568e-03 -4.03757297e-03  3.21776567e-03 -1.50785280e-02
 -4.08926997e-03  2.56250620e-02 -4.82629824e-03  9.88425612e-03
 -1.95172610e-03  2.44645171e-03  1.28697695e-02 -8.46135479e-05
  3.31401378e-03  1.14964952e-02 -2.80398592e-03 -4.93327529e-03
 -1.08191129e-02 -2.11462976e-03 -5.66673189e-04  7.06676215e-03
  1.00586260e+00  8.71791973e-01  6.09139418e-01  1.25366059e+00]
Best fitness in all:
6.405909503500151e-06
GA calculation time:
82.52743434906006

Initial parameters
population size = 500
number of generations = 100
Real number of generations = 100
elitism = 2
crossover_rate = 0.95
mutation rate = 0.02
mutation range = [0.1  0.1  0.1  0.1  0.1  0.1  0.1  0.1  0.1  0.1  0.1  0.1  0.1  0.1
 0.1  0.1  0.1  0.1  0.1  0.1  0.1  0.1  0.1  0.1  0.1  0.1  0.1  0.1
 0.1  0.1  0.1  0.1  0.1  0.1  0.1  0.1  0.1  0.1  0.1  0.1  0.1  0.1
 0.1  0.1  0.1  0.1  0.1  0.1  0.04 3.6  0.1  0.1 ]
order = 3
gene ranges = ((-0.05, 0.05), (0.98, 1.02), (-0.8, 0.8), (0.55, 0.65), (1.2, 1.3))
