Best in last gen:
[ 8.75839778e-03  2.68797730e-02  2.19881003e-03 -4.97469246e-02
  9.04443739e-02 -7.05242492e-02  1.03010875e-03 -2.04383430e-02
 -1.68499671e-02  6.61864837e-02 -5.12980589e-03 -5.71872549e-03
 -7.68156059e-02  2.21301832e-03 -1.68482342e-03 -2.06639963e-02
 -5.84668958e-03 -4.47458743e-03 -8.39622372e-04  1.22878377e-03
  3.79527394e-03 -6.69776472e-02  3.36374722e-03 -4.00933792e-02
  4.78367375e-02  8.16771416e-02 -8.11789803e-03  4.45847916e-03
 -1.03836642e-01 -2.45879406e-04 -3.27014694e-02  3.64334906e-02
  2.09221854e-02  1.92425591e-02 -4.90418859e-03 -6.58599916e-03
 -1.11057498e-02  4.56577937e-03  3.76102517e-03  1.54914749e-02
 -7.59074305e-03  3.82189045e-03  2.24323602e-02  1.05704050e-02
  6.12521326e-02 -6.33297761e-02 -2.32255564e-03 -1.58873761e-02
  1.01558454e+00 -5.44721174e-02  9.38707531e-01  1.34411806e+00]
Best fitness in last gen:
0.0013283623721199978

Best in all:
[ 8.75839778e-03  2.68797730e-02  2.19881003e-03 -4.97469246e-02
  9.04443739e-02 -7.05242492e-02  1.03010875e-03 -2.04383430e-02
 -1.68499671e-02  6.61864837e-02 -5.12980589e-03 -5.71872549e-03
 -7.68156059e-02  2.21301832e-03 -1.68482342e-03 -2.06639963e-02
 -5.84668958e-03 -4.47458743e-03 -8.39622372e-04  1.22878377e-03
  3.79527394e-03 -6.69776472e-02  3.36374722e-03 -4.00933792e-02
  4.78367375e-02  8.16771416e-02 -8.11789803e-03  4.45847916e-03
 -1.03836642e-01 -2.45879406e-04 -3.27014694e-02  3.64334906e-02
  2.09221854e-02  1.92425591e-02 -4.90418859e-03 -6.58599916e-03
 -1.11057498e-02  4.56577937e-03  3.76102517e-03  1.54914749e-02
 -7.59074305e-03  3.82189045e-03  2.24323602e-02  1.05704050e-02
  6.12521326e-02 -6.33297761e-02 -2.32255564e-03 -1.58873761e-02
  1.01558454e+00 -5.44721174e-02  9.38707531e-01  1.34411806e+00]
Best fitness in all:
0.0013283623721199978

Initial parameters
population size = 10
number of generations = 10000
Real number of generations = 10000
elitism = 2
crossover_rate = 0.95
mutation rate = 0.007
mutation range = 0.1
order = 3
gene ranges = ((-0.1, 0.1), (0.98, 1.02), (-2, 2), (0.65, 1.05), (1.2, 1.6))
