Best in last gen:
[-2.39210107e-02  2.51637670e-03 -1.47369416e-02  3.11226464e-02
  2.19559208e-02  4.56748397e-02  2.86926032e-02 -7.23688593e-04
 -1.48791479e-02 -5.56438540e-03  4.11214105e-03 -8.91673239e-03
  2.93647673e-02 -1.00916815e-02  3.40634467e-02 -6.80235788e-03
  2.78131563e-02  4.00549758e-02  1.31504300e-03  2.01382109e-03
 -2.11886920e-02 -6.91820651e-03 -1.30215271e-02  4.59752144e-02
 -4.55259111e-02  6.59056809e-02 -2.14487003e-02  9.50460342e-03
  3.42549852e-02 -1.52711997e-02 -9.31173506e-02 -1.21260826e-01
  2.08025500e-02 -1.31825862e-02  1.41943471e-02 -2.73324539e-03
  1.17391417e-03 -3.49086677e-03  4.39215826e-03 -2.92822342e-02
 -6.15440015e-03 -2.00745209e-02 -5.47107908e-02  3.99748220e-03
  1.72684096e-02 -7.46853504e-03  3.03197539e-03  6.03450827e-04
  1.01017404e+00  4.79730832e-02  5.63713461e-01  1.24452950e+00]
Best fitness in last gen:
3.7903516021815125e-06

Best in all:
[-2.39210107e-02  2.51637670e-03 -1.47369416e-02  3.11226464e-02
  2.19559208e-02  4.56748397e-02  2.86926032e-02 -7.23688593e-04
 -1.48791479e-02 -5.56438540e-03  4.11214105e-03 -8.91673239e-03
  2.93647673e-02 -1.00916815e-02  3.40634467e-02 -6.80235788e-03
  2.78131563e-02  4.00549758e-02  1.31504300e-03  2.01382109e-03
 -2.11886920e-02 -6.91820651e-03 -1.30215271e-02  4.59752144e-02
 -4.55259111e-02  6.59056809e-02 -2.14487003e-02  9.50460342e-03
  3.42549852e-02 -1.52711997e-02 -9.31173506e-02 -1.21260826e-01
  2.08025500e-02 -1.31825862e-02  1.41943471e-02 -2.73324539e-03
  1.17391417e-03 -3.49086677e-03  4.39215826e-03 -2.92822342e-02
 -6.15440015e-03 -2.00745209e-02 -5.47107908e-02  3.99748220e-03
  1.72684096e-02 -7.46853504e-03  3.03197539e-03  6.03450827e-04
  1.01017404e+00  4.79730832e-02  5.63713461e-01  1.24452950e+00]
Best fitness in all:
3.7903516021815125e-06
GA calculation time:
55721.240334272385

Initial parameters
population size = 500
number of generations = 100000
Real number of generations = 100000
elitism = 2
crossover_rate = 0.95
mutation rate = 0.007
mutation range = 0.1
order = 3
gene ranges = ((-0.1, 0.1), (0.98, 1.02), (-2, 2), (0.55, 0.65), (1.2, 1.3))