Best in last gen:
[ 2.19113521e-02  2.95766633e-02  2.85319203e-02  2.21210913e-02
 -4.11678228e-03  1.98847178e-02 -2.23952911e-02 -2.29628579e-02
 -8.60464985e-03  1.54816737e-02  1.60399881e-02 -1.35037874e-03
  3.53953805e-03  1.28490314e-02 -1.97550489e-02  3.55134701e-02
  6.24927914e-02 -1.43157116e-02  1.53826844e-02 -2.37959726e-02
  3.58924342e-02  2.21097669e-04 -1.34714767e-02 -1.30110820e-02
  8.09582218e-03  2.04520909e-02 -4.96937506e-02  1.62008859e-03
  2.95307179e-02 -6.36178912e-04  1.36794927e-02 -3.16832014e-03
  2.72771427e-02  4.07100740e-02 -3.13470083e-02 -1.27830599e-02
  1.51380511e-02 -1.26249568e-03  2.39818963e-02 -2.09001316e-02
 -1.10756308e-02  2.02325229e-05  2.63181672e-02  3.71267738e-02
 -3.41928213e-02 -1.35461844e-02 -1.36656826e-02  2.81292232e-02
  5.08781935e-03  1.02403970e-02 -8.46839040e-03  3.02542378e-02
 -5.97401732e-04  5.81202863e-03  1.20747638e-02  3.73115426e-02
 -2.13976313e-02 -1.65666334e-02 -1.61466334e-02 -1.32500330e-02
 -7.15404651e-03 -9.68389396e-03  9.40745211e-04 -5.16818099e-03
  1.19314734e-02  1.75994572e-02 -3.88632350e-02 -5.95500478e-03
 -2.99421887e-02 -2.50423414e-04 -2.70970918e-03 -3.41909514e-02
 -1.68190740e-02  9.45366801e-03  4.73159603e-02  4.29588725e-02
 -1.96538394e-02 -2.84610780e-02 -1.47857956e-02  6.88221966e-03
 -5.91935400e-02 -2.00540982e-02  3.53411180e-02  1.68930044e-02
  9.65985011e-03  1.80371129e-02 -4.18667992e-02 -6.51727148e-03
  2.67289794e-02  1.22809152e-02 -1.22910914e-02  5.27577114e-04
  5.12440310e-04 -9.62360397e-03 -2.65368736e-02  8.40098722e-04
  2.02024475e-02  1.05123464e-02 -9.02366079e-04  4.37393799e-03
 -1.10618832e-02 -1.63119562e-02  4.42256146e-03  1.04940625e-03
 -1.28563635e-02 -1.12398807e-02  1.08228518e-02 -7.49804387e-03
 -8.18572250e-03 -4.30306176e-03 -3.57245766e-02  2.68536997e-02
  2.27893155e-02 -1.95747924e-02 -5.47667885e-03  2.67758082e-02
  6.16950957e-03  6.86378320e-03 -1.08529036e-02 -2.18263285e-02
  9.84799663e-01  3.72311661e-06  5.66195241e-01  1.24816612e+00]
Best fitness in last gen:
0.0003385007287193245
GA calculation time:
154292.16069436073

Initial parameters
population size = 500
number of generations = 100000
Real number of generations = 100000
elitism = 2
crossover_rate = 0.95
mutation rate = 0.01
mutation range = [3.e-02 3.e-02 3.e-02 3.e-02 3.e-02 3.e-02 3.e-02 3.e-02 3.e-02 3.e-02
 3.e-02 3.e-02 3.e-02 3.e-02 3.e-02 3.e-02 3.e-02 3.e-02 3.e-02 3.e-02
 3.e-02 3.e-02 3.e-02 3.e-02 3.e-02 3.e-02 3.e-02 3.e-02 3.e-02 3.e-02
 3.e-02 3.e-02 3.e-02 3.e-02 3.e-02 3.e-02 3.e-02 3.e-02 3.e-02 3.e-02
 3.e-02 3.e-02 3.e-02 3.e-02 3.e-02 3.e-02 3.e-02 3.e-02 3.e-02 3.e-02
 3.e-02 3.e-02 3.e-02 3.e-02 3.e-02 3.e-02 3.e-02 3.e-02 3.e-02 3.e-02
 3.e-02 3.e-02 3.e-02 3.e-02 3.e-02 3.e-02 3.e-02 3.e-02 3.e-02 3.e-02
 3.e-02 3.e-02 3.e-02 3.e-02 3.e-02 3.e-02 3.e-02 3.e-02 3.e-02 3.e-02
 3.e-02 3.e-02 3.e-02 3.e-02 3.e-02 3.e-02 3.e-02 3.e-02 3.e-02 3.e-02
 3.e-02 3.e-02 3.e-02 3.e-02 3.e-02 3.e-02 3.e-02 3.e-02 3.e-02 3.e-02
 3.e-02 3.e-02 3.e-02 3.e-02 3.e-02 3.e-02 3.e-02 3.e-02 3.e-02 3.e-02
 3.e-02 3.e-02 3.e-02 3.e-02 3.e-02 3.e-02 3.e-02 3.e-02 3.e-02 3.e-02
 2.e-02 1.e-06 2.e-02 2.e-02]
order = 5
gene ranges = [(-0.03, 0.03), (-0.03, 0.03), (-0.03, 0.03), (-0.03, 0.03), (-0.03, 0.03), (-0.03, 0.03), (-0.03, 0.03), (-0.03, 0.03), (-0.03, 0.03), (-0.03, 0.03), (-0.03, 0.03), (-0.03, 0.03), (-0.03, 0.03), (-0.03, 0.03), (-0.03, 0.03), (-0.03, 0.03), (-0.03, 0.03), (-0.03, 0.03), (-0.03, 0.03), (-0.03, 0.03), (-0.03, 0.03), (-0.03, 0.03), (-0.03, 0.03), (-0.03, 0.03), (-0.03, 0.03), (-0.03, 0.03), (-0.03, 0.03), (-0.03, 0.03), (-0.03, 0.03), (-0.03, 0.03), (-0.03, 0.03), (-0.03, 0.03), (-0.03, 0.03), (-0.03, 0.03), (-0.03, 0.03), (-0.03, 0.03), (-0.03, 0.03), (-0.03, 0.03), (-0.03, 0.03), (-0.03, 0.03), (-0.03, 0.03), (-0.03, 0.03), (-0.03, 0.03), (-0.03, 0.03), (-0.03, 0.03), (-0.03, 0.03), (-0.03, 0.03), (-0.03, 0.03), (-0.03, 0.03), (-0.03, 0.03), (-0.03, 0.03), (-0.03, 0.03), (-0.03, 0.03), (-0.03, 0.03), (-0.03, 0.03), (-0.03, 0.03), (-0.03, 0.03), (-0.03, 0.03), (-0.03, 0.03), (-0.03, 0.03), (-0.03, 0.03), (-0.03, 0.03), (-0.03, 0.03), (-0.03, 0.03), (-0.03, 0.03), (-0.03, 0.03), (-0.03, 0.03), (-0.03, 0.03), (-0.03, 0.03), (-0.03, 0.03), (-0.03, 0.03), (-0.03, 0.03), (-0.03, 0.03), (-0.03, 0.03), (-0.03, 0.03), (-0.03, 0.03), (-0.03, 0.03), (-0.03, 0.03), (-0.03, 0.03), (-0.03, 0.03), (-0.03, 0.03), (-0.03, 0.03), (-0.03, 0.03), (-0.03, 0.03), (-0.03, 0.03), (-0.03, 0.03), (-0.03, 0.03), (-0.03, 0.03), (-0.03, 0.03), (-0.03, 0.03), (-0.03, 0.03), (-0.03, 0.03), (-0.03, 0.03), (-0.03, 0.03), (-0.03, 0.03), (-0.03, 0.03), (-0.03, 0.03), (-0.03, 0.03), (-0.03, 0.03), (-0.03, 0.03), (-0.03, 0.03), (-0.03, 0.03), (-0.03, 0.03), (-0.03, 0.03), (-0.03, 0.03), (-0.03, 0.03), (-0.03, 0.03), (-0.03, 0.03), (-0.03, 0.03), (-0.03, 0.03), (-0.03, 0.03), (-0.03, 0.03), (-0.03, 0.03), (-0.03, 0.03), (-0.03, 0.03), (-0.03, 0.03), (-0.03, 0.03), (-0.03, 0.03), (-0.03, 0.03), (-0.03, 0.03), (0.98, 1.02), (-1e-05, 1e-05), (0.56, 0.6), (1.24, 1.28)]