Best in last gen:
[-4.14111673e-03  9.94761572e-03  4.35186905e-03 -5.31742524e-03
 -1.44906956e-02 -9.75022066e-03  8.01928885e-03  8.04868176e-04
  1.28115970e-04  1.61313697e-02 -1.20841556e-03  2.08871428e-02
  5.24216725e-03 -1.55478290e-02  1.00548333e-03  7.76287846e-03
  1.16574967e-03  7.92971328e-03 -8.46506687e-03  3.76150247e-03
 -1.37462655e-02  5.21732526e-04 -4.54612583e-03  1.35400607e-02
  3.73321909e-03  1.18940266e-02 -1.35041527e-02  3.86593931e-03
 -7.84665151e-03  6.06979857e-03 -3.88093738e-03  1.24192344e-03
  4.88515738e-03  1.50183224e-03  1.04477479e-03 -8.34950694e-03
 -1.00212107e-02 -1.67565569e-03 -6.43858700e-03  4.32062448e-03
  3.52246533e-03  3.27691030e-03 -4.27946610e-03 -5.74332586e-03
  1.24032877e-03  1.09351806e-02  9.29320389e-03  7.08390380e-03
 -9.97583988e-03 -8.39533142e-03 -2.13179541e-03 -1.50936527e-02
  6.86912624e-03  4.03125080e-03 -2.04718992e-03 -2.06909238e-02
 -1.37095483e-03 -3.41463617e-03  3.51577327e-03  2.05285230e-03
  7.29432664e-03  3.04049935e-03 -3.67797401e-03  4.90749349e-03
 -2.48261829e-03  4.07853278e-03  9.88908261e-03  3.36948093e-03
  6.03313550e-04 -3.55223781e-03  7.28997818e-03 -3.60181043e-03
  4.02214112e-03  8.25790540e-03 -5.44634228e-03  7.17122402e-03
  7.07079559e-03 -7.86904384e-03 -1.04714086e-02  5.15289027e-04
  2.38511773e-02  5.11204578e-03  8.15629251e-03 -2.05668095e-03
 -1.06400505e-02 -7.84741922e-03  7.95018356e-03  5.73294233e-04
 -3.56868592e-03  1.34449038e-02  3.00335291e-03 -5.69131671e-03
  2.10722174e-03  4.56412172e-03  1.11959496e-03  3.54097636e-03
 -4.73626827e-04  6.55660583e-04 -3.39856953e-03  6.67478316e-03
 -2.12591153e-03 -1.96486156e-03  7.31098943e-03  1.22611911e-03
 -3.20223507e-03 -1.32625621e-02  1.70184061e-03 -3.31289705e-03
 -2.57907937e-03  1.20582790e-02 -1.73457520e-02 -5.92027520e-04
 -1.03220622e-03 -1.02775888e-02  1.25640504e-02  6.54882173e-03
 -1.39445947e-02  9.90450804e-04 -1.45527022e-02 -6.37135124e-03
  9.87815990e-01 -1.12057845e-01  1.19347044e+00  6.86841589e-01]
Best fitness in last gen:
2.749000173257101e-07
GA calculation time:
461.9430673122406

Initial parameters
population size = 100
number of generations = 1000
Real number of generations = 1000
elitism = 2
crossover_rate = 0.95
mutation rate = 0.01
mutation range = [0.01 0.01 0.01 0.01 0.01 0.01 0.01 0.01 0.01 0.01 0.01 0.01 0.01 0.01
 0.01 0.01 0.01 0.01 0.01 0.01 0.01 0.01 0.01 0.01 0.01 0.01 0.01 0.01
 0.01 0.01 0.01 0.01 0.01 0.01 0.01 0.01 0.01 0.01 0.01 0.01 0.01 0.01
 0.01 0.01 0.01 0.01 0.01 0.01 0.01 0.01 0.01 0.01 0.01 0.01 0.01 0.01
 0.01 0.01 0.01 0.01 0.01 0.01 0.01 0.01 0.01 0.01 0.01 0.01 0.01 0.01
 0.01 0.01 0.01 0.01 0.01 0.01 0.01 0.01 0.01 0.01 0.01 0.01 0.01 0.01
 0.01 0.01 0.01 0.01 0.01 0.01 0.01 0.01 0.01 0.01 0.01 0.01 0.01 0.01
 0.01 0.01 0.01 0.01 0.01 0.01 0.01 0.01 0.01 0.01 0.01 0.01 0.01 0.01
 0.01 0.01 0.01 0.01 0.01 0.01 0.01 0.01 0.2  0.02 0.01 0.01]
order = 5
gene ranges = [(-0.01, 0.01), (-0.01, 0.01), (-0.01, 0.01), (-0.01, 0.01), (-0.01, 0.01), (-0.01, 0.01), (-0.01, 0.01), (-0.01, 0.01), (-0.01, 0.01), (-0.01, 0.01), (-0.01, 0.01), (-0.01, 0.01), (-0.01, 0.01), (-0.01, 0.01), (-0.01, 0.01), (-0.01, 0.01), (-0.01, 0.01), (-0.01, 0.01), (-0.01, 0.01), (-0.01, 0.01), (-0.01, 0.01), (-0.01, 0.01), (-0.01, 0.01), (-0.01, 0.01), (-0.01, 0.01), (-0.01, 0.01), (-0.01, 0.01), (-0.01, 0.01), (-0.01, 0.01), (-0.01, 0.01), (-0.01, 0.01), (-0.01, 0.01), (-0.01, 0.01), (-0.01, 0.01), (-0.01, 0.01), (-0.01, 0.01), (-0.01, 0.01), (-0.01, 0.01), (-0.01, 0.01), (-0.01, 0.01), (-0.01, 0.01), (-0.01, 0.01), (-0.01, 0.01), (-0.01, 0.01), (-0.01, 0.01), (-0.01, 0.01), (-0.01, 0.01), (-0.01, 0.01), (-0.01, 0.01), (-0.01, 0.01), (-0.01, 0.01), (-0.01, 0.01), (-0.01, 0.01), (-0.01, 0.01), (-0.01, 0.01), (-0.01, 0.01), (-0.01, 0.01), (-0.01, 0.01), (-0.01, 0.01), (-0.01, 0.01), (-0.01, 0.01), (-0.01, 0.01), (-0.01, 0.01), (-0.01, 0.01), (-0.01, 0.01), (-0.01, 0.01), (-0.01, 0.01), (-0.01, 0.01), (-0.01, 0.01), (-0.01, 0.01), (-0.01, 0.01), (-0.01, 0.01), (-0.01, 0.01), (-0.01, 0.01), (-0.01, 0.01), (-0.01, 0.01), (-0.01, 0.01), (-0.01, 0.01), (-0.01, 0.01), (-0.01, 0.01), (-0.01, 0.01), (-0.01, 0.01), (-0.01, 0.01), (-0.01, 0.01), (-0.01, 0.01), (-0.01, 0.01), (-0.01, 0.01), (-0.01, 0.01), (-0.01, 0.01), (-0.01, 0.01), (-0.01, 0.01), (-0.01, 0.01), (-0.01, 0.01), (-0.01, 0.01), (-0.01, 0.01), (-0.01, 0.01), (-0.01, 0.01), (-0.01, 0.01), (-0.01, 0.01), (-0.01, 0.01), (-0.01, 0.01), (-0.01, 0.01), (-0.01, 0.01), (-0.01, 0.01), (-0.01, 0.01), (-0.01, 0.01), (-0.01, 0.01), (-0.01, 0.01), (-0.01, 0.01), (-0.01, 0.01), (-0.01, 0.01), (-0.01, 0.01), (-0.01, 0.01), (-0.01, 0.01), (-0.01, 0.01), (-0.01, 0.01), (-0.01, 0.01), (-0.01, 0.01), (-0.01, 0.01), (-0.01, 0.01), (0.98, 1.02), (-0.2, 0.2), (1.19, 1.23), (0.66, 0.7)]