Best in last gen:
[-2.36882124e-02 -1.32848841e-02 -5.93809468e-04  7.08023491e-02
  2.39852409e-02 -1.84432727e-02 -2.64496920e-02 -6.09301606e-03
 -5.75990717e-04  5.15600233e-02 -3.33603717e-02 -2.72714905e-02
  4.72311024e-02 -1.88372350e-02 -2.05850763e-03 -7.11420396e-03
  1.79840956e-02 -7.40951497e-03 -1.52338300e-02 -7.14590369e-03
  5.25574954e-02 -6.35101373e-04 -3.01809286e-03  2.38364475e-02
  3.52260612e-02  5.76924048e-02  7.73842778e-03 -1.66909698e-02
  1.33122683e-02 -2.86548917e-02  5.51036734e-02 -1.87643608e-02
 -2.64823635e-02 -3.61806357e-02  6.70618909e-03 -5.45771027e-03
 -7.59791488e-03  1.22292087e-02 -1.33202635e-02 -1.67932107e-02
  2.52635995e-02  1.55342746e-02 -1.05902996e-01 -5.36068529e-02
  2.27473880e-02  2.02632637e-02 -2.67076911e-02 -1.29659822e-02
  9.99855650e-01 -3.37737473e-06  9.90822692e-01  6.91445569e-01]
Best fitness in last gen:
1.2194096025368042e-07
GA calculation time:
5787.7180552482605

Initial parameters
population size = 200
number of generations = 10000
Real number of generations = 10000
elitism = 2
crossover_rate = 0.95
mutation rate = 0.01
mutation range = [5.e-02 5.e-02 5.e-02 5.e-02 5.e-02 5.e-02 5.e-02 5.e-02 5.e-02 5.e-02
 5.e-02 5.e-02 5.e-02 5.e-02 5.e-02 5.e-02 5.e-02 5.e-02 5.e-02 5.e-02
 5.e-02 5.e-02 5.e-02 5.e-02 5.e-02 5.e-02 5.e-02 5.e-02 5.e-02 5.e-02
 5.e-02 5.e-02 5.e-02 5.e-02 5.e-02 5.e-02 5.e-02 5.e-02 5.e-02 5.e-02
 5.e-02 5.e-02 5.e-02 5.e-02 5.e-02 5.e-02 5.e-02 5.e-02 2.e-02 1.e-06
 4.e-02 4.e-02]
order = 3
gene ranges = [(-0.05, 0.05), (-0.05, 0.05), (-0.05, 0.05), (-0.05, 0.05), (-0.05, 0.05), (-0.05, 0.05), (-0.05, 0.05), (-0.05, 0.05), (-0.05, 0.05), (-0.05, 0.05), (-0.05, 0.05), (-0.05, 0.05), (-0.05, 0.05), (-0.05, 0.05), (-0.05, 0.05), (-0.05, 0.05), (-0.05, 0.05), (-0.05, 0.05), (-0.05, 0.05), (-0.05, 0.05), (-0.05, 0.05), (-0.05, 0.05), (-0.05, 0.05), (-0.05, 0.05), (-0.05, 0.05), (-0.05, 0.05), (-0.05, 0.05), (-0.05, 0.05), (-0.05, 0.05), (-0.05, 0.05), (-0.05, 0.05), (-0.05, 0.05), (-0.05, 0.05), (-0.05, 0.05), (-0.05, 0.05), (-0.05, 0.05), (-0.05, 0.05), (-0.05, 0.05), (-0.05, 0.05), (-0.05, 0.05), (-0.05, 0.05), (-0.05, 0.05), (-0.05, 0.05), (-0.05, 0.05), (-0.05, 0.05), (-0.05, 0.05), (-0.05, 0.05), (-0.05, 0.05), (0.98, 1.02), (-1e-05, 1e-05), (0.95, 1.05), (0.65, 0.75)]
