Best in last gen:
[ 2.21134345e-02  1.61964036e-02  1.73887529e-02  2.58220093e-02
 -4.96403728e-03  2.57572206e-02  3.54918852e-02  1.61572848e-02
  3.36149911e-03  5.11500272e-02 -2.72711658e-02  1.49527037e-02
 -2.65728024e-02  3.68324593e-02 -2.28799086e-02  6.62890470e-03
  4.01813762e-02  2.27231745e-02  3.90413041e-02  4.37895870e-03
  2.44295855e-02 -2.46696687e-02 -4.02817176e-03  1.29972234e-02
  2.49444177e-02 -1.26231481e-02 -1.22679603e-02  1.78286537e-02
  2.20616915e-02 -7.16090587e-02 -6.04282078e-03 -1.44007866e-02
 -8.26086003e-02 -4.98691144e-02 -2.19642097e-02  4.05350937e-02
 -4.74202180e-03  4.37652855e-02 -9.21798338e-02  2.54985097e-02
 -1.98538823e-02 -7.03794887e-02  3.22888659e-04 -1.67397258e-03
 -2.60838465e-02 -1.17731386e-02 -4.67123173e-02  4.65298438e-02
  9.92009086e-01  4.61773061e-07  3.40737537e-01  2.80121403e-01]
Best fitness in last gen:
4.338657231213432e-06
GA calculation time:
5254.763515472412

Initial parameters
population size = 300
number of generations = 20000
Real number of generations = 20000
elitism = 2
crossover_rate = 0.95
mutation rate = 0.01
mutation range = [4.e-02 4.e-02 4.e-02 4.e-02 4.e-02 4.e-02 4.e-02 4.e-02 4.e-02 4.e-02
 4.e-02 4.e-02 4.e-02 4.e-02 4.e-02 4.e-02 4.e-02 4.e-02 4.e-02 4.e-02
 4.e-02 4.e-02 4.e-02 4.e-02 4.e-02 4.e-02 4.e-02 4.e-02 4.e-02 4.e-02
 4.e-02 4.e-02 4.e-02 4.e-02 4.e-02 4.e-02 4.e-02 4.e-02 4.e-02 4.e-02
 4.e-02 4.e-02 4.e-02 4.e-02 4.e-02 4.e-02 4.e-02 4.e-02 2.e-02 1.e-06
 2.e-02 2.e-02]
order = 3
gene ranges = [(-0.1, 0.1), (-0.1, 0.1), (-0.1, 0.1), (-0.1, 0.1), (-0.1, 0.1), (-0.1, 0.1), (-0.1, 0.1), (-0.1, 0.1), (-0.1, 0.1), (-0.1, 0.1), (-0.1, 0.1), (-0.1, 0.1), (-0.1, 0.1), (-0.1, 0.1), (-0.1, 0.1), (-0.1, 0.1), (-0.1, 0.1), (-0.1, 0.1), (-0.1, 0.1), (-0.1, 0.1), (-0.1, 0.1), (-0.1, 0.1), (-0.1, 0.1), (-0.1, 0.1), (-0.1, 0.1), (-0.1, 0.1), (-0.1, 0.1), (-0.1, 0.1), (-0.1, 0.1), (-0.1, 0.1), (-0.1, 0.1), (-0.1, 0.1), (-0.1, 0.1), (-0.1, 0.1), (-0.1, 0.1), (-0.1, 0.1), (-0.1, 0.1), (-0.1, 0.1), (-0.1, 0.1), (-0.1, 0.1), (-0.1, 0.1), (-0.1, 0.1), (-0.1, 0.1), (-0.1, 0.1), (-0.1, 0.1), (-0.1, 0.1), (-0.1, 0.1), (-0.1, 0.1), (0.98, 1.02), (-1e-05, 1e-05), (0.3, 0.36), (0.25, 0.31)]
