Best in last gen:
[ 3.81077031e-02  3.74484425e-02  2.41934785e-02 -1.40417204e-03
  2.99682363e-02 -6.33177840e-03  8.12958905e-04 -6.84995024e-03
  2.15017857e-02  1.45219772e-02 -7.37993095e-02  3.21100956e-02
  8.26785044e-02 -3.29257276e-02 -6.94270679e-03  2.56731652e-02
  4.54745746e-02  1.44612089e-02 -8.93019168e-03  1.01047242e-03
  1.80179400e-02 -2.15627811e-02  7.04908482e-03 -2.35092099e-02
 -3.33031756e-02  1.87959819e-03 -3.69588738e-02 -2.85191336e-02
  6.00861787e-03 -3.13478481e-02 -2.25160856e-03 -3.01981366e-02
 -3.66386421e-02 -3.25079215e-02 -2.39418228e-02  1.45036355e-02
 -3.58992308e-02  8.76722957e-03 -4.40097224e-03 -8.48577676e-03
  1.68973757e-02 -1.03906715e-02 -8.48361026e-02 -4.38703080e-02
 -3.91829554e-03  2.23257465e-02 -4.23532165e-02  2.86420304e-02
  9.95521880e-01 -8.53617506e-07  3.29207458e-01  7.66530507e-01]
Best fitness in last gen:
1.1559504893764932e-05
GA calculation time:
2823.4176285266876

Initial parameters
population size = 300
number of generations = 10000
Real number of generations = 10000
elitism = 2
crossover_rate = 0.95
mutation rate = 0.01
mutation range = [4.e-02 4.e-02 4.e-02 4.e-02 4.e-02 4.e-02 4.e-02 4.e-02 4.e-02 4.e-02
 4.e-02 4.e-02 4.e-02 4.e-02 4.e-02 4.e-02 4.e-02 4.e-02 4.e-02 4.e-02
 4.e-02 4.e-02 4.e-02 4.e-02 4.e-02 4.e-02 4.e-02 4.e-02 4.e-02 4.e-02
 4.e-02 4.e-02 4.e-02 4.e-02 4.e-02 4.e-02 4.e-02 4.e-02 4.e-02 4.e-02
 4.e-02 4.e-02 4.e-02 4.e-02 4.e-02 4.e-02 4.e-02 4.e-02 2.e-02 1.e-06
 1.e-02 1.e-02]
order = 3
gene ranges = [(-0.05, 0.05), (-0.05, 0.05), (-0.05, 0.05), (-0.05, 0.05), (-0.05, 0.05), (-0.05, 0.05), (-0.05, 0.05), (-0.05, 0.05), (-0.05, 0.05), (-0.05, 0.05), (-0.05, 0.05), (-0.05, 0.05), (-0.05, 0.05), (-0.05, 0.05), (-0.05, 0.05), (-0.05, 0.05), (-0.05, 0.05), (-0.05, 0.05), (-0.05, 0.05), (-0.05, 0.05), (-0.05, 0.05), (-0.05, 0.05), (-0.05, 0.05), (-0.05, 0.05), (-0.05, 0.05), (-0.05, 0.05), (-0.05, 0.05), (-0.05, 0.05), (-0.05, 0.05), (-0.05, 0.05), (-0.05, 0.05), (-0.05, 0.05), (-0.05, 0.05), (-0.05, 0.05), (-0.05, 0.05), (-0.05, 0.05), (-0.05, 0.05), (-0.05, 0.05), (-0.05, 0.05), (-0.05, 0.05), (-0.05, 0.05), (-0.05, 0.05), (-0.05, 0.05), (-0.05, 0.05), (-0.05, 0.05), (-0.05, 0.05), (-0.05, 0.05), (-0.05, 0.05), (0.98, 1.02), (-1e-05, 1e-05), (0.31, 0.35), (0.75, 0.79)]
