Best in last gen:
[-1.42615818e-02  2.70778118e-02 -2.01896194e-02 -2.85388753e-02
  3.89178147e-02 -2.33767705e-02 -1.27642425e-02 -1.53386033e-03
 -6.48787870e-02  3.49478654e-02  6.24433396e-02  1.91879554e-02
 -2.34188261e-02 -7.34735347e-03 -3.02259164e-03  7.59800900e-03
 -4.58010077e-03  1.14788717e-02  2.51340947e-02  1.16980584e-02
 -8.30090008e-03  2.90320589e-02 -2.55013822e-02  7.51157298e-03
 -1.12666859e-02  2.89270842e-02  2.52124150e-03  9.13014599e-03
  4.78505422e-02 -3.00154725e-02 -1.22811192e-02  5.13341740e-02
  8.53574721e-03  5.94632894e-03 -1.13507707e-02 -4.88258090e-03
  9.93915310e-03 -3.42801811e-03  1.30687016e-02 -2.83395725e-02
 -1.82093266e-02 -1.09328932e-02 -5.27296158e-02 -7.96248344e-03
 -2.71427464e-02  1.32794631e-02 -8.65380877e-03  6.24290309e-03
  9.80116588e-01 -2.77121876e-01  1.32841148e+00  2.79286271e+00]
Best fitness in last gen:
1.5153630468275723e-06

Best in all:
[-1.42615818e-02  2.70778118e-02 -2.01896194e-02 -2.85388753e-02
  3.89178147e-02 -2.33767705e-02 -1.27642425e-02 -1.53386033e-03
 -6.48787870e-02  3.49478654e-02  6.24433396e-02  1.91879554e-02
 -2.34188261e-02 -7.34735347e-03 -3.02259164e-03  7.59800900e-03
 -4.58010077e-03  1.14788717e-02  2.51340947e-02  1.16980584e-02
 -8.30090008e-03  2.90320589e-02 -2.55013822e-02  7.51157298e-03
 -1.12666859e-02  2.89270842e-02  2.52124150e-03  9.13014599e-03
  4.78505422e-02 -3.00154725e-02 -1.22811192e-02  5.13341740e-02
  8.53574721e-03  5.94632894e-03 -1.13507707e-02 -4.88258090e-03
  9.93915310e-03 -3.42801811e-03  1.30687016e-02 -2.83395725e-02
 -1.82093266e-02 -1.09328932e-02 -5.27296158e-02 -7.96248344e-03
 -2.71427464e-02  1.32794631e-02 -8.65380877e-03  6.24290309e-03
  9.80116588e-01 -2.77121876e-01  1.32841148e+00  2.79286271e+00]
Best fitness in all:
1.5153630468275723e-06
GA calculation time:
225.8529496192932

Initial parameters
population size = 10
number of generations = 10000
Real number of generations = 10000
elitism = 2
crossover_rate = 0.95
mutation rate = 0.02
mutation range = [0.05 0.05 0.05 0.05 0.05 0.05 0.05 0.05 0.05 0.05 0.05 0.05 0.05 0.05
 0.05 0.05 0.05 0.05 0.05 0.05 0.05 0.05 0.05 0.05 0.05 0.05 0.05 0.05
 0.05 0.05 0.05 0.05 0.05 0.05 0.05 0.05 0.05 0.05 0.05 0.05 0.05 0.05
 0.05 0.05 0.05 0.05 0.05 0.05 0.02 0.8  0.05 0.05]
order = 3
gene ranges = ((-0.05, 0.05), (0.98, 1.02), (-0.8, 0.8), (1.25, 1.35), (2.7, 2.8))
