Best in last gen:
[ 5.61822532e-03 -2.28518652e-02 -1.95250779e-03 -3.72003042e-03
 -1.77679707e-02 -5.99126790e-03  7.03280380e-04  6.36516227e-02
  8.82001696e-04 -1.99299006e-02 -1.12106336e-02  1.83998788e-02
 -9.69054680e-03 -1.12292055e-02  1.60390881e-02  6.43746072e-03
  4.42124814e-02  2.35603353e-02  6.63014992e-03  7.20667715e-03
  3.43457405e-02  8.25753569e-03  3.64592417e-03 -2.84842219e-02
  2.38354392e-02  2.62801916e-02 -1.77076285e-02  5.51134131e-03
  1.14700183e-02 -8.51430682e-03  5.21083293e-03  5.57510231e-03
  1.00518305e-02 -7.69149604e-04 -1.01102058e-02 -7.08114826e-03
  1.17805321e-02  1.38658159e-03  1.50668294e-02 -1.30784940e-04
  1.88875772e-02  2.85680647e-03  8.15182512e-03  9.58573440e-03
  1.34290098e-02 -2.10566281e-04 -4.48015587e-03  1.10503392e-03
  1.92667250e-02  5.90091346e-03 -1.64518405e-03  1.54766817e-02
 -1.70480814e-03 -1.22169294e-02  6.47408994e-04 -9.63027766e-04
 -4.68764690e-03  5.43764968e-02 -1.09999784e-02  1.08800981e-03
  5.61382989e-02  1.34902902e-02 -1.49616323e-02  9.19704023e-04
 -1.50964640e-02  3.79372695e-02 -1.22955605e-02 -1.57255594e-02
 -3.01517541e-03  2.08118750e-02 -1.56470489e-02 -3.36443741e-03
  2.74157325e-02  9.11305889e-04  1.13620757e-02 -4.75341734e-03
 -3.81659280e-03 -5.78688849e-03 -2.68049227e-03 -9.63535517e-03
 -4.45654342e-02  1.11777066e-02  3.43876591e-03 -5.17418613e-03
 -1.50187499e-03 -1.04795402e-02 -1.32386537e-02  6.94194025e-03
 -7.19566681e-04  8.32994305e-03  9.08075478e-03  4.63314897e-03
  8.98123037e-03 -5.08912645e-03 -8.68527983e-04  1.73817381e-02
  1.02619651e-02  4.92308557e-03 -1.57596300e-02  8.93162314e-03
  1.69821861e-02  2.33915875e-02  1.29382481e-02  9.24830537e-03
 -1.61724933e-02  1.63254045e-02  5.38784151e-03 -2.57615772e-04
  5.47059390e-04  2.98762560e-03 -6.28120312e-02 -2.41739818e-02
  1.79933616e-02 -1.78795901e-03  1.44561546e-02  3.48457189e-03
  6.20649617e-03  5.35876452e-03 -5.79477119e-03 -1.28969488e-02
  9.82744113e-01  6.39463997e-07  1.26769135e+00  5.92171833e-01]
Best fitness in last gen:
9.72797907913395e-06
GA calculation time:
154878.81481981277

Initial parameters
population size = 500
number of generations = 100000
Real number of generations = 100000
elitism = 2
crossover_rate = 0.95
mutation rate = 0.01
mutation range = [3.e-02 3.e-02 3.e-02 3.e-02 3.e-02 3.e-02 3.e-02 3.e-02 3.e-02 3.e-02
 3.e-02 3.e-02 3.e-02 3.e-02 3.e-02 3.e-02 3.e-02 3.e-02 3.e-02 3.e-02
 3.e-02 3.e-02 3.e-02 3.e-02 3.e-02 3.e-02 3.e-02 3.e-02 3.e-02 3.e-02
 3.e-02 3.e-02 3.e-02 3.e-02 3.e-02 3.e-02 3.e-02 3.e-02 3.e-02 3.e-02
 3.e-02 3.e-02 3.e-02 3.e-02 3.e-02 3.e-02 3.e-02 3.e-02 3.e-02 3.e-02
 3.e-02 3.e-02 3.e-02 3.e-02 3.e-02 3.e-02 3.e-02 3.e-02 3.e-02 3.e-02
 3.e-02 3.e-02 3.e-02 3.e-02 3.e-02 3.e-02 3.e-02 3.e-02 3.e-02 3.e-02
 3.e-02 3.e-02 3.e-02 3.e-02 3.e-02 3.e-02 3.e-02 3.e-02 3.e-02 3.e-02
 3.e-02 3.e-02 3.e-02 3.e-02 3.e-02 3.e-02 3.e-02 3.e-02 3.e-02 3.e-02
 3.e-02 3.e-02 3.e-02 3.e-02 3.e-02 3.e-02 3.e-02 3.e-02 3.e-02 3.e-02
 3.e-02 3.e-02 3.e-02 3.e-02 3.e-02 3.e-02 3.e-02 3.e-02 3.e-02 3.e-02
 3.e-02 3.e-02 3.e-02 3.e-02 3.e-02 3.e-02 3.e-02 3.e-02 3.e-02 3.e-02
 2.e-02 1.e-06 2.e-02 2.e-02]
order = 5
gene ranges = [(-0.03, 0.03), (-0.03, 0.03), (-0.03, 0.03), (-0.03, 0.03), (-0.03, 0.03), (-0.03, 0.03), (-0.03, 0.03), (-0.03, 0.03), (-0.03, 0.03), (-0.03, 0.03), (-0.03, 0.03), (-0.03, 0.03), (-0.03, 0.03), (-0.03, 0.03), (-0.03, 0.03), (-0.03, 0.03), (-0.03, 0.03), (-0.03, 0.03), (-0.03, 0.03), (-0.03, 0.03), (-0.03, 0.03), (-0.03, 0.03), (-0.03, 0.03), (-0.03, 0.03), (-0.03, 0.03), (-0.03, 0.03), (-0.03, 0.03), (-0.03, 0.03), (-0.03, 0.03), (-0.03, 0.03), (-0.03, 0.03), (-0.03, 0.03), (-0.03, 0.03), (-0.03, 0.03), (-0.03, 0.03), (-0.03, 0.03), (-0.03, 0.03), (-0.03, 0.03), (-0.03, 0.03), (-0.03, 0.03), (-0.03, 0.03), (-0.03, 0.03), (-0.03, 0.03), (-0.03, 0.03), (-0.03, 0.03), (-0.03, 0.03), (-0.03, 0.03), (-0.03, 0.03), (-0.03, 0.03), (-0.03, 0.03), (-0.03, 0.03), (-0.03, 0.03), (-0.03, 0.03), (-0.03, 0.03), (-0.03, 0.03), (-0.03, 0.03), (-0.03, 0.03), (-0.03, 0.03), (-0.03, 0.03), (-0.03, 0.03), (-0.03, 0.03), (-0.03, 0.03), (-0.03, 0.03), (-0.03, 0.03), (-0.03, 0.03), (-0.03, 0.03), (-0.03, 0.03), (-0.03, 0.03), (-0.03, 0.03), (-0.03, 0.03), (-0.03, 0.03), (-0.03, 0.03), (-0.03, 0.03), (-0.03, 0.03), (-0.03, 0.03), (-0.03, 0.03), (-0.03, 0.03), (-0.03, 0.03), (-0.03, 0.03), (-0.03, 0.03), (-0.03, 0.03), (-0.03, 0.03), (-0.03, 0.03), (-0.03, 0.03), (-0.03, 0.03), (-0.03, 0.03), (-0.03, 0.03), (-0.03, 0.03), (-0.03, 0.03), (-0.03, 0.03), (-0.03, 0.03), (-0.03, 0.03), (-0.03, 0.03), (-0.03, 0.03), (-0.03, 0.03), (-0.03, 0.03), (-0.03, 0.03), (-0.03, 0.03), (-0.03, 0.03), (-0.03, 0.03), (-0.03, 0.03), (-0.03, 0.03), (-0.03, 0.03), (-0.03, 0.03), (-0.03, 0.03), (-0.03, 0.03), (-0.03, 0.03), (-0.03, 0.03), (-0.03, 0.03), (-0.03, 0.03), (-0.03, 0.03), (-0.03, 0.03), (-0.03, 0.03), (-0.03, 0.03), (-0.03, 0.03), (-0.03, 0.03), (-0.03, 0.03), (-0.03, 0.03), (-0.03, 0.03), (-0.03, 0.03), (0.98, 1.02), (-1e-05, 1e-05), (1.24, 1.28), (0.56, 0.6)]