Best in last gen:
[ 5.31080638e-03 -2.15005634e-02  3.22584736e-03 -1.46906496e-02
  6.65955481e-03  2.46334219e-02  5.16066564e-03 -2.51388186e-02
 -6.58041628e-03 -1.44703725e-02 -2.93713267e-02  2.90403709e-03
 -1.27500605e-02 -2.75063485e-02  6.34974731e-03  7.13426571e-03
  1.47682090e-02 -1.23616726e-02  1.15978438e-02  1.54745428e-02
  2.55390052e-02  4.16052718e-03 -1.57053525e-02  6.13763505e-03
  6.01620902e-04 -2.53676396e-02  6.37078799e-03 -1.57802229e-02
 -2.84301278e-02 -1.26774176e-02 -2.68359114e-02  8.54406722e-03
  1.27022661e-02  3.03271999e-04  3.41483352e-02 -6.14147049e-03
 -2.64665790e-02 -2.25462780e-02  3.57798724e-04  9.22535718e-03
  4.35505270e-02  1.73270062e-02  9.18598583e-04  9.46696601e-03
  1.42666766e-02  1.86606974e-03 -1.59784369e-02  1.59542914e-02
  1.29624543e-03  1.53379988e-02  2.60017334e-02  6.85976833e-03
 -3.67884420e-03  9.38754089e-03  3.21007848e-02  2.11771376e-03
  3.90105001e-03 -1.37043530e-02  7.45481994e-03 -2.45565351e-03
  1.13754587e-02 -1.72644711e-02  6.74451094e-03 -1.59996932e-02
  4.45714403e-02 -2.41796272e-02  4.10871160e-04 -3.20337391e-03
 -6.54860285e-03 -3.04737018e-02  8.63867247e-03  5.32153966e-03
  5.35434255e-03 -1.39839780e-02 -9.61891504e-03 -2.33979940e-02
  2.24934534e-02 -1.05808595e-02  2.22546743e-02 -1.10596486e-02
 -1.44239798e-02 -6.13767982e-03  2.07551731e-02  1.97697377e-03
  1.70472026e-02  1.42414501e-02 -3.33659886e-03  2.84869247e-02
 -3.32904682e-02  1.27677143e-02 -2.95984416e-02  2.77213842e-02
 -1.33326205e-02 -1.49045108e-02  2.34999319e-02  1.86944981e-02
 -9.87815878e-03 -3.84538135e-03 -2.38507749e-02 -1.06308424e-02
 -1.59574672e-02  1.39607407e-02  4.41682987e-03  2.85344716e-02
 -7.42361189e-03  9.49817213e-03  1.46137801e-02 -9.72577040e-03
 -6.69047743e-05 -2.24942082e-03 -8.68097667e-03 -2.16528767e-03
 -4.60393444e-03 -2.27632645e-03 -9.38684218e-03 -2.29256998e-03
 -3.55367186e-02 -4.26878976e-03  5.78826122e-02 -3.57088756e-02
  1.00003613e+00  4.03379556e-06  3.36384254e-01  2.90258226e-01]
Best fitness in last gen:
4.357495760780268e-05
GA calculation time:
3670.9329721927643

Initial parameters
population size = 200
number of generations = 10000
Real number of generations = 10000
elitism = 2
crossover_rate = 0.95
mutation rate = 0.01
mutation range = [3.e-02 3.e-02 3.e-02 3.e-02 3.e-02 3.e-02 3.e-02 3.e-02 3.e-02 3.e-02
 3.e-02 3.e-02 3.e-02 3.e-02 3.e-02 3.e-02 3.e-02 3.e-02 3.e-02 3.e-02
 3.e-02 3.e-02 3.e-02 3.e-02 3.e-02 3.e-02 3.e-02 3.e-02 3.e-02 3.e-02
 3.e-02 3.e-02 3.e-02 3.e-02 3.e-02 3.e-02 3.e-02 3.e-02 3.e-02 3.e-02
 3.e-02 3.e-02 3.e-02 3.e-02 3.e-02 3.e-02 3.e-02 3.e-02 3.e-02 3.e-02
 3.e-02 3.e-02 3.e-02 3.e-02 3.e-02 3.e-02 3.e-02 3.e-02 3.e-02 3.e-02
 3.e-02 3.e-02 3.e-02 3.e-02 3.e-02 3.e-02 3.e-02 3.e-02 3.e-02 3.e-02
 3.e-02 3.e-02 3.e-02 3.e-02 3.e-02 3.e-02 3.e-02 3.e-02 3.e-02 3.e-02
 3.e-02 3.e-02 3.e-02 3.e-02 3.e-02 3.e-02 3.e-02 3.e-02 3.e-02 3.e-02
 3.e-02 3.e-02 3.e-02 3.e-02 3.e-02 3.e-02 3.e-02 3.e-02 3.e-02 3.e-02
 3.e-02 3.e-02 3.e-02 3.e-02 3.e-02 3.e-02 3.e-02 3.e-02 3.e-02 3.e-02
 3.e-02 3.e-02 3.e-02 3.e-02 3.e-02 3.e-02 3.e-02 3.e-02 3.e-02 3.e-02
 2.e-02 1.e-06 3.e-02 3.e-02]
order = 5
gene ranges = [(-0.03, 0.03), (-0.03, 0.03), (-0.03, 0.03), (-0.03, 0.03), (-0.03, 0.03), (-0.03, 0.03), (-0.03, 0.03), (-0.03, 0.03), (-0.03, 0.03), (-0.03, 0.03), (-0.03, 0.03), (-0.03, 0.03), (-0.03, 0.03), (-0.03, 0.03), (-0.03, 0.03), (-0.03, 0.03), (-0.03, 0.03), (-0.03, 0.03), (-0.03, 0.03), (-0.03, 0.03), (-0.03, 0.03), (-0.03, 0.03), (-0.03, 0.03), (-0.03, 0.03), (-0.03, 0.03), (-0.03, 0.03), (-0.03, 0.03), (-0.03, 0.03), (-0.03, 0.03), (-0.03, 0.03), (-0.03, 0.03), (-0.03, 0.03), (-0.03, 0.03), (-0.03, 0.03), (-0.03, 0.03), (-0.03, 0.03), (-0.03, 0.03), (-0.03, 0.03), (-0.03, 0.03), (-0.03, 0.03), (-0.03, 0.03), (-0.03, 0.03), (-0.03, 0.03), (-0.03, 0.03), (-0.03, 0.03), (-0.03, 0.03), (-0.03, 0.03), (-0.03, 0.03), (-0.03, 0.03), (-0.03, 0.03), (-0.03, 0.03), (-0.03, 0.03), (-0.03, 0.03), (-0.03, 0.03), (-0.03, 0.03), (-0.03, 0.03), (-0.03, 0.03), (-0.03, 0.03), (-0.03, 0.03), (-0.03, 0.03), (-0.03, 0.03), (-0.03, 0.03), (-0.03, 0.03), (-0.03, 0.03), (-0.03, 0.03), (-0.03, 0.03), (-0.03, 0.03), (-0.03, 0.03), (-0.03, 0.03), (-0.03, 0.03), (-0.03, 0.03), (-0.03, 0.03), (-0.03, 0.03), (-0.03, 0.03), (-0.03, 0.03), (-0.03, 0.03), (-0.03, 0.03), (-0.03, 0.03), (-0.03, 0.03), (-0.03, 0.03), (-0.03, 0.03), (-0.03, 0.03), (-0.03, 0.03), (-0.03, 0.03), (-0.03, 0.03), (-0.03, 0.03), (-0.03, 0.03), (-0.03, 0.03), (-0.03, 0.03), (-0.03, 0.03), (-0.03, 0.03), (-0.03, 0.03), (-0.03, 0.03), (-0.03, 0.03), (-0.03, 0.03), (-0.03, 0.03), (-0.03, 0.03), (-0.03, 0.03), (-0.03, 0.03), (-0.03, 0.03), (-0.03, 0.03), (-0.03, 0.03), (-0.03, 0.03), (-0.03, 0.03), (-0.03, 0.03), (-0.03, 0.03), (-0.03, 0.03), (-0.03, 0.03), (-0.03, 0.03), (-0.03, 0.03), (-0.03, 0.03), (-0.03, 0.03), (-0.03, 0.03), (-0.03, 0.03), (-0.03, 0.03), (-0.03, 0.03), (-0.03, 0.03), (-0.03, 0.03), (-0.03, 0.03), (-0.03, 0.03), (0.98, 1.02), (-1e-05, 1e-05), (0.32, 0.38), (0.24, 0.3)]
