Best in last gen:
[ 5.32291638e-03  7.78179504e-03  6.71281329e-03  1.55143338e-02
  9.50237522e-03  2.90639746e-02 -1.20165431e-02  3.27884568e-02
  2.84735281e-03 -1.52934771e-02  1.11648201e-02 -3.68690507e-02
  3.06171656e-02 -9.61457770e-03  5.89620316e-02  1.12101552e-02
  2.23704100e-02  4.47914839e-03  6.14070770e-02  3.33472287e-02
  8.13922348e-03 -8.30510338e-03  2.27186081e-02  3.57960324e-03
  1.06105250e-02  2.98078251e-03 -8.13064559e-03 -1.11441189e-02
  1.34129121e-02 -2.46002741e-02  8.76865984e-03 -7.15091290e-02
  3.56712593e-02 -1.42954455e-02 -2.96452822e-02 -9.14744980e-02
 -2.26258957e-03  5.52992984e-03  2.24823089e-02 -2.44056543e-02
 -1.18797968e-02 -4.57901137e-03 -1.02085444e-02 -3.55977235e-02
 -6.36370615e-02  2.22168219e-03  4.03162629e-02 -1.79631594e-02
  9.99633528e-01  3.38816268e-06  2.98857198e-01  3.68065286e-01]
Best fitness in last gen:
0.001036917261554764
GA calculation time:
1680.104346036911

Initial parameters
population size = 250
number of generations = 20000
Real number of generations = 6059
elitism = 2
crossover_rate = 0.95
mutation rate = 0.01
mutation range = [4.e-02 4.e-02 4.e-02 4.e-02 4.e-02 4.e-02 4.e-02 4.e-02 4.e-02 4.e-02
 4.e-02 4.e-02 4.e-02 4.e-02 4.e-02 4.e-02 4.e-02 4.e-02 4.e-02 4.e-02
 4.e-02 4.e-02 4.e-02 4.e-02 4.e-02 4.e-02 4.e-02 4.e-02 4.e-02 4.e-02
 4.e-02 4.e-02 4.e-02 4.e-02 4.e-02 4.e-02 4.e-02 4.e-02 4.e-02 4.e-02
 4.e-02 4.e-02 4.e-02 4.e-02 4.e-02 4.e-02 4.e-02 4.e-02 2.e-02 1.e-06
 2.e-02 2.e-02]
order = 3
gene ranges = [(-0.04, 0.04), (-0.04, 0.04), (-0.04, 0.04), (-0.04, 0.04), (-0.04, 0.04), (-0.04, 0.04), (-0.04, 0.04), (-0.04, 0.04), (-0.04, 0.04), (-0.04, 0.04), (-0.04, 0.04), (-0.04, 0.04), (-0.04, 0.04), (-0.04, 0.04), (-0.04, 0.04), (-0.04, 0.04), (-0.04, 0.04), (-0.04, 0.04), (-0.04, 0.04), (-0.04, 0.04), (-0.04, 0.04), (-0.04, 0.04), (-0.04, 0.04), (-0.04, 0.04), (-0.04, 0.04), (-0.04, 0.04), (-0.04, 0.04), (-0.04, 0.04), (-0.04, 0.04), (-0.04, 0.04), (-0.04, 0.04), (-0.04, 0.04), (-0.04, 0.04), (-0.04, 0.04), (-0.04, 0.04), (-0.04, 0.04), (-0.04, 0.04), (-0.04, 0.04), (-0.04, 0.04), (-0.04, 0.04), (-0.04, 0.04), (-0.04, 0.04), (-0.04, 0.04), (-0.04, 0.04), (-0.04, 0.04), (-0.04, 0.04), (-0.04, 0.04), (-0.04, 0.04), (0.98, 1.02), (-1e-05, 1e-05), (0.27, 0.31), (0.32, 0.36)]
