Best in last gen:
[-2.95276371e-03  3.83838961e-02  3.48604068e-02  1.11839199e-02
 -3.12757925e-02  8.92125333e-05  1.56478865e-02  2.83586460e-02
 -1.32723308e-03 -4.05414090e-02  3.08775015e-02  5.50674860e-02
 -5.10491571e-03 -9.13695116e-04 -1.83230808e-02 -1.51384153e-04
 -2.91318478e-02  4.84185146e-03 -1.30580020e-02 -4.80982717e-02
 -1.81773518e-02  2.48474602e-02 -1.65919508e-02  5.93165231e-03
 -2.68903889e-02 -3.06672584e-02 -8.84079922e-04 -3.81881648e-02
  3.89828511e-03 -2.61331967e-02  8.63297135e-03 -1.19477909e-02
  4.74758652e-03 -4.04483395e-02 -3.80665093e-02  4.42306359e-03
 -2.61161996e-02  2.19031938e-02 -4.43824880e-02 -7.15769067e-03
  1.64523378e-04 -1.76182904e-02 -3.11739177e-04  4.71076392e-02
 -3.58700048e-02  4.61861244e-02 -1.68739982e-02  2.45135101e-02
  1.00755132e+00  3.55787539e-01  2.75152221e+00  1.29906968e+00]
Best fitness in last gen:
2.2756714676893854e-07

Best in all:
[-2.95276371e-03  3.83838961e-02  3.48604068e-02  1.11839199e-02
 -3.12757925e-02  8.92125333e-05  1.56478865e-02  2.83586460e-02
 -1.32723308e-03 -4.05414090e-02  3.08775015e-02  5.50674860e-02
 -5.10491571e-03 -9.13695116e-04 -1.83230808e-02 -1.51384153e-04
 -2.91318478e-02  4.84185146e-03 -1.30580020e-02 -4.80982717e-02
 -1.81773518e-02  2.48474602e-02 -1.65919508e-02  5.93165231e-03
 -2.68903889e-02 -3.06672584e-02 -8.84079922e-04 -3.81881648e-02
  3.89828511e-03 -2.61331967e-02  8.63297135e-03 -1.19477909e-02
  4.74758652e-03 -4.04483395e-02 -3.80665093e-02  4.42306359e-03
 -2.61161996e-02  2.19031938e-02 -4.43824880e-02 -7.15769067e-03
  1.64523378e-04 -1.76182904e-02 -3.11739177e-04  4.71076392e-02
 -3.58700048e-02  4.61861244e-02 -1.68739982e-02  2.45135101e-02
  1.00755132e+00  3.55787539e-01  2.75152221e+00  1.29906968e+00]
Best fitness in all:
2.2756714676893854e-07
GA calculation time:
74.92487096786499

Initial parameters
population size = 500
number of generations = 100
Real number of generations = 100
elitism = 2
crossover_rate = 0.95
mutation rate = 0.02
mutation range = [0.05 0.05 0.05 0.05 0.05 0.05 0.05 0.05 0.05 0.05 0.05 0.05 0.05 0.05
 0.05 0.05 0.05 0.05 0.05 0.05 0.05 0.05 0.05 0.05 0.05 0.05 0.05 0.05
 0.05 0.05 0.05 0.05 0.05 0.05 0.05 0.05 0.05 0.05 0.05 0.05 0.05 0.05
 0.05 0.05 0.05 0.05 0.05 0.05 0.02 0.8  0.05 0.05]
order = 3
gene ranges = ((-0.05, 0.05), (0.98, 1.02), (-0.8, 0.8), (2.7, 2.8), (1.25, 1.35))
