Best in last gen:
[-6.19350370e-02 -1.09506107e-02  1.11072528e-02 -2.29180649e-02
 -3.65003037e-03  7.25764951e-03 -1.98838325e-02 -1.86087443e-02
  1.55284736e-02 -4.72362223e-03 -7.88244437e-03 -1.67144870e-02
  4.32806991e-02 -2.43866045e-03 -2.39385135e-02 -6.02430070e-03
  4.77906186e-03  3.62340893e-02 -2.66019820e-03 -3.24531138e-03
 -1.49464927e-02 -8.66533569e-03 -1.78143862e-02  2.67643374e-03
 -1.58166614e-02 -3.06300901e-03 -1.14981698e-03  1.69863988e-03
 -8.51961074e-03 -1.89554544e-02 -4.76130568e-03  4.99311488e-02
 -2.39346398e-03 -1.95826780e-02  1.12783077e-02  3.04181431e-03
 -2.42215652e-03  2.93119194e-03  1.12625786e-02  3.09875796e-02
  3.38488865e-02  3.20180404e-02 -6.75894823e-02 -4.04560326e-02
  7.61094543e-03  4.69536320e-02  5.15043446e-02  1.60300097e-02
  9.78716006e-01 -1.78697887e-07  6.08264435e-01  1.37923658e+00]
Best fitness in last gen:
1.5200769234622233e-05
GA calculation time:
1621.3253395557404

Initial parameters
population size = 300
number of generations = 5000
Real number of generations = 5000
elitism = 2
crossover_rate = 0.95
mutation rate = 0.01
mutation range = [4.e-02 4.e-02 4.e-02 4.e-02 4.e-02 4.e-02 4.e-02 4.e-02 4.e-02 4.e-02
 4.e-02 4.e-02 4.e-02 4.e-02 4.e-02 4.e-02 4.e-02 4.e-02 4.e-02 4.e-02
 4.e-02 4.e-02 4.e-02 4.e-02 4.e-02 4.e-02 4.e-02 4.e-02 4.e-02 4.e-02
 4.e-02 4.e-02 4.e-02 4.e-02 4.e-02 4.e-02 4.e-02 4.e-02 4.e-02 4.e-02
 4.e-02 4.e-02 4.e-02 4.e-02 4.e-02 4.e-02 4.e-02 4.e-02 2.e-02 1.e-06
 2.e-02 2.e-02]
order = 3
gene ranges = [(-0.1, 0.1), (-0.1, 0.1), (-0.1, 0.1), (-0.1, 0.1), (-0.1, 0.1), (-0.1, 0.1), (-0.1, 0.1), (-0.1, 0.1), (-0.1, 0.1), (-0.1, 0.1), (-0.1, 0.1), (-0.1, 0.1), (-0.1, 0.1), (-0.1, 0.1), (-0.1, 0.1), (-0.1, 0.1), (-0.1, 0.1), (-0.1, 0.1), (-0.1, 0.1), (-0.1, 0.1), (-0.1, 0.1), (-0.1, 0.1), (-0.1, 0.1), (-0.1, 0.1), (-0.1, 0.1), (-0.1, 0.1), (-0.1, 0.1), (-0.1, 0.1), (-0.1, 0.1), (-0.1, 0.1), (-0.1, 0.1), (-0.1, 0.1), (-0.1, 0.1), (-0.1, 0.1), (-0.1, 0.1), (-0.1, 0.1), (-0.1, 0.1), (-0.1, 0.1), (-0.1, 0.1), (-0.1, 0.1), (-0.1, 0.1), (-0.1, 0.1), (-0.1, 0.1), (-0.1, 0.1), (-0.1, 0.1), (-0.1, 0.1), (-0.1, 0.1), (-0.1, 0.1), (0.98, 1.02), (-1e-05, 1e-05), (0.58, 0.68), (1.31, 1.41)]
