Best in last gen:
[-1.06225663e-02  1.90951597e-02  5.67914752e-03  2.82217110e-02
  1.07078822e-03  7.98725136e-03  1.39946555e-02  7.51673548e-03
 -1.48415281e-02  2.28265398e-03  3.21216007e-02  3.14499263e-03
 -5.73218348e-04  4.21708695e-03 -3.45505186e-03 -6.43118792e-03
  1.37384746e-02 -1.86838954e-02  3.57786853e-03  2.66053933e-04
 -4.28352248e-02 -3.52839132e-03 -1.20705343e-02  2.32598614e-03
  6.56213959e-03 -3.06595552e-02 -1.18107808e-02  1.14391824e-02
 -1.07257514e-02  2.07706543e-03  2.53028174e-03 -1.36018523e-03
  1.79525513e-02 -5.13834607e-03 -9.78665967e-03 -1.28239844e-02
 -4.50189656e-03  3.63014321e-03 -1.36168791e-02  1.81440003e-02
 -1.50684173e-04  5.69165072e-03 -2.08672012e-03 -1.93558999e-03
 -5.94842547e-04 -1.92440961e-03 -5.52292124e-03 -8.33850081e-03
 -4.54552977e-03 -8.00510102e-03  1.13679656e-02  1.61436141e-03
 -3.38510121e-03 -9.77238805e-03 -7.31172779e-03 -5.21723834e-03
  6.46031423e-03  6.06016573e-03 -1.22746664e-02 -2.21040379e-02
 -4.40243318e-03 -4.74973055e-03  5.09297396e-04  1.51692785e-02
 -7.98802784e-03  1.85626432e-02  3.93631915e-02  1.27146626e-02
 -7.80949843e-03 -1.17422213e-03 -9.93322913e-03  3.52715814e-02
 -9.94181409e-03  5.37979261e-04 -1.60813300e-03 -1.15584010e-02
  6.93775808e-04 -3.97851224e-03 -6.58618560e-03 -1.10202561e-02
  5.66645962e-02 -1.96106184e-02  8.34813430e-03 -1.05439635e-02
 -4.01949404e-03  2.47526196e-02 -1.13337015e-02  4.62586362e-03
  8.05074724e-03 -1.12036825e-02 -2.46497854e-04 -1.39734312e-02
 -6.07251626e-03  8.41401868e-04 -7.29948477e-03 -5.48269382e-03
  7.81804076e-03 -1.19218020e-02  8.53841297e-03  3.43305601e-03
 -1.04804697e-02  1.90158989e-03  9.26001558e-03 -1.13046048e-02
  4.41276019e-03  7.33020416e-04  6.41368684e-03  8.10054217e-03
  7.48481035e-03 -1.11096952e-02 -8.30951864e-02 -2.53811541e-02
 -5.67232937e-03 -1.02603878e-02 -1.01060781e-02  2.83624014e-03
 -1.86935138e-02  8.28313915e-03  4.76056629e-03 -1.31633555e-02
  9.83365128e-01 -1.87394596e-01  1.22241939e+00  6.76205951e-01]
Best fitness in last gen:
5.192551071829382e-06
GA calculation time:
103148.67428898811

Initial parameters
population size = 1000
number of generations = 30000
Real number of generations = 30000
elitism = 2
crossover_rate = 0.95
mutation rate = 0.01
mutation range = [0.01 0.01 0.01 0.01 0.01 0.01 0.01 0.01 0.01 0.01 0.01 0.01 0.01 0.01
 0.01 0.01 0.01 0.01 0.01 0.01 0.01 0.01 0.01 0.01 0.01 0.01 0.01 0.01
 0.01 0.01 0.01 0.01 0.01 0.01 0.01 0.01 0.01 0.01 0.01 0.01 0.01 0.01
 0.01 0.01 0.01 0.01 0.01 0.01 0.01 0.01 0.01 0.01 0.01 0.01 0.01 0.01
 0.01 0.01 0.01 0.01 0.01 0.01 0.01 0.01 0.01 0.01 0.01 0.01 0.01 0.01
 0.01 0.01 0.01 0.01 0.01 0.01 0.01 0.01 0.01 0.01 0.01 0.01 0.01 0.01
 0.01 0.01 0.01 0.01 0.01 0.01 0.01 0.01 0.01 0.01 0.01 0.01 0.01 0.01
 0.01 0.01 0.01 0.01 0.01 0.01 0.01 0.01 0.01 0.01 0.01 0.01 0.01 0.01
 0.01 0.01 0.01 0.01 0.01 0.01 0.01 0.01 0.2  0.02 0.01 0.01]
order = 5
gene ranges = [(-0.01, 0.01), (-0.01, 0.01), (-0.01, 0.01), (-0.01, 0.01), (-0.01, 0.01), (-0.01, 0.01), (-0.01, 0.01), (-0.01, 0.01), (-0.01, 0.01), (-0.01, 0.01), (-0.01, 0.01), (-0.01, 0.01), (-0.01, 0.01), (-0.01, 0.01), (-0.01, 0.01), (-0.01, 0.01), (-0.01, 0.01), (-0.01, 0.01), (-0.01, 0.01), (-0.01, 0.01), (-0.01, 0.01), (-0.01, 0.01), (-0.01, 0.01), (-0.01, 0.01), (-0.01, 0.01), (-0.01, 0.01), (-0.01, 0.01), (-0.01, 0.01), (-0.01, 0.01), (-0.01, 0.01), (-0.01, 0.01), (-0.01, 0.01), (-0.01, 0.01), (-0.01, 0.01), (-0.01, 0.01), (-0.01, 0.01), (-0.01, 0.01), (-0.01, 0.01), (-0.01, 0.01), (-0.01, 0.01), (-0.01, 0.01), (-0.01, 0.01), (-0.01, 0.01), (-0.01, 0.01), (-0.01, 0.01), (-0.01, 0.01), (-0.01, 0.01), (-0.01, 0.01), (-0.01, 0.01), (-0.01, 0.01), (-0.01, 0.01), (-0.01, 0.01), (-0.01, 0.01), (-0.01, 0.01), (-0.01, 0.01), (-0.01, 0.01), (-0.01, 0.01), (-0.01, 0.01), (-0.01, 0.01), (-0.01, 0.01), (-0.01, 0.01), (-0.01, 0.01), (-0.01, 0.01), (-0.01, 0.01), (-0.01, 0.01), (-0.01, 0.01), (-0.01, 0.01), (-0.01, 0.01), (-0.01, 0.01), (-0.01, 0.01), (-0.01, 0.01), (-0.01, 0.01), (-0.01, 0.01), (-0.01, 0.01), (-0.01, 0.01), (-0.01, 0.01), (-0.01, 0.01), (-0.01, 0.01), (-0.01, 0.01), (-0.01, 0.01), (-0.01, 0.01), (-0.01, 0.01), (-0.01, 0.01), (-0.01, 0.01), (-0.01, 0.01), (-0.01, 0.01), (-0.01, 0.01), (-0.01, 0.01), (-0.01, 0.01), (-0.01, 0.01), (-0.01, 0.01), (-0.01, 0.01), (-0.01, 0.01), (-0.01, 0.01), (-0.01, 0.01), (-0.01, 0.01), (-0.01, 0.01), (-0.01, 0.01), (-0.01, 0.01), (-0.01, 0.01), (-0.01, 0.01), (-0.01, 0.01), (-0.01, 0.01), (-0.01, 0.01), (-0.01, 0.01), (-0.01, 0.01), (-0.01, 0.01), (-0.01, 0.01), (-0.01, 0.01), (-0.01, 0.01), (-0.01, 0.01), (-0.01, 0.01), (-0.01, 0.01), (-0.01, 0.01), (-0.01, 0.01), (-0.01, 0.01), (-0.01, 0.01), (-0.01, 0.01), (-0.01, 0.01), (-0.01, 0.01), (0.98, 1.02), (-0.2, 0.2), (1.19, 1.23), (0.66, 0.7)]