Best in last gen:
[-5.70111696e-03  8.72754344e-03  7.11822338e-02 -1.19254961e-02
 -2.32804136e-02  1.15984370e-03 -1.15393000e-02  5.06181057e-02
 -1.67715680e-02 -2.55152119e-03 -1.95445533e-02  2.26006065e-02
 -1.91311803e-02  1.48009838e-02 -1.27466956e-02  1.41095711e-02
 -3.88290313e-03  3.24321213e-02  6.30235617e-02  6.56811996e-02
  3.66838325e-02  7.81545824e-03  2.67788958e-02  6.76114368e-03
 -1.37158369e-02 -2.94698544e-02  1.47573079e-02 -3.27116889e-04
 -2.91602045e-04  3.10883088e-02  1.76611423e-02  3.29075978e-03
 -5.64494556e-02 -5.97160317e-02  1.24039481e-02 -2.99069923e-02
 -5.81287417e-03  2.20309959e-02 -3.85217593e-02 -1.80589213e-02
 -2.29825141e-02 -9.25671173e-03 -1.52302988e-02  1.53343179e-02
  6.01513312e-03 -5.40480133e-03  1.05558204e-02 -2.84978837e-02
  1.01890324e+00  1.06844759e-06  5.34767254e-01  1.83297991e-01]
Best fitness in last gen:
1.153044622012817e-06
GA calculation time:
119.70156455039978

Initial parameters
population size = 50
number of generations = 1000
Real number of generations = 1000
elitism = 2
crossover_rate = 0.95
mutation rate = 0.01
mutation range = [4.e-02 4.e-02 4.e-02 4.e-02 4.e-02 4.e-02 4.e-02 4.e-02 4.e-02 4.e-02
 4.e-02 4.e-02 4.e-02 4.e-02 4.e-02 4.e-02 4.e-02 4.e-02 4.e-02 4.e-02
 4.e-02 4.e-02 4.e-02 4.e-02 4.e-02 4.e-02 4.e-02 4.e-02 4.e-02 4.e-02
 4.e-02 4.e-02 4.e-02 4.e-02 4.e-02 4.e-02 4.e-02 4.e-02 4.e-02 4.e-02
 4.e-02 4.e-02 4.e-02 4.e-02 4.e-02 4.e-02 4.e-02 4.e-02 2.e-02 1.e-06
 2.e-02 2.e-02]
order = 3
gene ranges = [(-0.04, 0.04), (-0.04, 0.04), (-0.04, 0.04), (-0.04, 0.04), (-0.04, 0.04), (-0.04, 0.04), (-0.04, 0.04), (-0.04, 0.04), (-0.04, 0.04), (-0.04, 0.04), (-0.04, 0.04), (-0.04, 0.04), (-0.04, 0.04), (-0.04, 0.04), (-0.04, 0.04), (-0.04, 0.04), (-0.04, 0.04), (-0.04, 0.04), (-0.04, 0.04), (-0.04, 0.04), (-0.04, 0.04), (-0.04, 0.04), (-0.04, 0.04), (-0.04, 0.04), (-0.04, 0.04), (-0.04, 0.04), (-0.04, 0.04), (-0.04, 0.04), (-0.04, 0.04), (-0.04, 0.04), (-0.04, 0.04), (-0.04, 0.04), (-0.04, 0.04), (-0.04, 0.04), (-0.04, 0.04), (-0.04, 0.04), (-0.04, 0.04), (-0.04, 0.04), (-0.04, 0.04), (-0.04, 0.04), (-0.04, 0.04), (-0.04, 0.04), (-0.04, 0.04), (-0.04, 0.04), (-0.04, 0.04), (-0.04, 0.04), (-0.04, 0.04), (-0.04, 0.04), (0.98, 1.02), (-1e-05, 1e-05), (0.53, 0.57), (0.17, 0.21)]
