Best in last gen:
[ 1.40189895e-02 -7.52103014e-03  1.20638659e-02 -2.64697766e-02
  1.05990535e-02 -9.98519705e-03 -2.18169973e-03 -1.34639073e-02
  8.84482274e-03  1.16449675e-02 -9.27197476e-03  4.85335080e-03
 -1.54577851e-02  2.76245056e-03 -2.21440615e-02 -4.82899242e-03
  1.02974929e-03  5.56858071e-03  1.06175203e-02  1.16035542e-02
 -1.46616837e-02 -2.47874399e-02  3.51520209e-02 -3.61030451e-04
  9.70444817e-03  1.34349946e-02  1.81589764e-02  4.11469332e-02
  1.17263883e-02  4.01130510e-03  3.42395126e-04 -2.05139120e-03
 -2.02925894e-03 -7.96771048e-03  1.20311707e-04 -2.73359423e-03
 -6.28090073e-03  6.11694343e-03  1.73134861e-02  9.73921003e-03
 -1.05580690e-02 -3.91276975e-04  2.45339903e-03  1.18072865e-02
  1.54194608e-03  2.74328306e-02 -2.41632641e-02  3.66549476e-02
 -1.32841312e-03  2.36694395e-02  5.32701008e-03 -2.05000009e-03
 -9.67129899e-04  1.40986912e-02 -5.22155916e-03 -1.30659136e-02
  3.94487848e-03  2.04438491e-02 -2.41380881e-02 -7.70513172e-03
 -1.91153799e-03  9.47415999e-03 -6.10462819e-04 -1.69476413e-03
  1.75108690e-03  6.78929412e-03 -4.64892572e-03 -2.61707868e-02
  1.60164012e-02  1.49668375e-02 -5.01309207e-03  1.30918385e-02
 -9.30791188e-03  3.75480742e-02 -2.90948260e-02 -1.50244968e-02
 -2.86101662e-03 -1.59149182e-02 -6.76844945e-03  1.40117839e-05
  2.13731768e-03 -1.81204975e-02  1.38867536e-02 -2.48965484e-02
  1.83434443e-02  5.98593650e-03 -2.54978702e-02  1.58980663e-02
  1.08334504e-02 -3.64147146e-03 -4.45549745e-02  1.49072621e-02
  5.30112211e-03 -1.87073518e-02  2.57706705e-02  8.96578803e-03
 -1.57333178e-02  1.53435706e-02 -1.37254305e-02  1.66947760e-02
  6.16161532e-03 -1.97507355e-02 -3.27598030e-02  2.29053912e-02
 -1.52414481e-02 -4.06354578e-03  3.46195689e-04 -1.73489742e-03
  7.89772100e-03  9.03744067e-03 -7.72806085e-03  3.26992061e-03
  2.93590177e-02 -2.55451599e-02  9.30688817e-03  5.61110822e-03
  1.93371071e-02  1.36049435e-03 -1.76479197e-03  1.90265380e-03
  1.01184742e+00 -1.96291507e-07  3.95471987e-01  1.78763457e-01]
Best fitness in last gen:
4.776595462774315e-06
GA calculation time:
7848.968264102936

Initial parameters
population size = 200
number of generations = 10000
Real number of generations = 10000
elitism = 2
crossover_rate = 0.95
mutation rate = 0.01
mutation range = [3.e-02 3.e-02 3.e-02 3.e-02 3.e-02 3.e-02 3.e-02 3.e-02 3.e-02 3.e-02
 3.e-02 3.e-02 3.e-02 3.e-02 3.e-02 3.e-02 3.e-02 3.e-02 3.e-02 3.e-02
 3.e-02 3.e-02 3.e-02 3.e-02 3.e-02 3.e-02 3.e-02 3.e-02 3.e-02 3.e-02
 3.e-02 3.e-02 3.e-02 3.e-02 3.e-02 3.e-02 3.e-02 3.e-02 3.e-02 3.e-02
 3.e-02 3.e-02 3.e-02 3.e-02 3.e-02 3.e-02 3.e-02 3.e-02 3.e-02 3.e-02
 3.e-02 3.e-02 3.e-02 3.e-02 3.e-02 3.e-02 3.e-02 3.e-02 3.e-02 3.e-02
 3.e-02 3.e-02 3.e-02 3.e-02 3.e-02 3.e-02 3.e-02 3.e-02 3.e-02 3.e-02
 3.e-02 3.e-02 3.e-02 3.e-02 3.e-02 3.e-02 3.e-02 3.e-02 3.e-02 3.e-02
 3.e-02 3.e-02 3.e-02 3.e-02 3.e-02 3.e-02 3.e-02 3.e-02 3.e-02 3.e-02
 3.e-02 3.e-02 3.e-02 3.e-02 3.e-02 3.e-02 3.e-02 3.e-02 3.e-02 3.e-02
 3.e-02 3.e-02 3.e-02 3.e-02 3.e-02 3.e-02 3.e-02 3.e-02 3.e-02 3.e-02
 3.e-02 3.e-02 3.e-02 3.e-02 3.e-02 3.e-02 3.e-02 3.e-02 3.e-02 3.e-02
 2.e-02 1.e-06 3.e-02 3.e-02]
order = 5
gene ranges = [(-0.03, 0.03), (-0.03, 0.03), (-0.03, 0.03), (-0.03, 0.03), (-0.03, 0.03), (-0.03, 0.03), (-0.03, 0.03), (-0.03, 0.03), (-0.03, 0.03), (-0.03, 0.03), (-0.03, 0.03), (-0.03, 0.03), (-0.03, 0.03), (-0.03, 0.03), (-0.03, 0.03), (-0.03, 0.03), (-0.03, 0.03), (-0.03, 0.03), (-0.03, 0.03), (-0.03, 0.03), (-0.03, 0.03), (-0.03, 0.03), (-0.03, 0.03), (-0.03, 0.03), (-0.03, 0.03), (-0.03, 0.03), (-0.03, 0.03), (-0.03, 0.03), (-0.03, 0.03), (-0.03, 0.03), (-0.03, 0.03), (-0.03, 0.03), (-0.03, 0.03), (-0.03, 0.03), (-0.03, 0.03), (-0.03, 0.03), (-0.03, 0.03), (-0.03, 0.03), (-0.03, 0.03), (-0.03, 0.03), (-0.03, 0.03), (-0.03, 0.03), (-0.03, 0.03), (-0.03, 0.03), (-0.03, 0.03), (-0.03, 0.03), (-0.03, 0.03), (-0.03, 0.03), (-0.03, 0.03), (-0.03, 0.03), (-0.03, 0.03), (-0.03, 0.03), (-0.03, 0.03), (-0.03, 0.03), (-0.03, 0.03), (-0.03, 0.03), (-0.03, 0.03), (-0.03, 0.03), (-0.03, 0.03), (-0.03, 0.03), (-0.03, 0.03), (-0.03, 0.03), (-0.03, 0.03), (-0.03, 0.03), (-0.03, 0.03), (-0.03, 0.03), (-0.03, 0.03), (-0.03, 0.03), (-0.03, 0.03), (-0.03, 0.03), (-0.03, 0.03), (-0.03, 0.03), (-0.03, 0.03), (-0.03, 0.03), (-0.03, 0.03), (-0.03, 0.03), (-0.03, 0.03), (-0.03, 0.03), (-0.03, 0.03), (-0.03, 0.03), (-0.03, 0.03), (-0.03, 0.03), (-0.03, 0.03), (-0.03, 0.03), (-0.03, 0.03), (-0.03, 0.03), (-0.03, 0.03), (-0.03, 0.03), (-0.03, 0.03), (-0.03, 0.03), (-0.03, 0.03), (-0.03, 0.03), (-0.03, 0.03), (-0.03, 0.03), (-0.03, 0.03), (-0.03, 0.03), (-0.03, 0.03), (-0.03, 0.03), (-0.03, 0.03), (-0.03, 0.03), (-0.03, 0.03), (-0.03, 0.03), (-0.03, 0.03), (-0.03, 0.03), (-0.03, 0.03), (-0.03, 0.03), (-0.03, 0.03), (-0.03, 0.03), (-0.03, 0.03), (-0.03, 0.03), (-0.03, 0.03), (-0.03, 0.03), (-0.03, 0.03), (-0.03, 0.03), (-0.03, 0.03), (-0.03, 0.03), (-0.03, 0.03), (-0.03, 0.03), (-0.03, 0.03), (-0.03, 0.03), (0.98, 1.02), (-1e-05, 1e-05), (0.37, 0.41), (0.17, 0.21)]