Best in last gen:
[ 3.86806560e-02  1.49314697e-02 -8.23899822e-03  1.89474969e-02
  4.71178074e-02 -9.91897702e-02 -3.54965614e-02 -2.09962745e-02
 -3.77899593e-02 -1.36912108e-02  2.91315062e-02  1.63965317e-02
  6.83853880e-03 -2.92002091e-02 -8.92015732e-03 -2.75947377e-02
 -5.92558318e-03 -1.68334953e-02  8.36793792e-03 -5.83253344e-04
  1.22288934e-02 -4.60169690e-02  2.55101171e-02 -2.20591667e-02
  6.56642070e-03  1.77844832e-02  2.14416424e-02  2.68904534e-02
  4.62600534e-02 -5.46559148e-03  3.11496089e-03  7.60041090e-02
  2.37109060e-02 -3.43325969e-02  1.92748366e-02 -9.23272983e-04
 -1.96932448e-02  5.19307335e-03 -9.13299242e-03  1.67931716e-02
 -2.79073022e-02 -3.23910186e-02  5.30111752e-02 -1.39642386e-02
 -1.78564914e-02  3.91693951e-02 -2.55703333e-02 -3.53490784e-02
  9.94931399e-01  5.63541817e-01  6.10275400e-01  1.25322559e+00]
Best fitness in last gen:
0.00010580312538647349

Best in all:
[ 3.86806560e-02  1.49314697e-02 -8.23899822e-03  1.89474969e-02
  4.71178074e-02 -9.91897702e-02 -3.54965614e-02 -2.09962745e-02
 -3.77899593e-02 -1.36912108e-02  2.91315062e-02  1.63965317e-02
  6.83853880e-03 -2.92002091e-02 -8.92015732e-03 -2.75947377e-02
 -5.92558318e-03 -1.68334953e-02  8.36793792e-03 -5.83253344e-04
  1.22288934e-02 -4.60169690e-02  2.55101171e-02 -2.20591667e-02
  6.56642070e-03  1.77844832e-02  2.14416424e-02  2.68904534e-02
  4.62600534e-02 -5.46559148e-03  3.11496089e-03  7.60041090e-02
  2.37109060e-02 -3.43325969e-02  1.92748366e-02 -9.23272983e-04
 -1.96932448e-02  5.19307335e-03 -9.13299242e-03  1.67931716e-02
 -2.79073022e-02 -3.23910186e-02  5.30111752e-02 -1.39642386e-02
 -1.78564914e-02  3.91693951e-02 -2.55703333e-02 -3.53490784e-02
  9.94931399e-01  5.63541817e-01  6.10275400e-01  1.25322559e+00]
Best fitness in all:
0.00010580312538647349
GA calculation time:
28036.567897558212

Initial parameters
population size = 500
number of generations = 50000
Real number of generations = 50000
elitism = 2
crossover_rate = 0.95
mutation rate = 0.02
mutation range = [0.05 0.05 0.05 0.05 0.05 0.05 0.05 0.05 0.05 0.05 0.05 0.05 0.05 0.05
 0.05 0.05 0.05 0.05 0.05 0.05 0.05 0.05 0.05 0.05 0.05 0.05 0.05 0.05
 0.05 0.05 0.05 0.05 0.05 0.05 0.05 0.05 0.05 0.05 0.05 0.05 0.05 0.05
 0.05 0.05 0.05 0.05 0.05 0.05 0.02 1.8  0.05 0.05]
order = 3
gene ranges = ((-0.05, 0.05), (0.98, 1.02), (-1.8, 1.8), (0.55, 0.65), (1.2, 1.3))