Best in last gen:
[-6.40263877e-02 -2.38485712e-02 -2.96703329e-02 -6.17729981e-02
 -1.23515527e-01  1.70323031e-02  7.60885274e-02  1.47560758e-02
 -4.45469514e-02 -7.01249397e-02 -4.84214115e-02  5.79341432e-03
  3.07683575e-03  2.67858183e-02  6.52669123e-02 -4.07798586e-02
  1.87297002e-02 -4.92339386e-02  5.89811363e-02 -2.23790539e-02
 -4.14401185e-02 -2.49676562e-03  2.86338255e-02 -4.18669673e-02
 -5.95216346e-02  3.06705533e-02  3.42518364e-02 -2.62459806e-03
  1.25112756e-02 -9.46813290e-02 -2.56634224e-04  3.53742575e-03
 -6.53447994e-02 -4.21182160e-02  5.34035609e-03 -8.44277194e-02
 -2.61390211e-02 -1.34238360e-02 -1.78649575e-02  3.37543405e-02
  3.58317025e-03  4.46707937e-03 -5.54093630e-02  3.01723799e-02
  3.51371278e-02  2.25513350e-02  3.99681694e-02 -2.99702224e-02
  9.85476218e-01  2.70200890e-01  5.93412497e-01  1.25730792e+00]
Best fitness in last gen:
9.843838912368475e-07

Best in all:
[-6.40263877e-02 -2.38485712e-02 -2.96703329e-02 -6.17729981e-02
 -1.23515527e-01  1.70323031e-02  7.60885274e-02  1.47560758e-02
 -4.45469514e-02 -7.01249397e-02 -4.84214115e-02  5.79341432e-03
  3.07683575e-03  2.67858183e-02  6.52669123e-02 -4.07798586e-02
  1.87297002e-02 -4.92339386e-02  5.89811363e-02 -2.23790539e-02
 -4.14401185e-02 -2.49676562e-03  2.86338255e-02 -4.18669673e-02
 -5.95216346e-02  3.06705533e-02  3.42518364e-02 -2.62459806e-03
  1.25112756e-02 -9.46813290e-02 -2.56634224e-04  3.53742575e-03
 -6.53447994e-02 -4.21182160e-02  5.34035609e-03 -8.44277194e-02
 -2.61390211e-02 -1.34238360e-02 -1.78649575e-02  3.37543405e-02
  3.58317025e-03  4.46707937e-03 -5.54093630e-02  3.01723799e-02
  3.51371278e-02  2.25513350e-02  3.99681694e-02 -2.99702224e-02
  9.85476218e-01  2.70200890e-01  5.93412497e-01  1.25730792e+00]
Best fitness in all:
9.843838912368475e-07
GA calculation time:
33.07107853889465

Initial parameters
population size = 15
number of generations = 1000
Real number of generations = 1000
elitism = 2
crossover_rate = 0.95
mutation rate = 0.007
mutation range = 0.1
order = 3
gene ranges = ((-0.1, 0.1), (0.98, 1.02), (-2, 2), (0.57, 0.59), (1.25, 1.27))
