Best in last gen:
[-7.74481272e-03  4.46287841e-03 -1.47228002e-02 -1.83056021e-02
  7.48322222e-03  2.81688582e-04  1.65653035e-02 -6.14284203e-04
  1.86119182e-02  2.03711508e-02 -1.00564414e-02  2.36834312e-02
 -1.54197762e-03  2.11586929e-02 -6.85679527e-03  8.28156155e-03
 -9.01602510e-03  1.47024035e-02  7.98204599e-03  4.87426545e-02
 -1.80758985e-02  3.35459931e-03  3.59718784e-03 -4.18684135e-03
 -6.39185587e-03 -3.87099077e-02 -4.94005403e-02 -4.29066897e-03
 -1.77372685e-02  1.21030632e-03  1.35332331e-02  1.79937411e-02
  7.56265934e-03 -2.19881441e-03 -1.46035761e-02  1.80798370e-02
  1.16895050e-03  2.35423891e-02  5.21394219e-03 -6.14798671e-03
  1.03646749e-02 -1.31275452e-02  7.67829921e-03 -1.55207867e-02
  1.81232186e-02 -2.93127778e-03  9.86869400e-04 -3.24879281e-03
 -9.01550119e-03  1.29016189e-02 -5.82273698e-03  1.15490058e-02
  2.24853409e-02 -8.22075646e-03 -6.98018518e-03  1.58949039e-02
  3.41659525e-02 -9.62790500e-03 -5.52635365e-03 -3.55919382e-02
 -7.55681345e-03  3.68734853e-03  2.31937862e-03 -1.14048278e-02
 -5.49360585e-02 -2.85328409e-02 -1.53131841e-03  4.46105562e-02
  7.03178936e-02  8.11723273e-04  9.13634680e-03  2.24655493e-02
 -4.11106144e-03  5.71193060e-03  1.03114375e-02 -6.24628698e-02
 -1.75249206e-02 -2.24027486e-02 -3.17850696e-02  1.17672406e-02
 -7.49834447e-02 -8.52730884e-03  9.23168010e-04 -2.05444391e-02
 -1.71588185e-02 -5.00913433e-02  8.51397176e-03  2.51607416e-02
  2.57114948e-03 -6.35546406e-03  7.96740186e-03 -4.61547802e-03
  1.76767324e-02  3.19610682e-03 -1.37746427e-02  1.58524059e-03
  2.69920085e-03 -1.13060694e-02  6.33465011e-03  4.10749297e-03
  1.85672181e-03 -3.60763326e-03  1.66671171e-02 -1.66695494e-03
 -1.91554078e-02 -7.79744511e-04  1.25873757e-02 -6.30005649e-03
 -1.74580119e-03 -1.28073566e-02  1.02426247e-02  6.28146199e-03
  2.07041590e-02  1.39016755e-02  1.50543904e-02  3.30053729e-02
 -1.23646033e-02 -1.65528552e-03 -1.47734608e-02  5.55202855e-03
  1.01268799e+00  5.82112816e-06  7.02601788e-01  1.19667704e+00]
Best fitness in last gen:
0.0005090807406864953
GA calculation time:
29665.16848039627

Initial parameters
population size = 500
number of generations = 100000
Real number of generations = 16737
elitism = 2
crossover_rate = 0.95
mutation rate = 0.01
mutation range = [3.e-02 3.e-02 3.e-02 3.e-02 3.e-02 3.e-02 3.e-02 3.e-02 3.e-02 3.e-02
 3.e-02 3.e-02 3.e-02 3.e-02 3.e-02 3.e-02 3.e-02 3.e-02 3.e-02 3.e-02
 3.e-02 3.e-02 3.e-02 3.e-02 3.e-02 3.e-02 3.e-02 3.e-02 3.e-02 3.e-02
 3.e-02 3.e-02 3.e-02 3.e-02 3.e-02 3.e-02 3.e-02 3.e-02 3.e-02 3.e-02
 3.e-02 3.e-02 3.e-02 3.e-02 3.e-02 3.e-02 3.e-02 3.e-02 3.e-02 3.e-02
 3.e-02 3.e-02 3.e-02 3.e-02 3.e-02 3.e-02 3.e-02 3.e-02 3.e-02 3.e-02
 3.e-02 3.e-02 3.e-02 3.e-02 3.e-02 3.e-02 3.e-02 3.e-02 3.e-02 3.e-02
 3.e-02 3.e-02 3.e-02 3.e-02 3.e-02 3.e-02 3.e-02 3.e-02 3.e-02 3.e-02
 3.e-02 3.e-02 3.e-02 3.e-02 3.e-02 3.e-02 3.e-02 3.e-02 3.e-02 3.e-02
 3.e-02 3.e-02 3.e-02 3.e-02 3.e-02 3.e-02 3.e-02 3.e-02 3.e-02 3.e-02
 3.e-02 3.e-02 3.e-02 3.e-02 3.e-02 3.e-02 3.e-02 3.e-02 3.e-02 3.e-02
 3.e-02 3.e-02 3.e-02 3.e-02 3.e-02 3.e-02 3.e-02 3.e-02 3.e-02 3.e-02
 2.e-02 1.e-06 2.e-02 2.e-02]
order = 5
gene ranges = [(-0.03, 0.03), (-0.03, 0.03), (-0.03, 0.03), (-0.03, 0.03), (-0.03, 0.03), (-0.03, 0.03), (-0.03, 0.03), (-0.03, 0.03), (-0.03, 0.03), (-0.03, 0.03), (-0.03, 0.03), (-0.03, 0.03), (-0.03, 0.03), (-0.03, 0.03), (-0.03, 0.03), (-0.03, 0.03), (-0.03, 0.03), (-0.03, 0.03), (-0.03, 0.03), (-0.03, 0.03), (-0.03, 0.03), (-0.03, 0.03), (-0.03, 0.03), (-0.03, 0.03), (-0.03, 0.03), (-0.03, 0.03), (-0.03, 0.03), (-0.03, 0.03), (-0.03, 0.03), (-0.03, 0.03), (-0.03, 0.03), (-0.03, 0.03), (-0.03, 0.03), (-0.03, 0.03), (-0.03, 0.03), (-0.03, 0.03), (-0.03, 0.03), (-0.03, 0.03), (-0.03, 0.03), (-0.03, 0.03), (-0.03, 0.03), (-0.03, 0.03), (-0.03, 0.03), (-0.03, 0.03), (-0.03, 0.03), (-0.03, 0.03), (-0.03, 0.03), (-0.03, 0.03), (-0.03, 0.03), (-0.03, 0.03), (-0.03, 0.03), (-0.03, 0.03), (-0.03, 0.03), (-0.03, 0.03), (-0.03, 0.03), (-0.03, 0.03), (-0.03, 0.03), (-0.03, 0.03), (-0.03, 0.03), (-0.03, 0.03), (-0.03, 0.03), (-0.03, 0.03), (-0.03, 0.03), (-0.03, 0.03), (-0.03, 0.03), (-0.03, 0.03), (-0.03, 0.03), (-0.03, 0.03), (-0.03, 0.03), (-0.03, 0.03), (-0.03, 0.03), (-0.03, 0.03), (-0.03, 0.03), (-0.03, 0.03), (-0.03, 0.03), (-0.03, 0.03), (-0.03, 0.03), (-0.03, 0.03), (-0.03, 0.03), (-0.03, 0.03), (-0.03, 0.03), (-0.03, 0.03), (-0.03, 0.03), (-0.03, 0.03), (-0.03, 0.03), (-0.03, 0.03), (-0.03, 0.03), (-0.03, 0.03), (-0.03, 0.03), (-0.03, 0.03), (-0.03, 0.03), (-0.03, 0.03), (-0.03, 0.03), (-0.03, 0.03), (-0.03, 0.03), (-0.03, 0.03), (-0.03, 0.03), (-0.03, 0.03), (-0.03, 0.03), (-0.03, 0.03), (-0.03, 0.03), (-0.03, 0.03), (-0.03, 0.03), (-0.03, 0.03), (-0.03, 0.03), (-0.03, 0.03), (-0.03, 0.03), (-0.03, 0.03), (-0.03, 0.03), (-0.03, 0.03), (-0.03, 0.03), (-0.03, 0.03), (-0.03, 0.03), (-0.03, 0.03), (-0.03, 0.03), (-0.03, 0.03), (-0.03, 0.03), (-0.03, 0.03), (-0.03, 0.03), (-0.03, 0.03), (0.98, 1.02), (-1e-05, 1e-05), (0.66, 0.7), (1.19, 1.23)]