Best in last gen:
[-3.41144917e-02 -1.29002040e-02  3.63733313e-02 -4.44278799e-02
 -5.69672949e-02 -6.51293096e-02  3.39350343e-03  3.16036297e-02
  6.26877877e-03  3.47200248e-02  3.16559025e-02  2.40676933e-03
 -1.89615756e-02 -1.51636522e-02  5.55343909e-04  1.95674075e-02
  5.70935149e-03  7.38264434e-03  2.43560749e-02 -1.25758264e-02
 -7.20084297e-03 -1.87782380e-02  1.26490911e-02 -3.07421640e-02
 -2.84051418e-03 -4.43087867e-02 -1.63447634e-02  2.00423933e-02
  3.37047172e-02  2.04316048e-02 -1.96417596e-02 -9.82913303e-03
  1.60388669e-02  1.45496752e-02  7.45904055e-03  4.66056855e-03
  6.52661812e-03  7.52416757e-03  1.10376400e-02 -1.12963781e-02
 -3.07985723e-03  1.01890163e-02  2.24158397e-02 -3.83951608e-03
 -5.59083814e-03 -6.48364314e-03 -1.24013548e-02 -1.06488559e-02
  1.01219797e+00  3.77198502e-08  1.39163803e+00  7.44722473e-01]
Best fitness in last gen:
1.0558905993440793e-05
GA calculation time:
6337.618767499924

Initial parameters
population size = 250
number of generations = 20000
Real number of generations = 20000
elitism = 2
crossover_rate = 0.95
mutation rate = 0.01
mutation range = [4.e-02 4.e-02 4.e-02 4.e-02 4.e-02 4.e-02 4.e-02 4.e-02 4.e-02 4.e-02
 4.e-02 4.e-02 4.e-02 4.e-02 4.e-02 4.e-02 4.e-02 4.e-02 4.e-02 4.e-02
 4.e-02 4.e-02 4.e-02 4.e-02 4.e-02 4.e-02 4.e-02 4.e-02 4.e-02 4.e-02
 4.e-02 4.e-02 4.e-02 4.e-02 4.e-02 4.e-02 4.e-02 4.e-02 4.e-02 4.e-02
 4.e-02 4.e-02 4.e-02 4.e-02 4.e-02 4.e-02 4.e-02 4.e-02 2.e-02 1.e-06
 2.e-02 2.e-02]
order = 3
gene ranges = [(-0.04, 0.04), (-0.04, 0.04), (-0.04, 0.04), (-0.04, 0.04), (-0.04, 0.04), (-0.04, 0.04), (-0.04, 0.04), (-0.04, 0.04), (-0.04, 0.04), (-0.04, 0.04), (-0.04, 0.04), (-0.04, 0.04), (-0.04, 0.04), (-0.04, 0.04), (-0.04, 0.04), (-0.04, 0.04), (-0.04, 0.04), (-0.04, 0.04), (-0.04, 0.04), (-0.04, 0.04), (-0.04, 0.04), (-0.04, 0.04), (-0.04, 0.04), (-0.04, 0.04), (-0.04, 0.04), (-0.04, 0.04), (-0.04, 0.04), (-0.04, 0.04), (-0.04, 0.04), (-0.04, 0.04), (-0.04, 0.04), (-0.04, 0.04), (-0.04, 0.04), (-0.04, 0.04), (-0.04, 0.04), (-0.04, 0.04), (-0.04, 0.04), (-0.04, 0.04), (-0.04, 0.04), (-0.04, 0.04), (-0.04, 0.04), (-0.04, 0.04), (-0.04, 0.04), (-0.04, 0.04), (-0.04, 0.04), (-0.04, 0.04), (-0.04, 0.04), (-0.04, 0.04), (0.98, 1.02), (-1e-05, 1e-05), (1.38, 1.42), (0.73, 0.77)]