Best in last gen:
[-3.89097003e-03 -6.23790194e-02 -2.54813398e-02 -3.31830654e-02
 -8.52710205e-02 -5.82640872e-02  6.31084287e-03 -8.83911503e-03
 -1.64948374e-02  2.49499080e-02  1.37321715e-02 -7.93125066e-03
 -8.00752684e-02  1.34323568e-02 -5.57867700e-04 -5.84126780e-02
  1.33904712e-02  3.53158768e-02 -3.16189370e-02 -4.80871590e-02
 -1.11715088e-02  5.20870704e-02  5.36940666e-02 -3.41990943e-02
 -1.45244664e-02 -5.03704687e-02 -5.80861286e-02  5.08747075e-03
 -6.63750931e-02  4.39001249e-02 -3.37377651e-03 -4.03664435e-03
  3.09591743e-03  1.40183633e-02 -7.40373404e-02  4.95790669e-02
 -3.93569544e-02 -3.00077338e-02 -1.55061770e-02  1.60050323e-02
 -2.19741790e-02 -6.04890578e-02 -3.01038867e-02 -3.61134888e-03
  1.24551706e-02  9.91753637e-02 -1.45085236e-02  5.51566755e-03
  1.01390026e+00 -4.08754596e-01  1.65723776e+00  8.09880688e-01]
Best fitness in last gen:
1.7981451568333446e-06

Best in all:
[-3.89097003e-03 -6.23790194e-02 -2.54813398e-02 -3.31830654e-02
 -8.52710205e-02 -5.82640872e-02  6.31084287e-03 -8.83911503e-03
 -1.64948374e-02  2.49499080e-02  1.37321715e-02 -7.93125066e-03
 -8.00752684e-02  1.34323568e-02 -5.57867700e-04 -5.84126780e-02
  1.33904712e-02  3.53158768e-02 -3.16189370e-02 -4.80871590e-02
 -1.11715088e-02  5.20870704e-02  5.36940666e-02 -3.41990943e-02
 -1.45244664e-02 -5.03704687e-02 -5.80861286e-02  5.08747075e-03
 -6.63750931e-02  4.39001249e-02 -3.37377651e-03 -4.03664435e-03
  3.09591743e-03  1.40183633e-02 -7.40373404e-02  4.95790669e-02
 -3.93569544e-02 -3.00077338e-02 -1.55061770e-02  1.60050323e-02
 -2.19741790e-02 -6.04890578e-02 -3.01038867e-02 -3.61134888e-03
  1.24551706e-02  9.91753637e-02 -1.45085236e-02  5.51566755e-03
  1.01390026e+00 -4.08754596e-01  1.65723776e+00  8.09880688e-01]
Best fitness in all:
1.7981451568333446e-06

Initial parameters
population size = 10
number of generations = 10000
Real number of generations = 10000
elitism = 2
crossover_rate = 0.95
mutation rate = 0.007
mutation range = 0.1
order = 3
gene ranges = ((-0.1, 0.1), (0.98, 1.02), (-2, 2), (1.6, 1.8), (0.7, 0.9))
