Best in last gen:
[ 1.19330756e-02  1.22143544e-02  2.47134006e-03  1.38850676e-03
  7.97636926e-03 -9.22037174e-03 -9.23622325e-03 -3.88812749e-03
 -3.96207873e-03  1.29507393e-02 -8.68647378e-03 -1.36161040e-02
  2.08028594e-03 -1.85290224e-02 -6.53946396e-03  1.81623783e-02
  3.88327349e-04  3.11486285e-03  9.48568725e-04  9.25207497e-03
 -1.03868038e-02  2.12677812e-04  2.55414741e-03 -3.91861465e-03
 -1.23695911e-02  1.53799858e-02 -1.07529497e-03  1.25749055e-03
  7.22349796e-03  4.79922329e-03 -1.45029776e-03 -9.90644941e-03
  8.03442012e-03  9.04544174e-03 -1.55080177e-02 -1.22570348e-02
 -6.85093131e-03 -6.27923189e-03 -5.51906625e-03  6.01976447e-03
 -2.44834477e-03 -7.21236620e-03  2.68556428e-03  4.65764660e-03
 -1.63316196e-03 -1.17998888e-02 -2.10898992e-02  3.48416196e-03
 -1.03008469e-02 -9.99474614e-04  5.44951804e-03 -3.30312364e-03
  4.89025805e-03 -1.15419630e-02 -1.09482169e-02  5.04370547e-04
  1.09003712e-02 -5.64606318e-03  6.63850837e-03 -6.06495964e-04
 -9.04639731e-03  5.58209955e-03  1.33129140e-03 -1.50777342e-02
 -6.48858066e-03  1.02310873e-02 -4.41752471e-03 -6.37881141e-03
 -1.10760114e-03 -8.31431446e-03 -9.31180280e-03 -7.66123086e-03
  9.25613754e-04  2.68101534e-03 -1.99559380e-03 -7.93912769e-03
  3.84482313e-03  2.38914858e-03  8.83605228e-04 -8.27396683e-03
  4.64381972e-03  1.62626486e-02 -5.34681571e-03  1.38396698e-02
 -4.38165491e-03  1.09083476e-02 -2.44163730e-03  1.92996963e-02
  7.07423940e-03 -2.15641441e-03 -1.09081221e-02 -1.11102017e-02
  1.25305229e-03 -3.68491123e-04 -4.32307897e-03 -1.24051950e-03
 -1.44155777e-02  3.31065079e-03 -7.87943953e-03  9.27417755e-03
  7.22659612e-03  1.84080260e-02 -9.21206654e-03 -1.28057865e-03
  1.94678886e-02 -5.95280281e-04 -5.88108663e-03 -3.44804395e-03
 -8.14461539e-03 -6.00797612e-03  1.26517436e-02  1.25308711e-02
  1.59884569e-03  8.49997144e-03 -1.18711777e-02 -1.49014909e-02
 -1.73813159e-02 -2.92038472e-03 -2.83062612e-03  8.25372357e-03
  1.00700070e+00 -1.09646000e-06  1.20831585e+00  6.82096755e-01]
Best fitness in last gen:
6.457967948262492e-08
GA calculation time:
19.15854048728943

Initial parameters
population size = 100
number of generations = 100
Real number of generations = 100
elitism = 2
crossover_rate = 0.95
mutation rate = 0.01
mutation range = [1.e-02 1.e-02 1.e-02 1.e-02 1.e-02 1.e-02 1.e-02 1.e-02 1.e-02 1.e-02
 1.e-02 1.e-02 1.e-02 1.e-02 1.e-02 1.e-02 1.e-02 1.e-02 1.e-02 1.e-02
 1.e-02 1.e-02 1.e-02 1.e-02 1.e-02 1.e-02 1.e-02 1.e-02 1.e-02 1.e-02
 1.e-02 1.e-02 1.e-02 1.e-02 1.e-02 1.e-02 1.e-02 1.e-02 1.e-02 1.e-02
 1.e-02 1.e-02 1.e-02 1.e-02 1.e-02 1.e-02 1.e-02 1.e-02 1.e-02 1.e-02
 1.e-02 1.e-02 1.e-02 1.e-02 1.e-02 1.e-02 1.e-02 1.e-02 1.e-02 1.e-02
 1.e-02 1.e-02 1.e-02 1.e-02 1.e-02 1.e-02 1.e-02 1.e-02 1.e-02 1.e-02
 1.e-02 1.e-02 1.e-02 1.e-02 1.e-02 1.e-02 1.e-02 1.e-02 1.e-02 1.e-02
 1.e-02 1.e-02 1.e-02 1.e-02 1.e-02 1.e-02 1.e-02 1.e-02 1.e-02 1.e-02
 1.e-02 1.e-02 1.e-02 1.e-02 1.e-02 1.e-02 1.e-02 1.e-02 1.e-02 1.e-02
 1.e-02 1.e-02 1.e-02 1.e-02 1.e-02 1.e-02 1.e-02 1.e-02 1.e-02 1.e-02
 1.e-02 1.e-02 1.e-02 1.e-02 1.e-02 1.e-02 1.e-02 1.e-02 1.e-02 1.e-02
 2.e-02 1.e-06 2.e-02 2.e-02]
order = 5
gene ranges = [(-0.03, 0.03), (-0.03, 0.03), (-0.03, 0.03), (-0.03, 0.03), (-0.03, 0.03), (-0.03, 0.03), (-0.03, 0.03), (-0.03, 0.03), (-0.03, 0.03), (-0.03, 0.03), (-0.03, 0.03), (-0.03, 0.03), (-0.03, 0.03), (-0.03, 0.03), (-0.03, 0.03), (-0.03, 0.03), (-0.03, 0.03), (-0.03, 0.03), (-0.03, 0.03), (-0.03, 0.03), (-0.03, 0.03), (-0.03, 0.03), (-0.03, 0.03), (-0.03, 0.03), (-0.03, 0.03), (-0.03, 0.03), (-0.03, 0.03), (-0.03, 0.03), (-0.03, 0.03), (-0.03, 0.03), (-0.03, 0.03), (-0.03, 0.03), (-0.03, 0.03), (-0.03, 0.03), (-0.03, 0.03), (-0.03, 0.03), (-0.03, 0.03), (-0.03, 0.03), (-0.03, 0.03), (-0.03, 0.03), (-0.03, 0.03), (-0.03, 0.03), (-0.03, 0.03), (-0.03, 0.03), (-0.03, 0.03), (-0.03, 0.03), (-0.03, 0.03), (-0.03, 0.03), (-0.03, 0.03), (-0.03, 0.03), (-0.03, 0.03), (-0.03, 0.03), (-0.03, 0.03), (-0.03, 0.03), (-0.03, 0.03), (-0.03, 0.03), (-0.03, 0.03), (-0.03, 0.03), (-0.03, 0.03), (-0.03, 0.03), (-0.03, 0.03), (-0.03, 0.03), (-0.03, 0.03), (-0.03, 0.03), (-0.03, 0.03), (-0.03, 0.03), (-0.03, 0.03), (-0.03, 0.03), (-0.03, 0.03), (-0.03, 0.03), (-0.03, 0.03), (-0.03, 0.03), (-0.03, 0.03), (-0.03, 0.03), (-0.03, 0.03), (-0.03, 0.03), (-0.03, 0.03), (-0.03, 0.03), (-0.03, 0.03), (-0.03, 0.03), (-0.03, 0.03), (-0.03, 0.03), (-0.03, 0.03), (-0.03, 0.03), (-0.03, 0.03), (-0.03, 0.03), (-0.03, 0.03), (-0.03, 0.03), (-0.03, 0.03), (-0.03, 0.03), (-0.03, 0.03), (-0.03, 0.03), (-0.03, 0.03), (-0.03, 0.03), (-0.03, 0.03), (-0.03, 0.03), (-0.03, 0.03), (-0.03, 0.03), (-0.03, 0.03), (-0.03, 0.03), (-0.03, 0.03), (-0.03, 0.03), (-0.03, 0.03), (-0.03, 0.03), (-0.03, 0.03), (-0.03, 0.03), (-0.03, 0.03), (-0.03, 0.03), (-0.03, 0.03), (-0.03, 0.03), (-0.03, 0.03), (-0.03, 0.03), (-0.03, 0.03), (-0.03, 0.03), (-0.03, 0.03), (-0.03, 0.03), (-0.03, 0.03), (-0.03, 0.03), (-0.03, 0.03), (-0.03, 0.03), (0.98, 1.02), (-1e-05, 1e-05), (1.19, 1.23), (0.66, 0.7)]
