Best in last gen:
[ 4.50066647e-03 -3.62036105e-02  1.98326119e-02 -3.81982692e-02
  2.01413297e-02 -2.33026468e-02  8.87472655e-03 -8.80271312e-03
  1.85003262e-02 -8.01989279e-03  1.54734668e-02 -7.26912613e-03
 -1.65364918e-02  4.68670845e-03 -3.45035608e-03 -6.95272504e-03
  1.03595021e-02 -3.54283088e-03  2.83907843e-03  9.90636904e-03
  2.18085288e-02  5.29299291e-03 -1.01787452e-02  2.93618569e-02
 -1.47863827e-02  1.46166723e-02 -1.10280302e-02  2.92497726e-02
 -1.17493299e-02 -1.26301739e-02 -1.97524711e-02  2.08527113e-02
  1.21402956e-02  6.19723548e-03  1.09757183e-02  1.49337342e-03
  1.28846976e-02 -3.77254162e-03  3.02884833e-03  8.92128553e-03
  2.14786555e-02  1.10560431e-02  2.29481612e-02  1.11081398e-02
  1.53207705e-02 -1.77909880e-02  1.35054726e-02 -1.35513222e-02
  1.09966423e-03  2.26052698e-02  9.89835265e-03  2.12553345e-02
  4.06484512e-04  8.44673483e-03  9.56598003e-03 -2.90469318e-03
 -4.13573516e-03 -2.18037858e-02 -2.21446824e-02 -4.36612439e-04
  2.28143147e-02 -6.79944986e-06 -2.89722274e-02 -1.10123926e-02
 -3.63309249e-02  7.12333673e-03 -1.45354456e-02  1.28346133e-02
 -7.97490847e-03 -1.30011446e-02  3.26589069e-03 -4.96280001e-03
  2.73085679e-03  1.56900227e-03  1.34001186e-02  2.52541186e-02
  2.13378596e-02 -8.17689869e-03 -1.68733892e-03 -1.12656806e-02
  1.14284108e-02 -2.41994448e-02 -2.04757012e-02  2.99577518e-02
 -1.25832912e-02 -1.02325409e-02 -1.49332716e-02  1.39730387e-02
  2.05770651e-03 -4.92562446e-03 -1.13079566e-02  3.44763859e-02
 -4.84133822e-02 -2.42248148e-02  1.62770035e-02 -2.39650510e-02
 -2.16274491e-02 -8.14337355e-03 -6.13322700e-03  2.61225671e-03
 -4.95946894e-03  6.75141562e-04  1.06796273e-02  2.71814337e-02
  9.99856458e-04 -7.21498518e-03 -1.36699938e-02  7.27941691e-03
  2.98069678e-02  6.08632487e-03  1.06058352e-02  1.66618885e-02
 -3.49908253e-02  3.01704886e-03  1.13073595e-02  1.10153635e-03
 -1.38256939e-03  1.93958333e-02 -4.61509667e-03  3.06652399e-03
  1.00856566e+00 -7.81122886e-06  3.43585739e-01  2.58115983e-01]
Best fitness in last gen:
2.2524667657234217e-05
GA calculation time:
172772.86330413818

Initial parameters
population size = 500
number of generations = 100000
Real number of generations = 100000
elitism = 2
crossover_rate = 0.95
mutation rate = 0.01
mutation range = [3.e-02 3.e-02 3.e-02 3.e-02 3.e-02 3.e-02 3.e-02 3.e-02 3.e-02 3.e-02
 3.e-02 3.e-02 3.e-02 3.e-02 3.e-02 3.e-02 3.e-02 3.e-02 3.e-02 3.e-02
 3.e-02 3.e-02 3.e-02 3.e-02 3.e-02 3.e-02 3.e-02 3.e-02 3.e-02 3.e-02
 3.e-02 3.e-02 3.e-02 3.e-02 3.e-02 3.e-02 3.e-02 3.e-02 3.e-02 3.e-02
 3.e-02 3.e-02 3.e-02 3.e-02 3.e-02 3.e-02 3.e-02 3.e-02 3.e-02 3.e-02
 3.e-02 3.e-02 3.e-02 3.e-02 3.e-02 3.e-02 3.e-02 3.e-02 3.e-02 3.e-02
 3.e-02 3.e-02 3.e-02 3.e-02 3.e-02 3.e-02 3.e-02 3.e-02 3.e-02 3.e-02
 3.e-02 3.e-02 3.e-02 3.e-02 3.e-02 3.e-02 3.e-02 3.e-02 3.e-02 3.e-02
 3.e-02 3.e-02 3.e-02 3.e-02 3.e-02 3.e-02 3.e-02 3.e-02 3.e-02 3.e-02
 3.e-02 3.e-02 3.e-02 3.e-02 3.e-02 3.e-02 3.e-02 3.e-02 3.e-02 3.e-02
 3.e-02 3.e-02 3.e-02 3.e-02 3.e-02 3.e-02 3.e-02 3.e-02 3.e-02 3.e-02
 3.e-02 3.e-02 3.e-02 3.e-02 3.e-02 3.e-02 3.e-02 3.e-02 3.e-02 3.e-02
 2.e-02 1.e-06 3.e-02 3.e-02]
order = 5
gene ranges = [(-0.03, 0.03), (-0.03, 0.03), (-0.03, 0.03), (-0.03, 0.03), (-0.03, 0.03), (-0.03, 0.03), (-0.03, 0.03), (-0.03, 0.03), (-0.03, 0.03), (-0.03, 0.03), (-0.03, 0.03), (-0.03, 0.03), (-0.03, 0.03), (-0.03, 0.03), (-0.03, 0.03), (-0.03, 0.03), (-0.03, 0.03), (-0.03, 0.03), (-0.03, 0.03), (-0.03, 0.03), (-0.03, 0.03), (-0.03, 0.03), (-0.03, 0.03), (-0.03, 0.03), (-0.03, 0.03), (-0.03, 0.03), (-0.03, 0.03), (-0.03, 0.03), (-0.03, 0.03), (-0.03, 0.03), (-0.03, 0.03), (-0.03, 0.03), (-0.03, 0.03), (-0.03, 0.03), (-0.03, 0.03), (-0.03, 0.03), (-0.03, 0.03), (-0.03, 0.03), (-0.03, 0.03), (-0.03, 0.03), (-0.03, 0.03), (-0.03, 0.03), (-0.03, 0.03), (-0.03, 0.03), (-0.03, 0.03), (-0.03, 0.03), (-0.03, 0.03), (-0.03, 0.03), (-0.03, 0.03), (-0.03, 0.03), (-0.03, 0.03), (-0.03, 0.03), (-0.03, 0.03), (-0.03, 0.03), (-0.03, 0.03), (-0.03, 0.03), (-0.03, 0.03), (-0.03, 0.03), (-0.03, 0.03), (-0.03, 0.03), (-0.03, 0.03), (-0.03, 0.03), (-0.03, 0.03), (-0.03, 0.03), (-0.03, 0.03), (-0.03, 0.03), (-0.03, 0.03), (-0.03, 0.03), (-0.03, 0.03), (-0.03, 0.03), (-0.03, 0.03), (-0.03, 0.03), (-0.03, 0.03), (-0.03, 0.03), (-0.03, 0.03), (-0.03, 0.03), (-0.03, 0.03), (-0.03, 0.03), (-0.03, 0.03), (-0.03, 0.03), (-0.03, 0.03), (-0.03, 0.03), (-0.03, 0.03), (-0.03, 0.03), (-0.03, 0.03), (-0.03, 0.03), (-0.03, 0.03), (-0.03, 0.03), (-0.03, 0.03), (-0.03, 0.03), (-0.03, 0.03), (-0.03, 0.03), (-0.03, 0.03), (-0.03, 0.03), (-0.03, 0.03), (-0.03, 0.03), (-0.03, 0.03), (-0.03, 0.03), (-0.03, 0.03), (-0.03, 0.03), (-0.03, 0.03), (-0.03, 0.03), (-0.03, 0.03), (-0.03, 0.03), (-0.03, 0.03), (-0.03, 0.03), (-0.03, 0.03), (-0.03, 0.03), (-0.03, 0.03), (-0.03, 0.03), (-0.03, 0.03), (-0.03, 0.03), (-0.03, 0.03), (-0.03, 0.03), (-0.03, 0.03), (-0.03, 0.03), (-0.03, 0.03), (-0.03, 0.03), (-0.03, 0.03), (-0.03, 0.03), (0.98, 1.02), (-1e-05, 1e-05), (0.32, 0.38), (0.24, 0.3)]