Best in last gen:
[-9.53736953e-03  2.12241689e-02 -3.04684332e-03 -1.51503260e-03
 -8.37760844e-02  2.97560943e-02  1.76546785e-02 -1.70139741e-02
 -5.30629617e-03  5.78660922e-02  5.14473302e-02 -2.60006506e-02
  1.43125779e-02  3.98342395e-03 -2.06385877e-02 -1.33981426e-02
  3.38918473e-03 -1.93570266e-02  1.03485558e-02 -7.70960792e-03
 -6.25874724e-03 -6.28199591e-02  2.51096278e-03 -4.30816002e-04
 -3.16887242e-02 -9.53243803e-03  5.69103604e-03 -3.07243441e-02
  2.36193500e-02  5.86223761e-03 -5.69240618e-03 -2.77151085e-02
 -5.11776729e-03 -2.56741867e-02 -5.91264131e-03 -3.35756105e-04
  2.67322966e-02  2.34300712e-02  1.32164754e-02 -1.06331529e-03
  1.18045961e-02  3.59905890e-03 -5.26769998e-02 -1.08258716e-02
  1.30260378e-03  7.91075262e-03  3.16303249e-02  8.72160244e-03
  9.97535249e-01  5.96614917e-06  1.09379213e+00  7.95987820e-01]
Best fitness in last gen:
1.2662573955395377e-06
GA calculation time:
739.8599193096161

Initial parameters
population size = 300
number of generations = 2000
Real number of generations = 2000
elitism = 2
crossover_rate = 0.95
mutation rate = 0.01
mutation range = [4.e-02 4.e-02 4.e-02 4.e-02 4.e-02 4.e-02 4.e-02 4.e-02 4.e-02 4.e-02
 4.e-02 4.e-02 4.e-02 4.e-02 4.e-02 4.e-02 4.e-02 4.e-02 4.e-02 4.e-02
 4.e-02 4.e-02 4.e-02 4.e-02 4.e-02 4.e-02 4.e-02 4.e-02 4.e-02 4.e-02
 4.e-02 4.e-02 4.e-02 4.e-02 4.e-02 4.e-02 4.e-02 4.e-02 4.e-02 4.e-02
 4.e-02 4.e-02 4.e-02 4.e-02 4.e-02 4.e-02 4.e-02 4.e-02 2.e-02 1.e-06
 2.e-02 2.e-02]
order = 3
gene ranges = [(-0.05, 0.05), (-0.05, 0.05), (-0.05, 0.05), (-0.05, 0.05), (-0.05, 0.05), (-0.05, 0.05), (-0.05, 0.05), (-0.05, 0.05), (-0.05, 0.05), (-0.05, 0.05), (-0.05, 0.05), (-0.05, 0.05), (-0.05, 0.05), (-0.05, 0.05), (-0.05, 0.05), (-0.05, 0.05), (-0.05, 0.05), (-0.05, 0.05), (-0.05, 0.05), (-0.05, 0.05), (-0.05, 0.05), (-0.05, 0.05), (-0.05, 0.05), (-0.05, 0.05), (-0.05, 0.05), (-0.05, 0.05), (-0.05, 0.05), (-0.05, 0.05), (-0.05, 0.05), (-0.05, 0.05), (-0.05, 0.05), (-0.05, 0.05), (-0.05, 0.05), (-0.05, 0.05), (-0.05, 0.05), (-0.05, 0.05), (-0.05, 0.05), (-0.05, 0.05), (-0.05, 0.05), (-0.05, 0.05), (-0.05, 0.05), (-0.05, 0.05), (-0.05, 0.05), (-0.05, 0.05), (-0.05, 0.05), (-0.05, 0.05), (-0.05, 0.05), (-0.05, 0.05), (0.98, 1.02), (-1e-05, 1e-05), (1.05, 1.15), (0.72, 0.82)]
