Best in last gen:
[-1.56215154e-03  5.37930520e-04  1.55404357e-02  3.46002819e-02
  1.79376923e-02 -8.25990843e-03 -5.91909828e-03 -2.31840660e-04
 -1.48210512e-02  2.96268307e-02  3.47493336e-03 -9.54721515e-03
  1.24547962e-02  1.90341955e-02  1.93881223e-02 -1.67791321e-02
  6.47092363e-03 -2.96817441e-03 -1.71755675e-02 -2.20602265e-02
  2.38918331e-02  1.16140478e-05  1.89238656e-02 -2.23292594e-02
  5.50815863e-03 -2.82962746e-02  1.07537431e-02 -1.37747146e-02
 -2.19226973e-03  1.48137293e-02 -9.62071175e-03 -1.55732469e-02
 -1.50822551e-03 -1.06082448e-02 -1.38439654e-02  2.66429704e-02
 -1.74741111e-02 -8.61929044e-03 -1.99686320e-03  9.60278259e-03
 -1.12709101e-02 -1.39065235e-02 -2.11743371e-02  4.10165406e-02
  2.23102801e-02  3.32813543e-02 -3.44050113e-02  3.82484843e-03
 -2.58588071e-03 -4.09427027e-03 -1.49061289e-02 -2.35885308e-03
 -6.35527495e-03 -2.63810163e-02 -1.00903256e-02  4.78171980e-03
 -2.68879718e-03 -3.14760023e-02 -7.00680231e-03 -2.43406503e-02
  4.07041511e-02  8.17723262e-03 -1.89810285e-02 -1.34571554e-02
  3.96005784e-03  6.99060937e-03 -3.93064196e-03 -2.69766105e-02
 -1.40048004e-02  3.36379123e-03  8.13224387e-03  5.43600756e-03
  1.60454160e-02  8.71200749e-03 -3.03973989e-02 -2.70605665e-04
 -2.20195327e-02 -9.14524674e-03  1.72212681e-02 -1.93389793e-03
  1.00343372e+00  2.93457634e-06  2.10763557e-01  9.18142436e-01]
Best fitness in last gen:
6.442373668430372e-06
GA calculation time:
12059.139174222946

Initial parameters
population size = 400
number of generations = 10000
Real number of generations = 10000
elitism = 2
crossover_rate = 0.95
mutation rate = 0.01
mutation range = [3.e-02 3.e-02 3.e-02 3.e-02 3.e-02 3.e-02 3.e-02 3.e-02 3.e-02 3.e-02
 3.e-02 3.e-02 3.e-02 3.e-02 3.e-02 3.e-02 3.e-02 3.e-02 3.e-02 3.e-02
 3.e-02 3.e-02 3.e-02 3.e-02 3.e-02 3.e-02 3.e-02 3.e-02 3.e-02 3.e-02
 3.e-02 3.e-02 3.e-02 3.e-02 3.e-02 3.e-02 3.e-02 3.e-02 3.e-02 3.e-02
 3.e-02 3.e-02 3.e-02 3.e-02 3.e-02 3.e-02 3.e-02 3.e-02 3.e-02 3.e-02
 3.e-02 3.e-02 3.e-02 3.e-02 3.e-02 3.e-02 3.e-02 3.e-02 3.e-02 3.e-02
 3.e-02 3.e-02 3.e-02 3.e-02 3.e-02 3.e-02 3.e-02 3.e-02 3.e-02 3.e-02
 3.e-02 3.e-02 3.e-02 3.e-02 3.e-02 3.e-02 3.e-02 3.e-02 3.e-02 3.e-02
 2.e-02 1.e-06 3.e-02 3.e-02]
order = 4
gene ranges = [(-0.03, 0.03), (-0.03, 0.03), (-0.03, 0.03), (-0.03, 0.03), (-0.03, 0.03), (-0.03, 0.03), (-0.03, 0.03), (-0.03, 0.03), (-0.03, 0.03), (-0.03, 0.03), (-0.03, 0.03), (-0.03, 0.03), (-0.03, 0.03), (-0.03, 0.03), (-0.03, 0.03), (-0.03, 0.03), (-0.03, 0.03), (-0.03, 0.03), (-0.03, 0.03), (-0.03, 0.03), (-0.03, 0.03), (-0.03, 0.03), (-0.03, 0.03), (-0.03, 0.03), (-0.03, 0.03), (-0.03, 0.03), (-0.03, 0.03), (-0.03, 0.03), (-0.03, 0.03), (-0.03, 0.03), (-0.03, 0.03), (-0.03, 0.03), (-0.03, 0.03), (-0.03, 0.03), (-0.03, 0.03), (-0.03, 0.03), (-0.03, 0.03), (-0.03, 0.03), (-0.03, 0.03), (-0.03, 0.03), (-0.03, 0.03), (-0.03, 0.03), (-0.03, 0.03), (-0.03, 0.03), (-0.03, 0.03), (-0.03, 0.03), (-0.03, 0.03), (-0.03, 0.03), (-0.03, 0.03), (-0.03, 0.03), (-0.03, 0.03), (-0.03, 0.03), (-0.03, 0.03), (-0.03, 0.03), (-0.03, 0.03), (-0.03, 0.03), (-0.03, 0.03), (-0.03, 0.03), (-0.03, 0.03), (-0.03, 0.03), (-0.03, 0.03), (-0.03, 0.03), (-0.03, 0.03), (-0.03, 0.03), (-0.03, 0.03), (-0.03, 0.03), (-0.03, 0.03), (-0.03, 0.03), (-0.03, 0.03), (-0.03, 0.03), (-0.03, 0.03), (-0.03, 0.03), (-0.03, 0.03), (-0.03, 0.03), (-0.03, 0.03), (-0.03, 0.03), (-0.03, 0.03), (-0.03, 0.03), (-0.03, 0.03), (-0.03, 0.03), (0.98, 1.02), (-1e-05, 1e-05), (0.18, 0.24), (0.9, 0.96)]