Best in last gen:
[ 2.36534774e-02 -1.84957297e-02 -1.53295462e-02 -2.08569736e-02
 -1.25601887e-02  1.99538805e-02  6.51390797e-02 -5.44771298e-03
 -2.31999964e-02 -2.67860886e-02 -1.75491683e-03 -9.52916855e-03
  7.37293717e-02  4.93155318e-03 -6.11071339e-03  5.34334940e-02
 -1.49865216e-02  8.27166592e-04 -1.75859972e-02 -1.59762212e-02
 -1.77914785e-02  6.45440258e-03  2.56805446e-02 -2.80906623e-02
  2.05795188e-02  3.23538332e-02  6.33331023e-03  2.27423422e-02
  8.68896565e-04  1.19607218e-02 -1.45201107e-02  4.24662058e-02
  2.33874959e-02  9.04946557e-02 -3.95813704e-03  4.31867255e-02
 -2.62719318e-02 -5.05951656e-03 -2.78366544e-02  2.85261879e-02
 -1.23950504e-02  2.45718006e-02 -1.15923999e-01 -3.71641556e-02
  6.05565232e-03  6.40133327e-03 -5.95525100e-02  1.20653948e-02
  9.84123695e-01  1.21433441e-06  3.01107996e-01  6.86246190e-01]
Best fitness in last gen:
3.052859949361058e-07
GA calculation time:
7838.210254907608

Initial parameters
population size = 300
number of generations = 10000
Real number of generations = 10000
elitism = 2
crossover_rate = 0.95
mutation rate = 0.01
mutation range = [4.e-02 4.e-02 4.e-02 4.e-02 4.e-02 4.e-02 4.e-02 4.e-02 4.e-02 4.e-02
 4.e-02 4.e-02 4.e-02 4.e-02 4.e-02 4.e-02 4.e-02 4.e-02 4.e-02 4.e-02
 4.e-02 4.e-02 4.e-02 4.e-02 4.e-02 4.e-02 4.e-02 4.e-02 4.e-02 4.e-02
 4.e-02 4.e-02 4.e-02 4.e-02 4.e-02 4.e-02 4.e-02 4.e-02 4.e-02 4.e-02
 4.e-02 4.e-02 4.e-02 4.e-02 4.e-02 4.e-02 4.e-02 4.e-02 2.e-02 1.e-06
 1.e-02 1.e-02]
order = 3
gene ranges = [(-0.05, 0.05), (-0.05, 0.05), (-0.05, 0.05), (-0.05, 0.05), (-0.05, 0.05), (-0.05, 0.05), (-0.05, 0.05), (-0.05, 0.05), (-0.05, 0.05), (-0.05, 0.05), (-0.05, 0.05), (-0.05, 0.05), (-0.05, 0.05), (-0.05, 0.05), (-0.05, 0.05), (-0.05, 0.05), (-0.05, 0.05), (-0.05, 0.05), (-0.05, 0.05), (-0.05, 0.05), (-0.05, 0.05), (-0.05, 0.05), (-0.05, 0.05), (-0.05, 0.05), (-0.05, 0.05), (-0.05, 0.05), (-0.05, 0.05), (-0.05, 0.05), (-0.05, 0.05), (-0.05, 0.05), (-0.05, 0.05), (-0.05, 0.05), (-0.05, 0.05), (-0.05, 0.05), (-0.05, 0.05), (-0.05, 0.05), (-0.05, 0.05), (-0.05, 0.05), (-0.05, 0.05), (-0.05, 0.05), (-0.05, 0.05), (-0.05, 0.05), (-0.05, 0.05), (-0.05, 0.05), (-0.05, 0.05), (-0.05, 0.05), (-0.05, 0.05), (-0.05, 0.05), (0.98, 1.02), (-1e-05, 1e-05), (0.25, 0.35), (0.65, 0.75)]
