Best in last gen:
[ 2.17769449e-02 -5.35407368e-02 -4.22341413e-02 -4.70119110e-02
  5.48083242e-02 -7.18944314e-03 -3.28473930e-02 -2.85930061e-02
 -1.89426081e-02  8.24866430e-03 -3.61398371e-02  3.95044921e-02
  4.24164729e-02  1.55210524e-02 -2.39680582e-02  3.72591112e-02
 -1.17401730e-02 -1.53942161e-02 -2.81366504e-02 -3.53166262e-03
  5.68102141e-03 -1.02695412e-01  2.64007917e-02 -1.49732467e-03
 -1.93291405e-02 -5.90956849e-02 -9.65269868e-03 -4.52043091e-02
  5.16740779e-02 -1.26530272e-03  4.84836382e-02 -3.42648180e-02
  2.89644818e-02 -2.73251198e-02  2.50369758e-02 -2.54686112e-02
  3.07554637e-02 -1.88405154e-02  1.28757037e-02 -3.09204192e-02
 -1.94037781e-03  4.95646176e-03  3.29320161e-02  6.35673200e-03
 -2.40948801e-02 -1.29168719e-01 -4.96993966e-02 -1.97751752e-02
  1.00399720e+00  7.98821588e-02  8.55476082e-01  1.32827691e+00]
Best fitness in last gen:
4.528882226255172e-06

Best in all:
[ 2.17769449e-02 -5.35407368e-02 -4.22341413e-02 -4.70119110e-02
  5.48083242e-02 -7.18944314e-03 -3.28473930e-02 -2.85930061e-02
 -1.89426081e-02  8.24866430e-03 -3.61398371e-02  3.95044921e-02
  4.24164729e-02  1.55210524e-02 -2.39680582e-02  3.72591112e-02
 -1.17401730e-02 -1.53942161e-02 -2.81366504e-02 -3.53166262e-03
  5.68102141e-03 -1.02695412e-01  2.64007917e-02 -1.49732467e-03
 -1.93291405e-02 -5.90956849e-02 -9.65269868e-03 -4.52043091e-02
  5.16740779e-02 -1.26530272e-03  4.84836382e-02 -3.42648180e-02
  2.89644818e-02 -2.73251198e-02  2.50369758e-02 -2.54686112e-02
  3.07554637e-02 -1.88405154e-02  1.28757037e-02 -3.09204192e-02
 -1.94037781e-03  4.95646176e-03  3.29320161e-02  6.35673200e-03
 -2.40948801e-02 -1.29168719e-01 -4.96993966e-02 -1.97751752e-02
  1.00399720e+00  7.98821588e-02  8.55476082e-01  1.32827691e+00]
Best fitness in all:
4.528882226255172e-06

Initial parameters
population size = 10
number of generations = 10000
Real number of generations = 10000
elitism = 2
crossover_rate = 0.95
mutation rate = 0.007
mutation range = 0.1
order = 3
gene ranges = ((-0.1, 0.1), (0.98, 1.02), (-2, 2), (0.65, 1.05), (1.2, 1.6))
