Best in last gen:
[ 1.15133553e-02 -1.26482374e-02  1.37658054e-02 -1.71630198e-02
 -1.01799647e-02  4.14679168e-02 -7.31259380e-03 -2.26608353e-02
 -6.65748389e-03 -7.56975108e-03 -8.17609882e-03  2.90420125e-03
 -6.94857773e-03 -2.32742636e-03  2.16795672e-02  4.76527078e-02
 -1.11456390e-02  2.10400077e-02  1.21672164e-03 -1.24694187e-02
 -2.65518072e-02 -4.31142485e-03  2.34175677e-02  4.00338788e-02
  7.53190065e-03 -1.59619304e-02 -4.78449178e-03  1.55891031e-02
 -6.28930712e-05  6.22484709e-03  1.72702944e-02  9.55335056e-03
  1.07622845e-02 -3.75197855e-03 -3.18524506e-02 -2.52908226e-02
  3.41551136e-02 -6.13772091e-03 -2.36767982e-03 -7.90352358e-02
 -1.12704913e-02 -2.23055464e-02  7.41210647e-04  3.60850174e-03
 -6.65502332e-04 -5.63812621e-03  1.89583496e-02 -3.26741723e-02
  9.91485049e-01  5.23356068e-07  5.69537605e-01  7.31926082e-01]
Best fitness in last gen:
1.2425764244735964e-06
GA calculation time:
583.4089143276215

Initial parameters
population size = 200
number of generations = 1000
Real number of generations = 1000
elitism = 2
crossover_rate = 0.95
mutation rate = 0.01
mutation range = [4.e-02 4.e-02 4.e-02 4.e-02 4.e-02 4.e-02 4.e-02 4.e-02 4.e-02 4.e-02
 4.e-02 4.e-02 4.e-02 4.e-02 4.e-02 4.e-02 4.e-02 4.e-02 4.e-02 4.e-02
 4.e-02 4.e-02 4.e-02 4.e-02 4.e-02 4.e-02 4.e-02 4.e-02 4.e-02 4.e-02
 4.e-02 4.e-02 4.e-02 4.e-02 4.e-02 4.e-02 4.e-02 4.e-02 4.e-02 4.e-02
 4.e-02 4.e-02 4.e-02 4.e-02 4.e-02 4.e-02 4.e-02 4.e-02 2.e-02 1.e-06
 2.e-02 2.e-02]
order = 3
gene ranges = [(-0.1, 0.1), (-0.1, 0.1), (-0.1, 0.1), (-0.1, 0.1), (-0.1, 0.1), (-0.1, 0.1), (-0.1, 0.1), (-0.1, 0.1), (-0.1, 0.1), (-0.1, 0.1), (-0.1, 0.1), (-0.1, 0.1), (-0.1, 0.1), (-0.1, 0.1), (-0.1, 0.1), (-0.1, 0.1), (-0.1, 0.1), (-0.1, 0.1), (-0.1, 0.1), (-0.1, 0.1), (-0.1, 0.1), (-0.1, 0.1), (-0.1, 0.1), (-0.1, 0.1), (-0.1, 0.1), (-0.1, 0.1), (-0.1, 0.1), (-0.1, 0.1), (-0.1, 0.1), (-0.1, 0.1), (-0.1, 0.1), (-0.1, 0.1), (-0.1, 0.1), (-0.1, 0.1), (-0.1, 0.1), (-0.1, 0.1), (-0.1, 0.1), (-0.1, 0.1), (-0.1, 0.1), (-0.1, 0.1), (-0.1, 0.1), (-0.1, 0.1), (-0.1, 0.1), (-0.1, 0.1), (-0.1, 0.1), (-0.1, 0.1), (-0.1, 0.1), (-0.1, 0.1), (0.98, 1.02), (-1e-05, 1e-05), (0.55, 0.59), (0.71, 0.75)]
