Best in last gen:
[-2.57361727e-02  8.67254079e-03 -1.24281931e-02  1.85924279e-03
  2.46918217e-02 -5.78906257e-02 -1.64523541e-02  1.98142783e-02
  3.15153795e-02  3.65899111e-02 -1.15819629e-02 -3.48215180e-03
 -5.20917451e-02  1.15976630e-02  5.36360947e-02 -1.97235948e-02
  5.00502482e-02 -6.10131483e-02 -1.30959233e-05 -5.87110205e-02
 -2.15744966e-02 -2.33202886e-02  3.18540889e-02  1.07711038e-03
 -3.63280182e-03 -1.35186077e-02 -5.57385357e-03  7.20747986e-03
  2.31153980e-02 -7.55672191e-02 -3.51081828e-02  2.24921114e-02
 -1.13926906e-03 -2.71028472e-02 -5.27225459e-03  5.26377006e-02
 -1.72380147e-02 -3.38296951e-03 -4.11370145e-02 -1.84712525e-02
  8.79499226e-03 -2.76154415e-02 -4.52752603e-03  5.36401868e-02
 -1.26235339e-02  2.37709644e-03 -9.89151531e-03 -2.45218854e-02
  9.99496510e-01 -1.49182364e-06  3.40921581e-01  2.23823670e-01]
Best fitness in last gen:
1.8240452422275033e-05
GA calculation time:
5800.733494281769

Initial parameters
population size = 250
number of generations = 20000
Real number of generations = 20000
elitism = 2
crossover_rate = 0.95
mutation rate = 0.01
mutation range = [4.e-02 4.e-02 4.e-02 4.e-02 4.e-02 4.e-02 4.e-02 4.e-02 4.e-02 4.e-02
 4.e-02 4.e-02 4.e-02 4.e-02 4.e-02 4.e-02 4.e-02 4.e-02 4.e-02 4.e-02
 4.e-02 4.e-02 4.e-02 4.e-02 4.e-02 4.e-02 4.e-02 4.e-02 4.e-02 4.e-02
 4.e-02 4.e-02 4.e-02 4.e-02 4.e-02 4.e-02 4.e-02 4.e-02 4.e-02 4.e-02
 4.e-02 4.e-02 4.e-02 4.e-02 4.e-02 4.e-02 4.e-02 4.e-02 2.e-02 1.e-06
 2.e-02 2.e-02]
order = 3
gene ranges = [(-0.04, 0.04), (-0.04, 0.04), (-0.04, 0.04), (-0.04, 0.04), (-0.04, 0.04), (-0.04, 0.04), (-0.04, 0.04), (-0.04, 0.04), (-0.04, 0.04), (-0.04, 0.04), (-0.04, 0.04), (-0.04, 0.04), (-0.04, 0.04), (-0.04, 0.04), (-0.04, 0.04), (-0.04, 0.04), (-0.04, 0.04), (-0.04, 0.04), (-0.04, 0.04), (-0.04, 0.04), (-0.04, 0.04), (-0.04, 0.04), (-0.04, 0.04), (-0.04, 0.04), (-0.04, 0.04), (-0.04, 0.04), (-0.04, 0.04), (-0.04, 0.04), (-0.04, 0.04), (-0.04, 0.04), (-0.04, 0.04), (-0.04, 0.04), (-0.04, 0.04), (-0.04, 0.04), (-0.04, 0.04), (-0.04, 0.04), (-0.04, 0.04), (-0.04, 0.04), (-0.04, 0.04), (-0.04, 0.04), (-0.04, 0.04), (-0.04, 0.04), (-0.04, 0.04), (-0.04, 0.04), (-0.04, 0.04), (-0.04, 0.04), (-0.04, 0.04), (-0.04, 0.04), (0.98, 1.02), (-1e-05, 1e-05), (0.33, 0.37), (0.21, 0.25)]
