Best in last gen:
[ 9.88753017e-02 -4.49393366e-03  3.29373744e-02 -1.46914298e-02
 -6.70737385e-02  4.00211287e-02  5.36821795e-02 -9.69112402e-03
 -5.09800900e-03  5.06219351e-02  2.94453790e-02  7.29467814e-03
 -6.01788808e-03  1.93314472e-02 -3.69647353e-03  3.43475284e-02
  4.66285826e-03 -7.19069876e-03  2.32752457e-02 -1.55456399e-03
 -7.92009574e-03 -6.51152269e-02 -8.14006108e-03 -6.38076744e-03
 -3.08362572e-02 -4.22265277e-02 -1.79570352e-02 -3.03277523e-03
 -4.11901353e-02  2.58790834e-02 -4.60803385e-03  3.12260760e-03
  2.02199616e-02 -5.66853985e-02 -3.95378849e-03 -1.65678362e-02
  1.11471003e-02 -1.93843339e-03 -2.42799326e-03 -7.12522289e-03
 -7.42067892e-03  2.74227115e-03 -8.13794328e-02 -6.04560588e-02
  1.50465703e-02  7.80815603e-03 -2.27919000e-03  1.26941913e-02
  1.00220477e+00 -2.92230506e-06  1.10287250e+00  7.72455860e-01]
Best fitness in last gen:
1.2920903903786974e-05
GA calculation time:
5404.09929394722

Initial parameters
population size = 300
number of generations = 20000
Real number of generations = 20000
elitism = 2
crossover_rate = 0.95
mutation rate = 0.01
mutation range = [4.e-02 4.e-02 4.e-02 4.e-02 4.e-02 4.e-02 4.e-02 4.e-02 4.e-02 4.e-02
 4.e-02 4.e-02 4.e-02 4.e-02 4.e-02 4.e-02 4.e-02 4.e-02 4.e-02 4.e-02
 4.e-02 4.e-02 4.e-02 4.e-02 4.e-02 4.e-02 4.e-02 4.e-02 4.e-02 4.e-02
 4.e-02 4.e-02 4.e-02 4.e-02 4.e-02 4.e-02 4.e-02 4.e-02 4.e-02 4.e-02
 4.e-02 4.e-02 4.e-02 4.e-02 4.e-02 4.e-02 4.e-02 4.e-02 2.e-02 1.e-06
 2.e-02 2.e-02]
order = 3
gene ranges = [(-0.05, 0.05), (-0.05, 0.05), (-0.05, 0.05), (-0.05, 0.05), (-0.05, 0.05), (-0.05, 0.05), (-0.05, 0.05), (-0.05, 0.05), (-0.05, 0.05), (-0.05, 0.05), (-0.05, 0.05), (-0.05, 0.05), (-0.05, 0.05), (-0.05, 0.05), (-0.05, 0.05), (-0.05, 0.05), (-0.05, 0.05), (-0.05, 0.05), (-0.05, 0.05), (-0.05, 0.05), (-0.05, 0.05), (-0.05, 0.05), (-0.05, 0.05), (-0.05, 0.05), (-0.05, 0.05), (-0.05, 0.05), (-0.05, 0.05), (-0.05, 0.05), (-0.05, 0.05), (-0.05, 0.05), (-0.05, 0.05), (-0.05, 0.05), (-0.05, 0.05), (-0.05, 0.05), (-0.05, 0.05), (-0.05, 0.05), (-0.05, 0.05), (-0.05, 0.05), (-0.05, 0.05), (-0.05, 0.05), (-0.05, 0.05), (-0.05, 0.05), (-0.05, 0.05), (-0.05, 0.05), (-0.05, 0.05), (-0.05, 0.05), (-0.05, 0.05), (-0.05, 0.05), (0.98, 1.02), (-1e-05, 1e-05), (1.05, 1.15), (0.72, 0.82)]
