Best in last gen:
[-1.42470503e-02  3.62754835e-02  4.81383541e-02 -5.86988360e-02
  2.50406018e-02  4.63889310e-02  9.51492671e-02  3.67140774e-03
  3.97447120e-02 -3.39925460e-02  6.59203471e-02 -4.09448145e-03
  1.74110348e-02 -3.59234289e-02  5.84865053e-02 -4.48101583e-04
 -2.92351804e-02  1.69421579e-02 -3.62151740e-02 -1.79719245e-02
  1.56481214e-02 -1.14049306e-02 -8.05623837e-02 -1.57760941e-02
 -5.97861310e-03  1.95076972e-02  4.72187414e-03  5.86035093e-04
  9.36874501e-02 -6.36985278e-02  1.38997574e-03 -1.57465394e-02
  8.84861247e-03  1.52526837e-02 -6.07488169e-03 -2.80119191e-02
 -3.80850202e-02  7.83397372e-04 -9.90943351e-03 -1.71087093e-02
  3.31419100e-02 -7.44749551e-03  9.89203257e-03 -5.39176035e-02
 -3.56384399e-02  9.35122736e-02  7.19853447e-03  1.65813165e-02
  1.00533600e+00 -1.15500585e-01  6.12351143e-01  1.24294817e+00]
Best fitness in last gen:
1.4746310352993942e-06

Best in all:
[-1.42470503e-02  3.62754835e-02  4.81383541e-02 -5.86988360e-02
  2.50406018e-02  4.63889310e-02  9.51492671e-02  3.67140774e-03
  3.97447120e-02 -3.39925460e-02  6.59203471e-02 -4.09448145e-03
  1.74110348e-02 -3.59234289e-02  5.84865053e-02 -4.48101583e-04
 -2.92351804e-02  1.69421579e-02 -3.62151740e-02 -1.79719245e-02
  1.56481214e-02 -1.14049306e-02 -8.05623837e-02 -1.57760941e-02
 -5.97861310e-03  1.95076972e-02  4.72187414e-03  5.86035093e-04
  9.36874501e-02 -6.36985278e-02  1.38997574e-03 -1.57465394e-02
  8.84861247e-03  1.52526837e-02 -6.07488169e-03 -2.80119191e-02
 -3.80850202e-02  7.83397372e-04 -9.90943351e-03 -1.71087093e-02
  3.31419100e-02 -7.44749551e-03  9.89203257e-03 -5.39176035e-02
 -3.56384399e-02  9.35122736e-02  7.19853447e-03  1.65813165e-02
  1.00533600e+00 -1.15500585e-01  6.12351143e-01  1.24294817e+00]
Best fitness in all:
1.4746310352993942e-06
GA calculation time:
58.65091800689697

Initial parameters
population size = 15
number of generations = 1000
Real number of generations = 1000
elitism = 2
crossover_rate = 0.95
mutation rate = 0.007
mutation range = 0.1
order = 3
gene ranges = ((-0.1, 0.1), (0.98, 1.02), (-2, 2), (0.55, 0.65), (1.2, 1.3))
