Best in last gen:
[ 0.05947952  0.05222622  0.01165191  0.06785373 -0.08711698  0.00346774
  0.09875068  0.05284967  0.09039107  0.07853352  0.01384849 -0.01557334
  0.00687155 -0.01829857 -0.02752999 -0.0465698  -0.02911682 -0.00856786
  0.02033861 -0.02025525 -0.00738043 -0.02609996  0.01089993 -0.06095835
 -0.04612678  0.00971108  0.02603972  0.11093939  0.04889532  0.01715256
  0.01165554  0.00520449  0.08165471 -0.03362058  0.07927963  0.01678561
 -0.01189312 -0.02645883 -0.02049198  0.01511008  0.0065321  -0.01807861
 -0.08576499 -0.07781807 -0.02351186  0.1169465   0.02736413  0.04540896
  0.9481508   1.00015963  0.6954257   1.19413209]
Best fitness in last gen:
2.1034638405229846e-05
GA calculation time:
17060.70104765892

Initial parameters
population size = 500
number of generations = 30000
Real number of generations = 30000
elitism = 2
crossover_rate = 0.95
mutation rate = 0.01
mutation range = [0.1  0.1  0.1  0.1  0.1  0.1  0.1  0.1  0.1  0.1  0.1  0.1  0.1  0.1
 0.1  0.1  0.1  0.1  0.1  0.1  0.1  0.1  0.1  0.1  0.1  0.1  0.1  0.1
 0.1  0.1  0.1  0.1  0.1  0.1  0.1  0.1  0.1  0.1  0.1  0.1  0.1  0.1
 0.1  0.1  0.1  0.1  0.1  0.1  0.2  0.02 0.01 0.01]
order = 3
gene ranges = [(-0.1, 0.1), (-0.1, 0.1), (-0.1, 0.1), (-0.1, 0.1), (-0.1, 0.1), (-0.1, 0.1), (-0.1, 0.1), (-0.1, 0.1), (-0.1, 0.1), (-0.1, 0.1), (-0.1, 0.1), (-0.1, 0.1), (-0.1, 0.1), (-0.1, 0.1), (-0.1, 0.1), (-0.1, 0.1), (-0.1, 0.1), (-0.1, 0.1), (-0.1, 0.1), (-0.1, 0.1), (-0.1, 0.1), (-0.1, 0.1), (-0.1, 0.1), (-0.1, 0.1), (-0.1, 0.1), (-0.1, 0.1), (-0.1, 0.1), (-0.1, 0.1), (-0.1, 0.1), (-0.1, 0.1), (-0.1, 0.1), (-0.1, 0.1), (-0.1, 0.1), (-0.1, 0.1), (-0.1, 0.1), (-0.1, 0.1), (-0.1, 0.1), (-0.1, 0.1), (-0.1, 0.1), (-0.1, 0.1), (-0.1, 0.1), (-0.1, 0.1), (-0.1, 0.1), (-0.1, 0.1), (-0.1, 0.1), (-0.1, 0.1), (-0.1, 0.1), (-0.1, 0.1), (-0.2, 0.2), (0.98, 1.02), (0.69, 0.71), (1.16, 1.18)]