Best in last gen:
[ 0.0119892  -0.02252049 -0.01224687  0.00416349 -0.09152913  0.06156211
 -0.03006656  0.01213728 -0.03293613 -0.0225961  -0.06494167  0.01855924
 -0.0234449  -0.01845529 -0.04354275  0.02191289 -0.05378283  0.00591906
 -0.00688476 -0.02382472  0.00644175 -0.00847402  0.00261349 -0.05360383
  0.1031231   0.03226726  0.09775891  0.0222098   0.10304245 -0.03515026
 -0.04381793 -0.00595381  0.03292754  0.03850384 -0.00987324  0.03296352
 -0.02138924 -0.00210407  0.01568504 -0.00910699  0.01843098 -0.04901281
 -0.05066622  0.04741398  0.00332169 -0.01064601  0.00717465  0.01452843
  0.98668008  1.82514463  0.59102     1.23707325]
Best fitness in last gen:
0.00010596752969440867

Best in all:
[ 0.0119892  -0.02252049 -0.01224687  0.00416349 -0.09152913  0.06156211
 -0.03006656  0.01213728 -0.03293613 -0.0225961  -0.06494167  0.01855924
 -0.0234449  -0.01845529 -0.04354275  0.02191289 -0.05378283  0.00591906
 -0.00688476 -0.02382472  0.00644175 -0.00847402  0.00261349 -0.05360383
  0.1031231   0.03226726  0.09775891  0.0222098   0.10304245 -0.03515026
 -0.04381793 -0.00595381  0.03292754  0.03850384 -0.00987324  0.03296352
 -0.02138924 -0.00210407  0.01568504 -0.00910699  0.01843098 -0.04901281
 -0.05066622  0.04741398  0.00332169 -0.01064601  0.00717465  0.01452843
  0.98668008  1.82514463  0.59102     1.23707325]
Best fitness in all:
0.00010596752969440867
GA calculation time:
9068.459399938583

Initial parameters
population size = 500
number of generations = 20000
Real number of generations = 20000
elitism = 2
crossover_rate = 0.95
mutation rate = 0.02
mutation range = [0.1  0.1  0.1  0.1  0.1  0.1  0.1  0.1  0.1  0.1  0.1  0.1  0.1  0.1
 0.1  0.1  0.1  0.1  0.1  0.1  0.1  0.1  0.1  0.1  0.1  0.1  0.1  0.1
 0.1  0.1  0.1  0.1  0.1  0.1  0.1  0.1  0.1  0.1  0.1  0.1  0.1  0.1
 0.1  0.1  0.1  0.1  0.1  0.1  0.04 3.6  0.1  0.1 ]
order = 3
gene ranges = ((-0.05, 0.05), (0.98, 1.02), (-0.8, 0.8), (0.55, 0.65), (1.2, 1.3))
