Best in last gen:
[ 4.34120174e-02  1.13933224e-02  3.29696029e-02  1.72265255e-02
 -1.39884472e-02  4.79069518e-02 -2.19311208e-03  1.02400612e-02
 -5.17581474e-05 -6.76156699e-02  6.59940645e-02  2.42497905e-02
  2.94771192e-02  8.65260837e-03  4.45454848e-02  3.88341478e-02
 -1.44220277e-02  1.56382889e-04 -1.20043522e-02  3.94336476e-03
 -1.92065746e-03 -3.85851773e-03 -1.88345557e-02 -3.73884706e-02
 -2.23739512e-03  1.91034792e-02 -1.87477356e-02  1.48744157e-02
 -5.74709141e-03 -1.00484012e-02  8.09015024e-03  2.66927070e-03
 -2.58591217e-02 -1.29992874e-02 -7.47920720e-02  1.49752665e-03
  3.68507198e-02 -4.49162923e-02  1.97862971e-02 -5.28720658e-02
 -2.61037184e-02  1.93184213e-02 -6.23227476e-03 -2.80422902e-02
 -8.54368406e-03  1.70833323e-02 -3.46047040e-02  5.35961209e-02
  9.97737856e-01  4.97208615e-07  5.85269158e-01  3.24957607e-01]
Best fitness in last gen:
2.054779763039315e-05
GA calculation time:
8264.058454036713

Initial parameters
population size = 300
number of generations = 20000
Real number of generations = 20000
elitism = 2
crossover_rate = 0.95
mutation rate = 0.01
mutation range = [4.e-02 4.e-02 4.e-02 4.e-02 4.e-02 4.e-02 4.e-02 4.e-02 4.e-02 4.e-02
 4.e-02 4.e-02 4.e-02 4.e-02 4.e-02 4.e-02 4.e-02 4.e-02 4.e-02 4.e-02
 4.e-02 4.e-02 4.e-02 4.e-02 4.e-02 4.e-02 4.e-02 4.e-02 4.e-02 4.e-02
 4.e-02 4.e-02 4.e-02 4.e-02 4.e-02 4.e-02 4.e-02 4.e-02 4.e-02 4.e-02
 4.e-02 4.e-02 4.e-02 4.e-02 4.e-02 4.e-02 4.e-02 4.e-02 2.e-02 1.e-06
 2.e-02 2.e-02]
order = 3
gene ranges = [(-0.1, 0.1), (-0.1, 0.1), (-0.1, 0.1), (-0.1, 0.1), (-0.1, 0.1), (-0.1, 0.1), (-0.1, 0.1), (-0.1, 0.1), (-0.1, 0.1), (-0.1, 0.1), (-0.1, 0.1), (-0.1, 0.1), (-0.1, 0.1), (-0.1, 0.1), (-0.1, 0.1), (-0.1, 0.1), (-0.1, 0.1), (-0.1, 0.1), (-0.1, 0.1), (-0.1, 0.1), (-0.1, 0.1), (-0.1, 0.1), (-0.1, 0.1), (-0.1, 0.1), (-0.1, 0.1), (-0.1, 0.1), (-0.1, 0.1), (-0.1, 0.1), (-0.1, 0.1), (-0.1, 0.1), (-0.1, 0.1), (-0.1, 0.1), (-0.1, 0.1), (-0.1, 0.1), (-0.1, 0.1), (-0.1, 0.1), (-0.1, 0.1), (-0.1, 0.1), (-0.1, 0.1), (-0.1, 0.1), (-0.1, 0.1), (-0.1, 0.1), (-0.1, 0.1), (-0.1, 0.1), (-0.1, 0.1), (-0.1, 0.1), (-0.1, 0.1), (-0.1, 0.1), (0.98, 1.02), (-1e-05, 1e-05), (0.55, 0.65), (0.28, 0.38)]
