Best in last gen:
[ 3.34990843e-02 -1.78904734e-02 -5.80750840e-03  1.63161667e-02
  3.42183632e-02 -1.26112714e-02  5.32632450e-03 -3.05312400e-03
 -4.17600610e-03 -1.48996992e-03  3.89141076e-03 -1.11777386e-02
 -3.97992241e-02  2.34057577e-02 -9.18713426e-03  1.27444910e-02
  1.38170545e-02  5.25692770e-03 -3.16940383e-02  9.17900469e-03
 -8.50758115e-04 -1.64489206e-02  8.77893274e-03 -2.09701955e-03
  1.19883049e-02 -1.41379643e-02  4.37597004e-03  2.09291230e-02
  1.60797814e-02  4.11244001e-03 -1.57304026e-02  2.10641120e-02
 -4.09007968e-03  6.23254945e-03 -7.12141800e-03 -7.41914811e-03
  2.79585746e-02 -2.51606766e-03 -1.10782507e-02  8.49968474e-03
  7.86274834e-03  2.01633751e-03  1.56314948e-02 -8.34973654e-03
 -6.36179347e-03  2.09425224e-02  2.18655223e-03  1.09063433e-02
 -6.99306423e-04  1.54488489e-02  1.02620099e-02  2.98548018e-02
  2.45297259e-02  1.84297260e-04  2.57319276e-03  3.98462961e-03
 -3.65335335e-02  2.43790853e-02 -3.93232607e-02  2.48008640e-03
 -4.21854044e-03 -2.66020645e-02 -1.98947797e-02 -4.22043946e-03
  8.64932452e-03 -1.22926773e-02  2.82789219e-03 -2.19278107e-02
 -2.10609269e-02  3.32380667e-03 -1.44204452e-03  1.19781253e-02
 -5.17768243e-03  8.87963885e-03 -1.72692352e-02 -8.28849144e-03
 -1.47627858e-03 -6.38778212e-04  4.59355659e-02 -4.73877307e-02
  2.11619333e-02 -1.55114637e-03  5.60576429e-03 -5.09291164e-02
  7.48301414e-03  1.48270706e-02 -2.16581284e-02  7.29634834e-03
  2.80483059e-02 -2.50654944e-02 -2.36744908e-02 -1.05209210e-02
  1.17985010e-02 -2.32584202e-02  8.84316852e-03 -1.31780581e-03
 -1.08786092e-02  3.72156463e-03 -1.23593433e-02  2.05457231e-02
  9.05379611e-03 -2.50889090e-02 -2.43213288e-02  1.83717013e-02
  2.27143265e-02  1.17994073e-02 -3.65824528e-02 -3.23461714e-03
  1.60472058e-02 -1.39897242e-02 -2.23411138e-02  4.50653082e-03
  1.83055286e-02 -1.15265610e-02  1.29297036e-02 -1.69104401e-02
  2.64228962e-02  9.24390081e-04 -1.00199158e-02  2.18418279e-02
  1.02345467e+00  2.85560346e-06  3.92817108e-01  1.61445922e-01]
Best fitness in last gen:
4.537287845775695e-06
GA calculation time:
17469.400223970413

Initial parameters
population size = 500
number of generations = 10000
Real number of generations = 10000
elitism = 2
crossover_rate = 0.95
mutation rate = 0.01
mutation range = [3.e-02 3.e-02 3.e-02 3.e-02 3.e-02 3.e-02 3.e-02 3.e-02 3.e-02 3.e-02
 3.e-02 3.e-02 3.e-02 3.e-02 3.e-02 3.e-02 3.e-02 3.e-02 3.e-02 3.e-02
 3.e-02 3.e-02 3.e-02 3.e-02 3.e-02 3.e-02 3.e-02 3.e-02 3.e-02 3.e-02
 3.e-02 3.e-02 3.e-02 3.e-02 3.e-02 3.e-02 3.e-02 3.e-02 3.e-02 3.e-02
 3.e-02 3.e-02 3.e-02 3.e-02 3.e-02 3.e-02 3.e-02 3.e-02 3.e-02 3.e-02
 3.e-02 3.e-02 3.e-02 3.e-02 3.e-02 3.e-02 3.e-02 3.e-02 3.e-02 3.e-02
 3.e-02 3.e-02 3.e-02 3.e-02 3.e-02 3.e-02 3.e-02 3.e-02 3.e-02 3.e-02
 3.e-02 3.e-02 3.e-02 3.e-02 3.e-02 3.e-02 3.e-02 3.e-02 3.e-02 3.e-02
 3.e-02 3.e-02 3.e-02 3.e-02 3.e-02 3.e-02 3.e-02 3.e-02 3.e-02 3.e-02
 3.e-02 3.e-02 3.e-02 3.e-02 3.e-02 3.e-02 3.e-02 3.e-02 3.e-02 3.e-02
 3.e-02 3.e-02 3.e-02 3.e-02 3.e-02 3.e-02 3.e-02 3.e-02 3.e-02 3.e-02
 3.e-02 3.e-02 3.e-02 3.e-02 3.e-02 3.e-02 3.e-02 3.e-02 3.e-02 3.e-02
 2.e-02 1.e-06 3.e-02 3.e-02]
order = 5
gene ranges = [(-0.03, 0.03), (-0.03, 0.03), (-0.03, 0.03), (-0.03, 0.03), (-0.03, 0.03), (-0.03, 0.03), (-0.03, 0.03), (-0.03, 0.03), (-0.03, 0.03), (-0.03, 0.03), (-0.03, 0.03), (-0.03, 0.03), (-0.03, 0.03), (-0.03, 0.03), (-0.03, 0.03), (-0.03, 0.03), (-0.03, 0.03), (-0.03, 0.03), (-0.03, 0.03), (-0.03, 0.03), (-0.03, 0.03), (-0.03, 0.03), (-0.03, 0.03), (-0.03, 0.03), (-0.03, 0.03), (-0.03, 0.03), (-0.03, 0.03), (-0.03, 0.03), (-0.03, 0.03), (-0.03, 0.03), (-0.03, 0.03), (-0.03, 0.03), (-0.03, 0.03), (-0.03, 0.03), (-0.03, 0.03), (-0.03, 0.03), (-0.03, 0.03), (-0.03, 0.03), (-0.03, 0.03), (-0.03, 0.03), (-0.03, 0.03), (-0.03, 0.03), (-0.03, 0.03), (-0.03, 0.03), (-0.03, 0.03), (-0.03, 0.03), (-0.03, 0.03), (-0.03, 0.03), (-0.03, 0.03), (-0.03, 0.03), (-0.03, 0.03), (-0.03, 0.03), (-0.03, 0.03), (-0.03, 0.03), (-0.03, 0.03), (-0.03, 0.03), (-0.03, 0.03), (-0.03, 0.03), (-0.03, 0.03), (-0.03, 0.03), (-0.03, 0.03), (-0.03, 0.03), (-0.03, 0.03), (-0.03, 0.03), (-0.03, 0.03), (-0.03, 0.03), (-0.03, 0.03), (-0.03, 0.03), (-0.03, 0.03), (-0.03, 0.03), (-0.03, 0.03), (-0.03, 0.03), (-0.03, 0.03), (-0.03, 0.03), (-0.03, 0.03), (-0.03, 0.03), (-0.03, 0.03), (-0.03, 0.03), (-0.03, 0.03), (-0.03, 0.03), (-0.03, 0.03), (-0.03, 0.03), (-0.03, 0.03), (-0.03, 0.03), (-0.03, 0.03), (-0.03, 0.03), (-0.03, 0.03), (-0.03, 0.03), (-0.03, 0.03), (-0.03, 0.03), (-0.03, 0.03), (-0.03, 0.03), (-0.03, 0.03), (-0.03, 0.03), (-0.03, 0.03), (-0.03, 0.03), (-0.03, 0.03), (-0.03, 0.03), (-0.03, 0.03), (-0.03, 0.03), (-0.03, 0.03), (-0.03, 0.03), (-0.03, 0.03), (-0.03, 0.03), (-0.03, 0.03), (-0.03, 0.03), (-0.03, 0.03), (-0.03, 0.03), (-0.03, 0.03), (-0.03, 0.03), (-0.03, 0.03), (-0.03, 0.03), (-0.03, 0.03), (-0.03, 0.03), (-0.03, 0.03), (-0.03, 0.03), (-0.03, 0.03), (-0.03, 0.03), (-0.03, 0.03), (-0.03, 0.03), (0.98, 1.02), (-1e-05, 1e-05), (0.36, 0.42), (0.16, 0.22)]