Best in last gen:
[ 4.66292810e-02 -5.86211160e-03 -1.09291565e-03 -1.10052747e-02
 -4.36960587e-02  2.56178655e-02  3.06150499e-03  2.61051640e-02
 -6.24454406e-02 -8.26442412e-03 -7.39451894e-03 -2.06131055e-02
 -1.58683774e-02 -9.66240426e-03  2.63249784e-02  3.15595690e-02
  2.71723992e-02 -2.69637878e-03 -1.91674375e-02 -3.57848682e-02
 -5.41655075e-02 -3.35833473e-03 -5.07596879e-02 -2.87085072e-03
 -3.10665559e-02  1.44486789e-02  1.81402265e-02 -6.09182478e-03
 -1.21628016e-02 -2.78655812e-02  3.34678026e-02  1.35948385e-02
 -2.11473203e-02 -1.21622927e-02 -2.93239580e-02  5.37011867e-04
  7.93448687e-03  2.72007147e-02 -4.71067055e-03  7.36340422e-03
  2.95066687e-02  2.51716090e-03 -1.80032652e-02 -4.41356796e-03
 -4.76471200e-03  2.45967065e-02 -6.61566049e-03 -3.27457041e-02
  6.06875065e-03 -4.25353540e-03  1.36462894e-02 -2.20378213e-02
 -2.11162562e-02  4.46213884e-02  2.97182834e-02  1.50629107e-02
 -2.47465879e-02 -4.75837589e-02  2.14428196e-02 -1.58604839e-02
  1.02701475e-02  1.60614483e-02  4.97992729e-03 -2.93937753e-02
  1.99724118e-04 -1.53891080e-02  1.78869554e-02  1.79213273e-02
 -8.83237134e-03 -2.58890339e-02 -4.31430321e-04 -2.42197195e-02
  2.07286750e-02  8.00711420e-03 -1.77312481e-03 -2.07404890e-02
  8.93572802e-03  1.21509183e-02 -5.28093412e-03  1.80366525e-03
  3.97558122e-02  3.20258004e-02  1.06393884e-02 -9.99836640e-03
 -2.46613459e-02 -6.07498891e-03 -1.17581305e-02  8.56015322e-03
 -1.62836711e-02 -2.33662811e-02 -1.02815792e-02 -1.80349645e-02
  2.87055839e-02 -1.09663180e-02 -1.87916458e-02  1.63915231e-02
  3.91861257e-03  4.87379258e-02 -1.83357883e-02 -1.36719248e-02
  1.99144232e-02  1.15548035e-02  3.26287332e-02  1.64414823e-02
 -1.39860750e-02 -3.45673183e-03 -1.97621620e-02  2.05885879e-02
 -1.05155450e-02  1.92961622e-02  2.35135634e-02  3.16864605e-02
  8.29530800e-04  9.54887409e-03 -4.74499980e-03  1.95288715e-02
  1.10460226e-03 -1.20180230e-02 -2.82855552e-02  1.30475112e-02
  9.98456675e-01 -9.28452925e-01  6.23843177e-01  1.26805735e+00]
Best fitness in last gen:
3.191156848064651e-05

Best in all:
[ 4.66292810e-02 -5.86211160e-03 -1.09291565e-03 -1.10052747e-02
 -4.36960587e-02  2.56178655e-02  3.06150499e-03  2.61051640e-02
 -6.24454406e-02 -8.26442412e-03 -7.39451894e-03 -2.06131055e-02
 -1.58683774e-02 -9.66240426e-03  2.63249784e-02  3.15595690e-02
  2.71723992e-02 -2.69637878e-03 -1.91674375e-02 -3.57848682e-02
 -5.41655075e-02 -3.35833473e-03 -5.07596879e-02 -2.87085072e-03
 -3.10665559e-02  1.44486789e-02  1.81402265e-02 -6.09182478e-03
 -1.21628016e-02 -2.78655812e-02  3.34678026e-02  1.35948385e-02
 -2.11473203e-02 -1.21622927e-02 -2.93239580e-02  5.37011867e-04
  7.93448687e-03  2.72007147e-02 -4.71067055e-03  7.36340422e-03
  2.95066687e-02  2.51716090e-03 -1.80032652e-02 -4.41356796e-03
 -4.76471200e-03  2.45967065e-02 -6.61566049e-03 -3.27457041e-02
  6.06875065e-03 -4.25353540e-03  1.36462894e-02 -2.20378213e-02
 -2.11162562e-02  4.46213884e-02  2.97182834e-02  1.50629107e-02
 -2.47465879e-02 -4.75837589e-02  2.14428196e-02 -1.58604839e-02
  1.02701475e-02  1.60614483e-02  4.97992729e-03 -2.93937753e-02
  1.99724118e-04 -1.53891080e-02  1.78869554e-02  1.79213273e-02
 -8.83237134e-03 -2.58890339e-02 -4.31430321e-04 -2.42197195e-02
  2.07286750e-02  8.00711420e-03 -1.77312481e-03 -2.07404890e-02
  8.93572802e-03  1.21509183e-02 -5.28093412e-03  1.80366525e-03
  3.97558122e-02  3.20258004e-02  1.06393884e-02 -9.99836640e-03
 -2.46613459e-02 -6.07498891e-03 -1.17581305e-02  8.56015322e-03
 -1.62836711e-02 -2.33662811e-02 -1.02815792e-02 -1.80349645e-02
  2.87055839e-02 -1.09663180e-02 -1.87916458e-02  1.63915231e-02
  3.91861257e-03  4.87379258e-02 -1.83357883e-02 -1.36719248e-02
  1.99144232e-02  1.15548035e-02  3.26287332e-02  1.64414823e-02
 -1.39860750e-02 -3.45673183e-03 -1.97621620e-02  2.05885879e-02
 -1.05155450e-02  1.92961622e-02  2.35135634e-02  3.16864605e-02
  8.29530800e-04  9.54887409e-03 -4.74499980e-03  1.95288715e-02
  1.10460226e-03 -1.20180230e-02 -2.82855552e-02  1.30475112e-02
  9.98456675e-01 -9.28452925e-01  6.23843177e-01  1.26805735e+00]
Best fitness in all:
3.191156848064651e-05
GA calculation time:
852.8078248500824

Initial parameters
population size = 500
number of generations = 1000
Real number of generations = 1000
elitism = 2
crossover_rate = 0.95
mutation rate = 0.007
mutation range = 0.1
order = 5
gene ranges = ((-0.05, 0.05), (0.98, 1.02), (-2, 2), (0.55, 0.65), (1.2, 1.3))
