Best in last gen:
[ 7.72511088e-04  4.27170703e-03  1.39647912e-02 -7.06133339e-03
  1.96044383e-02  1.65721945e-02 -1.30247443e-02  9.15182841e-03
  1.20690456e-02 -7.54403381e-03  2.41257801e-03 -1.77121279e-02
  3.42008034e-02 -7.01939904e-03 -1.48645796e-02 -4.18231784e-03
  6.21248976e-03 -8.50880358e-03  2.26375737e-02  4.11880408e-03
 -8.18053328e-03 -1.10670837e-02 -1.18654158e-03  1.21311918e-02
  1.08933472e-02 -2.34429644e-02  4.59600520e-03  1.11245296e-02
  2.48418315e-03 -6.71347593e-04  4.99229639e-02 -1.42022854e-02
  2.93412564e-02  1.53301331e-02  5.76260740e-03  1.50397758e-02
  2.32225780e-02  1.26981122e-02 -1.15389832e-02  9.34264636e-03
  1.69092604e-02  1.14698134e-02  1.11699754e-02  1.71308042e-02
  8.63521348e-03 -1.01432306e-02  8.47408525e-03 -2.36088569e-02
 -5.05920827e-05  1.37507053e-02  1.21325482e-02 -1.30697098e-03
  8.19090206e-03  3.51887343e-03 -1.31690198e-02  1.70097170e-03
 -3.98768324e-03 -2.10160712e-02  1.72885745e-03  2.06067023e-03
  9.99677158e-03  7.15449634e-03 -2.18638653e-02 -1.45040032e-02
 -4.46794850e-02 -8.23298022e-03  7.58516191e-03  1.18247808e-02
  3.39029066e-03  3.81967516e-03 -2.26037719e-02 -1.95950660e-02
  2.58173361e-02  7.72005743e-03  7.91235678e-03  2.18719362e-02
 -3.97729919e-02 -5.00315449e-02  4.69122598e-03 -2.28115101e-03
  2.25369044e-02  2.73909160e-02 -2.73350891e-02 -2.24070450e-03
  9.54809288e-03 -8.05634794e-03  6.53642806e-03 -2.69167303e-02
  2.88600437e-03  9.46388324e-03 -1.64666292e-02  2.67377789e-03
 -1.66189302e-02  1.30385643e-02 -5.47201129e-03  3.74559807e-02
  1.26694023e-02 -8.02926350e-03 -1.62296881e-03 -6.13015850e-03
  1.82853937e-02  8.88882043e-04  1.98201396e-02 -3.19221341e-03
  3.21054392e-03 -9.05044843e-04  1.03433627e-02 -8.43025792e-03
 -3.76805298e-05 -7.99836614e-03 -9.91213982e-03 -8.83101161e-03
  4.81536699e-03 -3.51916361e-02 -4.84402808e-02  5.61214947e-03
  1.05402745e-02 -3.50632696e-02  3.54862181e-02 -7.30307419e-03
  9.90138567e-01 -7.13636347e-07  5.93129560e-01  2.04176694e-01]
Best fitness in last gen:
6.639841834342182e-06
GA calculation time:
35388.88538789749

Initial parameters
population size = 500
number of generations = 20000
Real number of generations = 20000
elitism = 2
crossover_rate = 0.95
mutation rate = 0.01
mutation range = [3.e-02 3.e-02 3.e-02 3.e-02 3.e-02 3.e-02 3.e-02 3.e-02 3.e-02 3.e-02
 3.e-02 3.e-02 3.e-02 3.e-02 3.e-02 3.e-02 3.e-02 3.e-02 3.e-02 3.e-02
 3.e-02 3.e-02 3.e-02 3.e-02 3.e-02 3.e-02 3.e-02 3.e-02 3.e-02 3.e-02
 3.e-02 3.e-02 3.e-02 3.e-02 3.e-02 3.e-02 3.e-02 3.e-02 3.e-02 3.e-02
 3.e-02 3.e-02 3.e-02 3.e-02 3.e-02 3.e-02 3.e-02 3.e-02 3.e-02 3.e-02
 3.e-02 3.e-02 3.e-02 3.e-02 3.e-02 3.e-02 3.e-02 3.e-02 3.e-02 3.e-02
 3.e-02 3.e-02 3.e-02 3.e-02 3.e-02 3.e-02 3.e-02 3.e-02 3.e-02 3.e-02
 3.e-02 3.e-02 3.e-02 3.e-02 3.e-02 3.e-02 3.e-02 3.e-02 3.e-02 3.e-02
 3.e-02 3.e-02 3.e-02 3.e-02 3.e-02 3.e-02 3.e-02 3.e-02 3.e-02 3.e-02
 3.e-02 3.e-02 3.e-02 3.e-02 3.e-02 3.e-02 3.e-02 3.e-02 3.e-02 3.e-02
 3.e-02 3.e-02 3.e-02 3.e-02 3.e-02 3.e-02 3.e-02 3.e-02 3.e-02 3.e-02
 3.e-02 3.e-02 3.e-02 3.e-02 3.e-02 3.e-02 3.e-02 3.e-02 3.e-02 3.e-02
 2.e-02 1.e-06 3.e-02 3.e-02]
order = 5
gene ranges = [(-0.03, 0.03), (-0.03, 0.03), (-0.03, 0.03), (-0.03, 0.03), (-0.03, 0.03), (-0.03, 0.03), (-0.03, 0.03), (-0.03, 0.03), (-0.03, 0.03), (-0.03, 0.03), (-0.03, 0.03), (-0.03, 0.03), (-0.03, 0.03), (-0.03, 0.03), (-0.03, 0.03), (-0.03, 0.03), (-0.03, 0.03), (-0.03, 0.03), (-0.03, 0.03), (-0.03, 0.03), (-0.03, 0.03), (-0.03, 0.03), (-0.03, 0.03), (-0.03, 0.03), (-0.03, 0.03), (-0.03, 0.03), (-0.03, 0.03), (-0.03, 0.03), (-0.03, 0.03), (-0.03, 0.03), (-0.03, 0.03), (-0.03, 0.03), (-0.03, 0.03), (-0.03, 0.03), (-0.03, 0.03), (-0.03, 0.03), (-0.03, 0.03), (-0.03, 0.03), (-0.03, 0.03), (-0.03, 0.03), (-0.03, 0.03), (-0.03, 0.03), (-0.03, 0.03), (-0.03, 0.03), (-0.03, 0.03), (-0.03, 0.03), (-0.03, 0.03), (-0.03, 0.03), (-0.03, 0.03), (-0.03, 0.03), (-0.03, 0.03), (-0.03, 0.03), (-0.03, 0.03), (-0.03, 0.03), (-0.03, 0.03), (-0.03, 0.03), (-0.03, 0.03), (-0.03, 0.03), (-0.03, 0.03), (-0.03, 0.03), (-0.03, 0.03), (-0.03, 0.03), (-0.03, 0.03), (-0.03, 0.03), (-0.03, 0.03), (-0.03, 0.03), (-0.03, 0.03), (-0.03, 0.03), (-0.03, 0.03), (-0.03, 0.03), (-0.03, 0.03), (-0.03, 0.03), (-0.03, 0.03), (-0.03, 0.03), (-0.03, 0.03), (-0.03, 0.03), (-0.03, 0.03), (-0.03, 0.03), (-0.03, 0.03), (-0.03, 0.03), (-0.03, 0.03), (-0.03, 0.03), (-0.03, 0.03), (-0.03, 0.03), (-0.03, 0.03), (-0.03, 0.03), (-0.03, 0.03), (-0.03, 0.03), (-0.03, 0.03), (-0.03, 0.03), (-0.03, 0.03), (-0.03, 0.03), (-0.03, 0.03), (-0.03, 0.03), (-0.03, 0.03), (-0.03, 0.03), (-0.03, 0.03), (-0.03, 0.03), (-0.03, 0.03), (-0.03, 0.03), (-0.03, 0.03), (-0.03, 0.03), (-0.03, 0.03), (-0.03, 0.03), (-0.03, 0.03), (-0.03, 0.03), (-0.03, 0.03), (-0.03, 0.03), (-0.03, 0.03), (-0.03, 0.03), (-0.03, 0.03), (-0.03, 0.03), (-0.03, 0.03), (-0.03, 0.03), (-0.03, 0.03), (-0.03, 0.03), (-0.03, 0.03), (-0.03, 0.03), (-0.03, 0.03), (-0.03, 0.03), (0.98, 1.02), (-1e-05, 1e-05), (0.55, 0.61), (0.16, 0.22)]