Best in last gen:
[ 3.67253579e-02  5.71370173e-02  9.08719469e-02 -1.90703865e-06
  2.15634705e-02 -2.96721092e-03  3.34055023e-02 -4.76916937e-02
  1.21388246e-02  6.62246383e-02  1.75194977e-02 -1.66311183e-02
  2.69509992e-02  7.80646848e-03 -2.21771353e-02 -2.09677065e-02
 -2.20302876e-02 -1.08721101e-02  7.58747039e-03 -1.68127467e-02
 -6.72396025e-03 -1.29622100e-02  1.57249063e-02  3.56866569e-02
 -2.65677321e-02 -5.55963095e-02 -4.08426570e-02 -1.31610660e-01
  1.24039152e-02  8.30871628e-03 -4.04500061e-02 -7.83693071e-02
 -1.58011193e-02  6.90580587e-03  1.24432462e-02 -3.46479095e-02
  3.06181320e-02  2.09114579e-02 -1.96973532e-02  3.01210203e-02
 -8.07137532e-04 -5.07571724e-03  1.90273559e-02 -9.94168972e-03
  9.41103795e-03  1.07355523e-01 -2.87746429e-02  5.17745896e-02
  9.63872411e-01  1.00560000e+00  1.17516000e+00  6.98239730e-01]
Best fitness in last gen:
2.7779815854330345e-06
GA calculation time:
16948.016336917877

Initial parameters
population size = 500
number of generations = 30000
Real number of generations = 30000
elitism = 2
crossover_rate = 0.95
mutation rate = 0.01
mutation range = [0.1  0.1  0.1  0.1  0.1  0.1  0.1  0.1  0.1  0.1  0.1  0.1  0.1  0.1
 0.1  0.1  0.1  0.1  0.1  0.1  0.1  0.1  0.1  0.1  0.1  0.1  0.1  0.1
 0.1  0.1  0.1  0.1  0.1  0.1  0.1  0.1  0.1  0.1  0.1  0.1  0.1  0.1
 0.1  0.1  0.1  0.1  0.1  0.1  0.2  0.02 0.01 0.01]
order = 3
gene ranges = [(-0.1, 0.1), (-0.1, 0.1), (-0.1, 0.1), (-0.1, 0.1), (-0.1, 0.1), (-0.1, 0.1), (-0.1, 0.1), (-0.1, 0.1), (-0.1, 0.1), (-0.1, 0.1), (-0.1, 0.1), (-0.1, 0.1), (-0.1, 0.1), (-0.1, 0.1), (-0.1, 0.1), (-0.1, 0.1), (-0.1, 0.1), (-0.1, 0.1), (-0.1, 0.1), (-0.1, 0.1), (-0.1, 0.1), (-0.1, 0.1), (-0.1, 0.1), (-0.1, 0.1), (-0.1, 0.1), (-0.1, 0.1), (-0.1, 0.1), (-0.1, 0.1), (-0.1, 0.1), (-0.1, 0.1), (-0.1, 0.1), (-0.1, 0.1), (-0.1, 0.1), (-0.1, 0.1), (-0.1, 0.1), (-0.1, 0.1), (-0.1, 0.1), (-0.1, 0.1), (-0.1, 0.1), (-0.1, 0.1), (-0.1, 0.1), (-0.1, 0.1), (-0.1, 0.1), (-0.1, 0.1), (-0.1, 0.1), (-0.1, 0.1), (-0.1, 0.1), (-0.1, 0.1), (-0.2, 0.2), (0.98, 1.02), (1.16, 1.18), (0.69, 0.71)]