Best in last gen:
[ 3.08632601e-02 -6.99636732e-03 -2.49762968e-03  1.17194242e-02
 -6.96356289e-03  1.55634758e-02 -2.78271275e-02 -3.36649821e-02
 -1.08222184e-02 -3.61807482e-02  5.19242844e-02 -9.69386947e-03
  1.04869751e-02  1.82839444e-02 -8.06622780e-02  2.69152763e-02
  2.11288558e-03  1.69277580e-02  3.43611378e-02  3.77208694e-03
 -1.12559295e-02 -4.99865124e-02 -4.13673322e-02  1.27890020e-02
  1.08557845e-02  7.24975173e-03 -3.01744857e-02  3.66335095e-02
  9.41218486e-04 -1.96688558e-02 -5.41617547e-02 -1.67891668e-02
 -2.69655390e-02  2.90573405e-02  4.96662171e-02  3.46538560e-02
  4.54049991e-02 -4.08298664e-02  1.29068153e-02  2.03258313e-02
  3.06367434e-02 -8.14954291e-03  3.52675648e-03 -2.57602968e-02
 -2.87456243e-02 -4.67221154e-02  1.36665001e-02  2.80012793e-02
  1.00481881e+00  2.81717314e-01  2.63382291e+00  1.17644171e+00]
Best fitness in last gen:
2.700395755706638e-08

Best in all:
[ 3.08632601e-02 -6.99636732e-03 -2.49762968e-03  1.17194242e-02
 -6.96356289e-03  1.55634758e-02 -2.78271275e-02 -3.36649821e-02
 -1.08222184e-02 -3.61807482e-02  5.19242844e-02 -9.69386947e-03
  1.04869751e-02  1.82839444e-02 -8.06622780e-02  2.69152763e-02
  2.11288558e-03  1.69277580e-02  3.43611378e-02  3.77208694e-03
 -1.12559295e-02 -4.99865124e-02 -4.13673322e-02  1.27890020e-02
  1.08557845e-02  7.24975173e-03 -3.01744857e-02  3.66335095e-02
  9.41218486e-04 -1.96688558e-02 -5.41617547e-02 -1.67891668e-02
 -2.69655390e-02  2.90573405e-02  4.96662171e-02  3.46538560e-02
  4.54049991e-02 -4.08298664e-02  1.29068153e-02  2.03258313e-02
  3.06367434e-02 -8.14954291e-03  3.52675648e-03 -2.57602968e-02
 -2.87456243e-02 -4.67221154e-02  1.36665001e-02  2.80012793e-02
  1.00481881e+00  2.81717314e-01  2.63382291e+00  1.17644171e+00]
Best fitness in all:
2.700395755706638e-08
GA calculation time:
3.1049652099609375

Initial parameters
population size = 25
number of generations = 10
Real number of generations = 10
elitism = 2
crossover_rate = 0.95
mutation rate = 0.007
mutation range = 0.1
order = 3
gene ranges = ((-0.1, 0.1), (0.98, 1.02), (-2, 2), (0, 5), (0, 5))
