Best in last gen:
[ 1.15870201e-02  9.05654574e-03 -5.79308552e-03  9.06698882e-03
  9.55205251e-03 -8.91689385e-03  1.05451671e-02  2.15865099e-02
 -1.67336057e-02  1.61212160e-02  9.42188898e-04 -2.12722637e-03
 -2.34259331e-03 -9.72270168e-03  1.22050448e-03 -1.42485123e-02
  3.05565850e-04 -1.72088415e-02  2.07792896e-02 -8.57818403e-04
 -8.83436842e-03  9.23531596e-03 -3.51469342e-03  1.10043777e-02
 -5.12757505e-03  2.19651111e-02 -1.13081531e-02 -4.70841223e-03
  1.05595566e-02  1.19575107e-03 -1.57893949e-02  4.90190500e-03
 -9.26164465e-03  1.71169586e-02  1.27644483e-02  1.81541540e-02
  2.57762259e-02 -8.97971937e-04  1.07853524e-02  2.48091980e-02
  6.12167216e-03 -8.37410000e-03  9.69087030e-03 -9.23863415e-04
  5.83686283e-03  8.60185416e-03  1.32870242e-02  1.31280704e-02
 -3.18260603e-03  7.35930053e-03 -4.52267701e-03 -1.78306698e-02
  2.40542996e-02 -3.49992245e-03 -7.16933666e-03  6.42957387e-03
 -1.32456413e-02 -1.81210346e-02 -1.18412108e-02  1.47027428e-02
  1.61968318e-02 -1.54044424e-02  4.73455360e-03  2.26554131e-03
 -1.12767448e-02  7.43506572e-04 -4.55046931e-03 -5.88518577e-03
 -1.75239068e-02  2.80465756e-03  1.05050195e-02 -5.49350824e-03
 -4.98842185e-03 -2.54158630e-02  3.44989929e-02  6.86067800e-03
  2.83840663e-02 -2.02189608e-02 -4.07176070e-03 -3.15267157e-02
  9.50413342e-03 -1.66667527e-02 -1.18822034e-02  4.35977645e-03
  7.38933916e-03 -2.20876131e-03  6.84418201e-03  1.70363532e-02
  6.31097334e-03  3.62475556e-03 -1.29480424e-02  1.45580486e-02
 -2.68500317e-02 -1.21950200e-02  5.51067130e-04 -3.44487272e-02
 -4.69101009e-03 -3.95416255e-03 -1.14707053e-02  1.04065512e-02
  2.71512681e-02 -4.04408021e-03  3.11264889e-03 -1.72483021e-03
  1.81348579e-03  2.38697600e-02 -1.37079338e-02 -4.69215793e-03
  4.91455794e-03 -8.75690448e-03 -1.22519891e-03  5.36472577e-03
 -2.84890367e-02  1.49671321e-02  1.95284313e-02  4.65618470e-03
  1.65086948e-02 -2.58343205e-02 -8.65629042e-03  1.91320080e-02
  1.00291138e+00  5.24442487e-06  3.49067405e-01  2.29388301e-01]
Best fitness in last gen:
3.221840902632489e-06
GA calculation time:
137.6418421268463

Initial parameters
population size = 50
number of generations = 1000
Real number of generations = 1000
elitism = 2
crossover_rate = 0.95
mutation rate = 0.01
mutation range = [4.e-02 4.e-02 4.e-02 4.e-02 4.e-02 4.e-02 4.e-02 4.e-02 4.e-02 4.e-02
 4.e-02 4.e-02 4.e-02 4.e-02 4.e-02 4.e-02 4.e-02 4.e-02 4.e-02 4.e-02
 4.e-02 4.e-02 4.e-02 4.e-02 4.e-02 4.e-02 4.e-02 4.e-02 4.e-02 4.e-02
 4.e-02 4.e-02 4.e-02 4.e-02 4.e-02 4.e-02 4.e-02 4.e-02 4.e-02 4.e-02
 4.e-02 4.e-02 4.e-02 4.e-02 4.e-02 4.e-02 4.e-02 4.e-02 4.e-02 4.e-02
 4.e-02 4.e-02 4.e-02 4.e-02 4.e-02 4.e-02 4.e-02 4.e-02 4.e-02 4.e-02
 4.e-02 4.e-02 4.e-02 4.e-02 4.e-02 4.e-02 4.e-02 4.e-02 4.e-02 4.e-02
 4.e-02 4.e-02 4.e-02 4.e-02 4.e-02 4.e-02 4.e-02 4.e-02 4.e-02 4.e-02
 4.e-02 4.e-02 4.e-02 4.e-02 4.e-02 4.e-02 4.e-02 4.e-02 4.e-02 4.e-02
 4.e-02 4.e-02 4.e-02 4.e-02 4.e-02 4.e-02 4.e-02 4.e-02 4.e-02 4.e-02
 4.e-02 4.e-02 4.e-02 4.e-02 4.e-02 4.e-02 4.e-02 4.e-02 4.e-02 4.e-02
 4.e-02 4.e-02 4.e-02 4.e-02 4.e-02 4.e-02 4.e-02 4.e-02 4.e-02 4.e-02
 2.e-02 1.e-06 2.e-02 2.e-02]
order = 5
gene ranges = [(-0.04, 0.04), (-0.04, 0.04), (-0.04, 0.04), (-0.04, 0.04), (-0.04, 0.04), (-0.04, 0.04), (-0.04, 0.04), (-0.04, 0.04), (-0.04, 0.04), (-0.04, 0.04), (-0.04, 0.04), (-0.04, 0.04), (-0.04, 0.04), (-0.04, 0.04), (-0.04, 0.04), (-0.04, 0.04), (-0.04, 0.04), (-0.04, 0.04), (-0.04, 0.04), (-0.04, 0.04), (-0.04, 0.04), (-0.04, 0.04), (-0.04, 0.04), (-0.04, 0.04), (-0.04, 0.04), (-0.04, 0.04), (-0.04, 0.04), (-0.04, 0.04), (-0.04, 0.04), (-0.04, 0.04), (-0.04, 0.04), (-0.04, 0.04), (-0.04, 0.04), (-0.04, 0.04), (-0.04, 0.04), (-0.04, 0.04), (-0.04, 0.04), (-0.04, 0.04), (-0.04, 0.04), (-0.04, 0.04), (-0.04, 0.04), (-0.04, 0.04), (-0.04, 0.04), (-0.04, 0.04), (-0.04, 0.04), (-0.04, 0.04), (-0.04, 0.04), (-0.04, 0.04), (-0.04, 0.04), (-0.04, 0.04), (-0.04, 0.04), (-0.04, 0.04), (-0.04, 0.04), (-0.04, 0.04), (-0.04, 0.04), (-0.04, 0.04), (-0.04, 0.04), (-0.04, 0.04), (-0.04, 0.04), (-0.04, 0.04), (-0.04, 0.04), (-0.04, 0.04), (-0.04, 0.04), (-0.04, 0.04), (-0.04, 0.04), (-0.04, 0.04), (-0.04, 0.04), (-0.04, 0.04), (-0.04, 0.04), (-0.04, 0.04), (-0.04, 0.04), (-0.04, 0.04), (-0.04, 0.04), (-0.04, 0.04), (-0.04, 0.04), (-0.04, 0.04), (-0.04, 0.04), (-0.04, 0.04), (-0.04, 0.04), (-0.04, 0.04), (-0.04, 0.04), (-0.04, 0.04), (-0.04, 0.04), (-0.04, 0.04), (-0.04, 0.04), (-0.04, 0.04), (-0.04, 0.04), (-0.04, 0.04), (-0.04, 0.04), (-0.04, 0.04), (-0.04, 0.04), (-0.04, 0.04), (-0.04, 0.04), (-0.04, 0.04), (-0.04, 0.04), (-0.04, 0.04), (-0.04, 0.04), (-0.04, 0.04), (-0.04, 0.04), (-0.04, 0.04), (-0.04, 0.04), (-0.04, 0.04), (-0.04, 0.04), (-0.04, 0.04), (-0.04, 0.04), (-0.04, 0.04), (-0.04, 0.04), (-0.04, 0.04), (-0.04, 0.04), (-0.04, 0.04), (-0.04, 0.04), (-0.04, 0.04), (-0.04, 0.04), (-0.04, 0.04), (-0.04, 0.04), (-0.04, 0.04), (-0.04, 0.04), (-0.04, 0.04), (-0.04, 0.04), (-0.04, 0.04), (0.98, 1.02), (-1e-05, 1e-05), (0.33, 0.37), (0.21, 0.25)]
