Best in last gen:
[ 2.57844424e-03 -3.06706022e-02 -2.86836808e-03  1.54007984e-02
 -1.12607418e-02  5.83957146e-03  1.81290534e-02 -4.27992519e-03
  6.02486726e-03  1.69928542e-02  1.26708529e-02  2.08806829e-02
  7.04903624e-03 -1.45956340e-02 -1.45048627e-02 -8.56278629e-03
  1.03782039e-02 -3.27453570e-02 -2.33548633e-02  1.57658861e-02
 -1.05695681e-02  3.28779830e-02  1.73738234e-02 -1.24188580e-02
 -5.35944207e-03  1.81603258e-02  1.59472806e-02  5.40791651e-02
 -1.96801416e-02 -1.81691936e-02 -5.68056751e-02 -1.43975623e-03
 -1.66722784e-02 -1.91663168e-03 -9.26959127e-03 -1.35723700e-02
  1.46487660e-02 -2.01689897e-02 -8.36314670e-03  4.36780702e-02
 -7.72099026e-03  1.34508801e-02  2.17614616e-02 -6.58201582e-02
  1.17896284e-03  7.96283279e-03 -2.88652490e-02  5.56213745e-02
  9.90376197e-01  1.60374478e-06  2.74949042e+00  6.62806290e-01]
Best fitness in last gen:
1.9316975720011674e-06
GA calculation time:
307.91501212120056

Initial parameters
population size = 100
number of generations = 2000
Real number of generations = 2000
elitism = 2
crossover_rate = 0.95
mutation rate = 0.01
mutation range = [4.e-02 4.e-02 4.e-02 4.e-02 4.e-02 4.e-02 4.e-02 4.e-02 4.e-02 4.e-02
 4.e-02 4.e-02 4.e-02 4.e-02 4.e-02 4.e-02 4.e-02 4.e-02 4.e-02 4.e-02
 4.e-02 4.e-02 4.e-02 4.e-02 4.e-02 4.e-02 4.e-02 4.e-02 4.e-02 4.e-02
 4.e-02 4.e-02 4.e-02 4.e-02 4.e-02 4.e-02 4.e-02 4.e-02 4.e-02 4.e-02
 4.e-02 4.e-02 4.e-02 4.e-02 4.e-02 4.e-02 4.e-02 4.e-02 2.e-02 1.e-06
 2.e-02 2.e-02]
order = 3
gene ranges = [(-0.04, 0.04), (-0.04, 0.04), (-0.04, 0.04), (-0.04, 0.04), (-0.04, 0.04), (-0.04, 0.04), (-0.04, 0.04), (-0.04, 0.04), (-0.04, 0.04), (-0.04, 0.04), (-0.04, 0.04), (-0.04, 0.04), (-0.04, 0.04), (-0.04, 0.04), (-0.04, 0.04), (-0.04, 0.04), (-0.04, 0.04), (-0.04, 0.04), (-0.04, 0.04), (-0.04, 0.04), (-0.04, 0.04), (-0.04, 0.04), (-0.04, 0.04), (-0.04, 0.04), (-0.04, 0.04), (-0.04, 0.04), (-0.04, 0.04), (-0.04, 0.04), (-0.04, 0.04), (-0.04, 0.04), (-0.04, 0.04), (-0.04, 0.04), (-0.04, 0.04), (-0.04, 0.04), (-0.04, 0.04), (-0.04, 0.04), (-0.04, 0.04), (-0.04, 0.04), (-0.04, 0.04), (-0.04, 0.04), (-0.04, 0.04), (-0.04, 0.04), (-0.04, 0.04), (-0.04, 0.04), (-0.04, 0.04), (-0.04, 0.04), (-0.04, 0.04), (-0.04, 0.04), (0.98, 1.02), (-1e-05, 1e-05), (2.73, 2.77), (0.63, 0.67)]
