Best in last gen:
[-1.49769266e-02  1.21491926e-02 -3.51083866e-03  1.66144558e-02
  3.30978527e-02 -4.76276260e-02 -4.61507866e-02  4.35473695e-02
  6.97171953e-03 -1.96355919e-02 -4.10432546e-02 -1.46143002e-02
  5.53251000e-02  1.10819131e-02  3.58761563e-02  2.50021145e-02
 -7.38732799e-02 -1.00770254e-03 -6.74884930e-03  4.79250794e-02
  2.46079574e-02  3.31436633e-02 -9.87181716e-03  3.94665357e-02
  7.41475434e-03 -2.29094199e-02  5.68611711e-02  1.85077254e-02
 -1.41382580e-02  1.98942009e-02  3.79019665e-02 -2.34221311e-03
  3.26366305e-02 -1.07821448e-02 -1.55797280e-03  4.43387495e-02
  2.95998710e-02 -5.16714830e-05 -2.03422636e-02 -4.41669759e-02
  1.46315952e-02  2.70290925e-02  2.09312566e-02 -4.44157396e-02
 -9.08418607e-03  2.88747117e-02  6.71609505e-03  4.24385299e-02
  2.23561119e-02  5.77345936e-02 -2.08308236e-02  1.66888514e-02
 -1.47385620e-02  2.75280048e-02 -1.09546413e-02  1.24540806e-02
 -5.81825734e-03 -1.00343666e-02 -2.43463732e-02 -3.38112166e-02
  1.21637277e-02  3.46552099e-02 -2.27654532e-02  3.29249420e-02
  1.50399016e-02  2.61505933e-03 -1.32168725e-02 -1.47978883e-02
  1.56571093e-02  4.71448842e-02 -2.25780393e-04 -6.91869865e-02
  5.02235384e-02 -1.89432917e-02  9.56141821e-03  4.72599313e-02
  2.00492618e-02  2.95321960e-02  1.45771908e-03 -2.04937914e-02
 -1.81479557e-02 -3.29458766e-02 -1.19232908e-02  4.30023808e-03
  1.71998108e-02  2.33048758e-02  7.56074918e-03 -8.90164357e-03
 -9.50351770e-03  3.03420455e-03 -8.53250308e-02  1.19148827e-02
  8.90017496e-03 -1.68273956e-02  2.09468918e-02 -2.56448763e-02
  1.33781779e-02  3.49911684e-02  1.78787880e-02  3.93759996e-02
  1.29337223e-02  2.62695502e-02 -2.20429075e-02 -6.72495194e-03
  1.57400616e-02 -3.70320056e-02  1.88040100e-02 -1.01164532e-02
  4.92623938e-04  6.14986153e-03 -7.31601720e-03 -3.11465041e-03
  2.81937464e-02  5.28833995e-02  5.18547873e-03  4.01205324e-03
  8.23142604e-03  3.18238124e-03 -2.82997724e-03 -6.23104392e-03
  9.96815693e-01 -1.03933985e+00  5.93156525e-01  1.26541830e+00]
Best fitness in last gen:
2.895327009505844e-05

Best in all:
[-1.49769266e-02  1.21491926e-02 -3.51083866e-03  1.66144558e-02
  3.30978527e-02 -4.76276260e-02 -4.61507866e-02  4.35473695e-02
  6.97171953e-03 -1.96355919e-02 -4.10432546e-02 -1.46143002e-02
  5.53251000e-02  1.10819131e-02  3.58761563e-02  2.50021145e-02
 -7.38732799e-02 -1.00770254e-03 -6.74884930e-03  4.79250794e-02
  2.46079574e-02  3.31436633e-02 -9.87181716e-03  3.94665357e-02
  7.41475434e-03 -2.29094199e-02  5.68611711e-02  1.85077254e-02
 -1.41382580e-02  1.98942009e-02  3.79019665e-02 -2.34221311e-03
  3.26366305e-02 -1.07821448e-02 -1.55797280e-03  4.43387495e-02
  2.95998710e-02 -5.16714830e-05 -2.03422636e-02 -4.41669759e-02
  1.46315952e-02  2.70290925e-02  2.09312566e-02 -4.44157396e-02
 -9.08418607e-03  2.88747117e-02  6.71609505e-03  4.24385299e-02
  2.23561119e-02  5.77345936e-02 -2.08308236e-02  1.66888514e-02
 -1.47385620e-02  2.75280048e-02 -1.09546413e-02  1.24540806e-02
 -5.81825734e-03 -1.00343666e-02 -2.43463732e-02 -3.38112166e-02
  1.21637277e-02  3.46552099e-02 -2.27654532e-02  3.29249420e-02
  1.50399016e-02  2.61505933e-03 -1.32168725e-02 -1.47978883e-02
  1.56571093e-02  4.71448842e-02 -2.25780393e-04 -6.91869865e-02
  5.02235384e-02 -1.89432917e-02  9.56141821e-03  4.72599313e-02
  2.00492618e-02  2.95321960e-02  1.45771908e-03 -2.04937914e-02
 -1.81479557e-02 -3.29458766e-02 -1.19232908e-02  4.30023808e-03
  1.71998108e-02  2.33048758e-02  7.56074918e-03 -8.90164357e-03
 -9.50351770e-03  3.03420455e-03 -8.53250308e-02  1.19148827e-02
  8.90017496e-03 -1.68273956e-02  2.09468918e-02 -2.56448763e-02
  1.33781779e-02  3.49911684e-02  1.78787880e-02  3.93759996e-02
  1.29337223e-02  2.62695502e-02 -2.20429075e-02 -6.72495194e-03
  1.57400616e-02 -3.70320056e-02  1.88040100e-02 -1.01164532e-02
  4.92623938e-04  6.14986153e-03 -7.31601720e-03 -3.11465041e-03
  2.81937464e-02  5.28833995e-02  5.18547873e-03  4.01205324e-03
  8.23142604e-03  3.18238124e-03 -2.82997724e-03 -6.23104392e-03
  9.96815693e-01 -1.03933985e+00  5.93156525e-01  1.26541830e+00]
Best fitness in all:
2.895327009505844e-05
GA calculation time:
58.934492349624634

Initial parameters
population size = 20
number of generations = 1000
Real number of generations = 1000
elitism = 2
crossover_rate = 0.95
mutation rate = 0.007
mutation range = 0.1
order = 5
gene ranges = ((-0.05, 0.05), (0.98, 1.02), (-2, 2), (0.55, 0.65), (1.2, 1.3))
