Best in last gen:
[ 4.21117454e-03  2.12474212e-02 -3.13310397e-02  1.05878196e-02
  6.11886192e-02  2.28236043e-02 -1.20098118e-01 -6.05473711e-03
  1.84700586e-04  1.33671911e-02  1.91934197e-02  1.41757189e-02
  5.16662058e-02  3.43920108e-02  1.65424570e-02 -7.50133145e-03
  9.96974732e-03  1.11835832e-02  1.50042504e-02  5.57267961e-04
  1.03845508e-02  8.62970241e-03 -1.73826955e-02 -1.94302169e-02
 -2.19459062e-02  2.08695341e-02  2.25197324e-02 -1.24217581e-02
 -2.95127988e-02  9.65379448e-03 -2.33731190e-02 -2.65141409e-03
  2.39669936e-02  7.15332085e-02 -9.35888503e-03  2.26386221e-02
 -6.95092625e-02  3.36569404e-02  2.95733046e-03  9.16182472e-03
  1.16802614e-02  7.06240797e-03 -7.15767632e-03 -1.04492289e-02
 -7.33492023e-03  2.10899030e-02 -5.27403782e-02  2.38101856e-02
  1.00386446e+00  4.29289726e-07  9.06798341e-01  3.16104731e-01]
Best fitness in last gen:
1.1166727768485464e-05
GA calculation time:
4206.559378385544

Initial parameters
population size = 300
number of generations = 10000
Real number of generations = 10000
elitism = 2
crossover_rate = 0.95
mutation rate = 0.01
mutation range = [4.e-02 4.e-02 4.e-02 4.e-02 4.e-02 4.e-02 4.e-02 4.e-02 4.e-02 4.e-02
 4.e-02 4.e-02 4.e-02 4.e-02 4.e-02 4.e-02 4.e-02 4.e-02 4.e-02 4.e-02
 4.e-02 4.e-02 4.e-02 4.e-02 4.e-02 4.e-02 4.e-02 4.e-02 4.e-02 4.e-02
 4.e-02 4.e-02 4.e-02 4.e-02 4.e-02 4.e-02 4.e-02 4.e-02 4.e-02 4.e-02
 4.e-02 4.e-02 4.e-02 4.e-02 4.e-02 4.e-02 4.e-02 4.e-02 2.e-02 1.e-06
 2.e-02 2.e-02]
order = 3
gene ranges = [(-0.1, 0.1), (-0.1, 0.1), (-0.1, 0.1), (-0.1, 0.1), (-0.1, 0.1), (-0.1, 0.1), (-0.1, 0.1), (-0.1, 0.1), (-0.1, 0.1), (-0.1, 0.1), (-0.1, 0.1), (-0.1, 0.1), (-0.1, 0.1), (-0.1, 0.1), (-0.1, 0.1), (-0.1, 0.1), (-0.1, 0.1), (-0.1, 0.1), (-0.1, 0.1), (-0.1, 0.1), (-0.1, 0.1), (-0.1, 0.1), (-0.1, 0.1), (-0.1, 0.1), (-0.1, 0.1), (-0.1, 0.1), (-0.1, 0.1), (-0.1, 0.1), (-0.1, 0.1), (-0.1, 0.1), (-0.1, 0.1), (-0.1, 0.1), (-0.1, 0.1), (-0.1, 0.1), (-0.1, 0.1), (-0.1, 0.1), (-0.1, 0.1), (-0.1, 0.1), (-0.1, 0.1), (-0.1, 0.1), (-0.1, 0.1), (-0.1, 0.1), (-0.1, 0.1), (-0.1, 0.1), (-0.1, 0.1), (-0.1, 0.1), (-0.1, 0.1), (-0.1, 0.1), (0.98, 1.02), (-1e-05, 1e-05), (0.88, 0.98), (0.28, 0.38)]
