Best in last gen:
[-0.21902511  0.00733991  0.13505339 -0.18158634 -0.06596846  0.25758591
 -0.18677193 -0.00555279 -0.03958619  0.14101114  0.09757589 -0.54472474
 -0.27312337  0.08750947 -0.29490846 -0.22700821 -0.0289761   0.06327756
 -0.15140106 -0.06933236  0.08183436  0.3618318   0.11912252 -0.14671792
  0.09386487 -0.07127791  0.00742166  0.20997496  0.29887877 -0.06541863
 -0.24367326 -0.05716489  0.15347704 -0.07831197 -0.1435843   0.20961077
  0.06166284 -0.02500715  0.10012625 -0.15217818 -0.01811996 -0.34589978
 -0.25004842 -0.01210772 -0.06835508 -0.03816964 -0.08406384  0.03161843
  0.20789529  0.07057261  0.04054903  0.70444249  0.0856548   0.21095034
  0.06649361  0.06792934 -0.05140962 -0.0898646   0.05608757  0.20526241
 -0.23106064 -0.11358001  0.01263413  0.13088353  0.11472975 -0.09850792
 -0.15365472  0.02221871 -0.02374503  0.1995738   0.09714315 -0.13935371
 -0.01168971 -0.04911281  0.08372886 -0.07942983 -0.03865628 -0.03830945
 -0.03211935 -0.22257548  0.04874248  0.23790283 -0.04303584  0.14137477
  0.06510036 -0.17689299 -0.27735749  0.06128224  0.07193606  0.47090207
  0.0874556  -0.06969788  0.06829777 -0.2481147   0.1395184  -0.3251097
 -0.10182416  0.02149106  0.04740045  0.06182547  0.09898031  0.00465841
 -0.03057942  0.21392993 -0.17222651 -0.2011624   0.26702487  0.27748296
 -0.11442012 -0.02647966 -0.04137167  0.05568689 -0.02743966  0.16744211
 -0.23614621 -0.05508712  0.27101242  0.00352669 -0.08623036 -0.02269588
  1.01558336  0.02269717  0.46203414  1.46747451]
Best fitness in last gen:
1.6036242060986536e-06

Best in all:
[-1.40129796e-02  1.47403170e-02  1.59076787e-03 -2.55654718e-02
  5.33927802e-04 -1.20616191e-02 -2.00291753e-03 -2.37738927e-02
 -1.74811803e-02  4.46516482e-03 -1.60781684e-02  2.42042535e-02
  9.93431171e-03  3.81591709e-03 -8.62388162e-03 -1.82528314e-03
  1.36524260e-02  1.18731772e-03 -1.58363297e-02  2.19732359e-03
  1.07745836e-02  7.91857278e-03 -2.09155570e-03 -2.24824078e-02
  1.27298600e-02 -1.12593764e-02  8.14856050e-04 -1.89908036e-02
  2.17990374e-02 -1.43466990e-02  5.95341712e-04 -1.91655847e-02
  1.69406216e-02  1.39784556e-02  5.83248203e-04 -1.32308627e-03
 -1.43783270e-02 -3.33223575e-03 -2.28390378e-02 -6.15581182e-03
  1.88525446e-04 -4.01912305e-03  1.76964752e-02  5.81415792e-03
  3.67087566e-03  2.18775442e-02 -3.27124671e-03 -1.87050251e-03
 -1.66341322e-02  1.81259892e-02 -8.01052231e-03  7.63725829e-03
 -1.19386268e-02  9.63504079e-03  1.16421298e-02 -1.98822972e-02
 -1.50152139e-02 -5.53330725e-03 -1.98950699e-03  5.26337391e-03
 -1.76759672e-04 -1.09312752e-03  1.51196623e-02 -7.82738107e-03
  2.02822193e-02 -4.11454333e-02  5.86851624e-03  1.34792566e-02
 -1.05977104e-02  4.58035834e-03 -2.01400057e-02 -1.67911472e-02
  4.62453417e-03  2.30460571e-02  7.92041250e-03 -2.78336423e-03
  1.25419607e-02  9.37685994e-03 -1.92598057e-02 -3.12978099e-03
 -5.64399758e-03  1.51230905e-02  1.78120928e-03  2.29036431e-02
 -3.91399910e-04  1.83613065e-02  2.27615240e-02 -1.99576025e-02
 -7.74043447e-03  1.84939150e-02  3.39053933e-03 -5.97468649e-03
 -1.12878582e-02  1.01843888e-02  9.58460745e-03  6.35733381e-03
 -2.32702593e-03 -2.02225808e-02 -2.59706629e-02 -2.44751190e-02
  8.34568351e-04  2.51845471e-03  2.43571944e-02 -1.25061045e-03
  1.33659451e-02  1.34167602e-03  1.60327901e-02  1.19397662e-02
 -9.23193681e-03 -6.13731346e-03 -3.85670071e-03 -7.63500911e-03
  1.57755826e-02 -9.84499235e-03  1.15001109e-02 -6.83827046e-03
 -5.24180233e-03 -1.56727012e-02 -1.19224326e-02  1.23171772e-02
  9.95818487e-01 -3.22205657e-01  6.00441746e-01  1.26204412e+00]
Best fitness in all:
4.174250244049656e-08
GA calculation time:
538.8764584064484

Initial parameters
population size = 20
number of generations = 10000
Real number of generations = 10000
elitism = 0
crossover_rate = 0.95
mutation rate = 0.007
mutation range = 0.1
order = 5
gene ranges = ((-0.05, 0.05), (0.98, 1.02), (-2, 2), (0.55, 0.65), (1.2, 1.3))
