Best in last gen:
[ 1.41583728e-03  4.12686406e-02 -4.35662329e-03  1.17319999e-02
 -1.32259956e-02  2.82635859e-02  1.49060278e-02  1.37687906e-02
 -4.07436192e-03  1.81573971e-03  3.62347058e-02  8.44273596e-03
  1.48361058e-02  1.33635582e-02 -5.95731725e-03  1.36288325e-02
  4.05508874e-02 -1.23012798e-02  2.09535375e-03  3.78113307e-03
 -5.76913900e-02  1.13607419e-02 -1.08758097e-04 -6.03146044e-03
 -4.11706415e-03  7.42473244e-04 -3.04290720e-05 -3.74268098e-03
 -1.67165624e-03 -2.12005497e-03  1.25825442e-02  4.76139203e-04
  8.39035144e-03  7.48317228e-03 -2.53084134e-03 -1.02450775e-02
 -3.13533924e-03 -9.00736866e-03  1.33786738e-03 -1.11844655e-02
  6.51404710e-03  6.36298806e-03 -2.14971523e-03 -2.78977534e-03
  1.73402705e-02  1.36931032e-02  8.88816772e-03  5.19183618e-03
 -1.47528262e-03  3.43017075e-03  8.25780692e-03  9.53498742e-03
 -6.88853213e-03  1.16987361e-02 -2.73990981e-03 -2.66198683e-02
 -1.65121832e-02  1.20787302e-03 -2.64736613e-02 -6.75949541e-03
 -8.71739633e-03 -6.61971972e-03  4.21401089e-03  2.18422688e-02
 -1.29096489e-02 -1.88287981e-02  4.92760817e-03  3.01845173e-03
 -7.57910417e-03  1.17048717e-03  5.66283480e-03  2.19024423e-02
 -8.16072333e-03 -1.66179400e-02 -2.56887960e-03  1.58005615e-02
 -2.41206497e-03  3.38281812e-03  6.24850811e-03 -3.22521598e-03
  5.43666996e-02 -2.08538031e-02  6.17584696e-04 -2.18288410e-03
 -8.77842309e-03  1.09055864e-02 -2.54390891e-03 -1.56670456e-03
  7.67643373e-03 -9.87740206e-03  3.57323183e-03  3.11008472e-03
 -9.65241538e-05 -2.42403378e-03 -4.62367294e-03  1.23043415e-04
  1.88984515e-03 -3.74859924e-04 -1.44793055e-02  3.51574311e-03
 -3.98363541e-03  4.29838728e-03  1.22117568e-02 -3.17336803e-03
  5.42961671e-03 -8.10489259e-03  8.45751052e-03  8.82565717e-03
 -2.99692710e-03  5.10185327e-03 -8.93929644e-02 -3.18904466e-02
 -1.98532676e-04 -1.07239231e-02 -5.38769139e-03  5.45309230e-03
 -2.71282331e-02 -2.58158606e-03 -1.18371116e-02 -9.12825924e-03
  1.00024554e+00 -1.61576616e-01  1.20946323e+00  6.87741003e-01]
Best fitness in last gen:
6.077953038769409e-06
GA calculation time:
2289.7857649326324

Initial parameters
population size = 100
number of generations = 10000
Real number of generations = 10000
elitism = 2
crossover_rate = 0.95
mutation rate = 0.01
mutation range = [0.01 0.01 0.01 0.01 0.01 0.01 0.01 0.01 0.01 0.01 0.01 0.01 0.01 0.01
 0.01 0.01 0.01 0.01 0.01 0.01 0.01 0.01 0.01 0.01 0.01 0.01 0.01 0.01
 0.01 0.01 0.01 0.01 0.01 0.01 0.01 0.01 0.01 0.01 0.01 0.01 0.01 0.01
 0.01 0.01 0.01 0.01 0.01 0.01 0.01 0.01 0.01 0.01 0.01 0.01 0.01 0.01
 0.01 0.01 0.01 0.01 0.01 0.01 0.01 0.01 0.01 0.01 0.01 0.01 0.01 0.01
 0.01 0.01 0.01 0.01 0.01 0.01 0.01 0.01 0.01 0.01 0.01 0.01 0.01 0.01
 0.01 0.01 0.01 0.01 0.01 0.01 0.01 0.01 0.01 0.01 0.01 0.01 0.01 0.01
 0.01 0.01 0.01 0.01 0.01 0.01 0.01 0.01 0.01 0.01 0.01 0.01 0.01 0.01
 0.01 0.01 0.01 0.01 0.01 0.01 0.01 0.01 0.2  0.02 0.01 0.01]
order = 5
gene ranges = [(-0.01, 0.01), (-0.01, 0.01), (-0.01, 0.01), (-0.01, 0.01), (-0.01, 0.01), (-0.01, 0.01), (-0.01, 0.01), (-0.01, 0.01), (-0.01, 0.01), (-0.01, 0.01), (-0.01, 0.01), (-0.01, 0.01), (-0.01, 0.01), (-0.01, 0.01), (-0.01, 0.01), (-0.01, 0.01), (-0.01, 0.01), (-0.01, 0.01), (-0.01, 0.01), (-0.01, 0.01), (-0.01, 0.01), (-0.01, 0.01), (-0.01, 0.01), (-0.01, 0.01), (-0.01, 0.01), (-0.01, 0.01), (-0.01, 0.01), (-0.01, 0.01), (-0.01, 0.01), (-0.01, 0.01), (-0.01, 0.01), (-0.01, 0.01), (-0.01, 0.01), (-0.01, 0.01), (-0.01, 0.01), (-0.01, 0.01), (-0.01, 0.01), (-0.01, 0.01), (-0.01, 0.01), (-0.01, 0.01), (-0.01, 0.01), (-0.01, 0.01), (-0.01, 0.01), (-0.01, 0.01), (-0.01, 0.01), (-0.01, 0.01), (-0.01, 0.01), (-0.01, 0.01), (-0.01, 0.01), (-0.01, 0.01), (-0.01, 0.01), (-0.01, 0.01), (-0.01, 0.01), (-0.01, 0.01), (-0.01, 0.01), (-0.01, 0.01), (-0.01, 0.01), (-0.01, 0.01), (-0.01, 0.01), (-0.01, 0.01), (-0.01, 0.01), (-0.01, 0.01), (-0.01, 0.01), (-0.01, 0.01), (-0.01, 0.01), (-0.01, 0.01), (-0.01, 0.01), (-0.01, 0.01), (-0.01, 0.01), (-0.01, 0.01), (-0.01, 0.01), (-0.01, 0.01), (-0.01, 0.01), (-0.01, 0.01), (-0.01, 0.01), (-0.01, 0.01), (-0.01, 0.01), (-0.01, 0.01), (-0.01, 0.01), (-0.01, 0.01), (-0.01, 0.01), (-0.01, 0.01), (-0.01, 0.01), (-0.01, 0.01), (-0.01, 0.01), (-0.01, 0.01), (-0.01, 0.01), (-0.01, 0.01), (-0.01, 0.01), (-0.01, 0.01), (-0.01, 0.01), (-0.01, 0.01), (-0.01, 0.01), (-0.01, 0.01), (-0.01, 0.01), (-0.01, 0.01), (-0.01, 0.01), (-0.01, 0.01), (-0.01, 0.01), (-0.01, 0.01), (-0.01, 0.01), (-0.01, 0.01), (-0.01, 0.01), (-0.01, 0.01), (-0.01, 0.01), (-0.01, 0.01), (-0.01, 0.01), (-0.01, 0.01), (-0.01, 0.01), (-0.01, 0.01), (-0.01, 0.01), (-0.01, 0.01), (-0.01, 0.01), (-0.01, 0.01), (-0.01, 0.01), (-0.01, 0.01), (-0.01, 0.01), (-0.01, 0.01), (-0.01, 0.01), (-0.01, 0.01), (0.98, 1.02), (-0.2, 0.2), (1.19, 1.23), (0.66, 0.7)]
