Best in last gen:
[-8.13757167e-03  2.05569543e-02 -1.72366631e-03 -1.48968380e-02
  1.89395338e-02 -1.89794369e-02  9.53375106e-02  3.14003961e-02
  6.86546842e-03  5.75309962e-02 -2.59952362e-02  2.63096022e-02
 -8.75450687e-07 -4.68062309e-03 -1.00101244e-02  3.27277245e-03
 -4.85173880e-03 -1.75699062e-03 -8.61569492e-03  1.22079345e-03
 -2.29831102e-02  1.19544862e-02  1.58257619e-02  3.74967435e-02
 -1.38846504e-02  2.72848642e-02  4.45489461e-02  3.45167750e-02
 -1.46066410e-02 -6.14394657e-03  1.85507417e-02  4.67473542e-02
 -5.50409958e-02  2.67117865e-03  3.26216500e-03 -2.02790227e-02
  1.68700511e-02 -1.63885475e-02  5.56405335e-03 -3.36131693e-02
 -4.82335366e-02 -3.06490098e-02  9.82950274e-03 -1.54140044e-02
 -1.68738157e-03 -4.80569050e-03 -8.05105348e-03  5.70829948e-02
  9.72897062e-01  2.85679649e-01  7.88977616e-01  3.92411250e-01]
Best fitness in last gen:
5.253935899475601e-07

Best in all:
[-8.13757167e-03  2.05569543e-02 -1.72366631e-03 -1.48968380e-02
  1.89395338e-02 -1.89794369e-02  9.53375106e-02  3.14003961e-02
  6.86546842e-03  5.75309962e-02 -2.59952362e-02  2.63096022e-02
 -8.75450687e-07 -4.68062309e-03 -1.00101244e-02  3.27277245e-03
 -4.85173880e-03 -1.75699062e-03 -8.61569492e-03  1.22079345e-03
 -2.29831102e-02  1.19544862e-02  1.58257619e-02  3.74967435e-02
 -1.38846504e-02  2.72848642e-02  4.45489461e-02  3.45167750e-02
 -1.46066410e-02 -6.14394657e-03  1.85507417e-02  4.67473542e-02
 -5.50409958e-02  2.67117865e-03  3.26216500e-03 -2.02790227e-02
  1.68700511e-02 -1.63885475e-02  5.56405335e-03 -3.36131693e-02
 -4.82335366e-02 -3.06490098e-02  9.82950274e-03 -1.54140044e-02
 -1.68738157e-03 -4.80569050e-03 -8.05105348e-03  5.70829948e-02
  9.72897062e-01  2.85679649e-01  7.88977616e-01  3.92411250e-01]
Best fitness in all:
5.253935899475601e-07

Initial parameters
population size = 1000
number of generations = 10000
Real number of generations = 10000
elitism = 2
crossover_rate = 0.95
mutation rate = 0.007
mutation range = 0.1
order = 3
gene ranges = ((-0.1, 0.1), (0.98, 1.02), (-2, 2), (0.45, 1.05), (0.05, 0.65))
