Best in last gen:
[ 0.00496191 -0.04425203  0.00320642 -0.02019442  0.01862278 -0.04832878
 -0.04036011 -0.03203962  0.02253515  0.03841792 -0.03899186  0.01403452
  0.02360928  0.03062207 -0.02754402 -0.02239326  0.03170431  0.02505077
 -0.01461601  0.03272341 -0.01552286  0.00793514  0.04786421  0.0148023
 -0.01560642  0.00169334  0.00506306  0.00179743  0.00966507 -0.00908033
  0.04905557  0.02435578 -0.02057977 -0.0482544  -0.03056537 -0.02246276
  0.02001594  0.00496854  0.04256409  0.02315174  0.02798386 -0.02550687
  0.03845568 -0.01886532  0.00500504  0.00598799 -0.02432035 -0.01830403
 -0.00632232  0.04523755 -0.01440203  0.03104832 -0.02579275  0.0284043
  0.04297854  0.01694361  0.03064955 -0.04991284 -0.03628655  0.04895911
  0.03217776  0.01091088 -0.00194196 -0.03770802  0.03668236  0.02421766
  0.01606071  0.02587166  0.02067639 -0.02469202  0.03252112 -0.01076705
  0.045248    0.04625937 -0.01204303  0.0425673   0.03567678  0.00701769
 -0.02604076 -0.01965093  0.00544094 -0.00579375  0.04727095 -0.01360138
 -0.04032505  0.01491703  0.03015562  0.02290509 -0.01787513 -0.00229425
 -0.02822111 -0.04511587  0.01909179 -0.01366821  0.02215511 -0.01986261
  0.02784582 -0.00203231  0.01678747 -0.01625309  0.04225268 -0.0171887
  0.01999739 -0.00745892 -0.03004476  0.00560313  0.01725745 -0.04273987
 -0.03795472  0.02831793 -0.03934146 -0.02350401  0.01899118  0.01766322
  0.0171391   0.02118686 -0.01517051  0.03162606  0.03693411  0.04845329
  1.00142736 -1.52182751  0.64929234  1.29222342]
Best fitness in last gen:
1.9095465784263183e-06

Best in all:
[ 0.00496191 -0.04425203  0.00320642 -0.02019442  0.01862278 -0.04832878
 -0.04036011 -0.03203962  0.02253515  0.03841792 -0.03899186  0.01403452
  0.02360928  0.03062207 -0.02754402 -0.02239326  0.03170431  0.02505077
 -0.01461601  0.03272341 -0.01552286  0.00793514  0.04786421  0.0148023
 -0.01560642  0.00169334  0.00506306  0.00179743  0.00966507 -0.00908033
  0.04905557  0.02435578 -0.02057977 -0.0482544  -0.03056537 -0.02246276
  0.02001594  0.00496854  0.04256409  0.02315174  0.02798386 -0.02550687
  0.03845568 -0.01886532  0.00500504  0.00598799 -0.02432035 -0.01830403
 -0.00632232  0.04523755 -0.01440203  0.03104832 -0.02579275  0.0284043
  0.04297854  0.01694361  0.03064955 -0.04991284 -0.03628655  0.04895911
  0.03217776  0.01091088 -0.00194196 -0.03770802  0.03668236  0.02421766
  0.01606071  0.02587166  0.02067639 -0.02469202  0.03252112 -0.01076705
  0.045248    0.04625937 -0.01204303  0.0425673   0.03567678  0.00701769
 -0.02604076 -0.01965093  0.00544094 -0.00579375  0.04727095 -0.01360138
 -0.04032505  0.01491703  0.03015562  0.02290509 -0.01787513 -0.00229425
 -0.02822111 -0.04511587  0.01909179 -0.01366821  0.02215511 -0.01986261
  0.02784582 -0.00203231  0.01678747 -0.01625309  0.04225268 -0.0171887
  0.01999739 -0.00745892 -0.03004476  0.00560313  0.01725745 -0.04273987
 -0.03795472  0.02831793 -0.03934146 -0.02350401  0.01899118  0.01766322
  0.0171391   0.02118686 -0.01517051  0.03162606  0.03693411  0.04845329
  1.00142736 -1.52182751  0.64929234  1.29222342]
Best fitness in all:
1.9095465784263183e-06
GA calculation time:
13.103471994400024

Initial parameters
population size = 500
number of generations = 10
Real number of generations = 10
elitism = 2
crossover_rate = 0.95
mutation rate = 0.007
mutation range = 0.1
order = 5
gene ranges = ((-0.05, 0.05), (0.98, 1.02), (-2, 2), (0.55, 0.65), (1.2, 1.3))
