Best in last gen:
[-7.01641562e-04 -1.33826797e-03  3.00852926e-02  5.78782126e-03
  7.83603945e-03  1.80065528e-03  1.15074145e-02 -6.87163517e-03
  3.65183751e-04  1.06987649e-02  4.71627955e-03 -2.40862527e-04
 -1.10465324e-02 -1.52685059e-02 -2.69752617e-02  9.03277982e-04
  5.76081656e-03 -9.78959371e-03  2.96638017e-02  1.12522671e-03
 -1.05132741e-02  1.27134133e-03 -1.67252809e-03 -1.39939644e-02
  1.17660530e-02  1.16740441e-02  5.80610799e-03  5.59854982e-02
 -4.15728401e-02 -3.75584273e-04 -3.36021244e-02  2.05269619e-02
  3.22223830e-03  6.30569453e-03  9.80354902e-03 -8.26277891e-03
  1.29244713e-02 -2.07082685e-02  3.94111819e-02  2.05187290e-02
  1.49884221e-03  1.54609340e-02 -5.29996893e-03 -5.83642943e-03
  2.88434067e-03  7.48463188e-03  1.28677298e-02  2.59415107e-02
  6.09356176e-03 -2.25576012e-02 -7.73869383e-03  1.73725396e-02
  1.69930561e-03  6.95207214e-03  1.15186798e-02 -2.32826563e-02
  1.71351973e-02 -1.34897627e-02  7.67102377e-03  2.18546961e-03
 -7.96825317e-03  1.03178380e-02  6.07566186e-03 -2.58050562e-02
 -1.97889735e-02 -1.68092618e-02 -2.17488304e-02  6.63615430e-03
  2.07896458e-02  3.29372853e-03 -5.56980618e-04 -1.15022561e-02
 -2.43311322e-02  5.12829379e-03  6.74995612e-03 -1.81491955e-03
 -1.17720645e-02 -6.13952218e-03 -2.90305890e-03  2.52587675e-03
 -3.22860608e-06 -1.71729211e-02  9.49282937e-03 -2.81098760e-02
 -7.42765176e-03  3.93098768e-03  1.65047829e-02  1.45716516e-02
 -1.06330702e-02 -4.87255240e-03 -5.90785829e-02 -9.13856624e-03
 -1.65425616e-02 -1.31953262e-02  8.30622691e-03 -2.44000778e-02
  3.05683245e-02  1.44322224e-02 -6.85921301e-03  2.69390708e-02
  3.34704954e-03 -2.28953481e-02 -2.06765124e-03  9.23603845e-03
  6.42618228e-03 -8.61210774e-03  1.75919421e-02 -1.21632248e-02
 -6.76288806e-03  1.52467643e-02 -1.41740693e-02  7.81891387e-03
  2.78900125e-02 -1.13697846e-02 -2.94239219e-02  2.41851334e-03
 -3.42571409e-03 -1.58499154e-02  3.49364342e-02  1.18770104e-02
  1.00606304e+00  3.19391180e-06  3.74771360e-01  1.95654412e-01]
Best fitness in last gen:
5.379396049906673e-06
GA calculation time:
17446.47501039505

Initial parameters
population size = 500
number of generations = 10000
Real number of generations = 10000
elitism = 2
crossover_rate = 0.95
mutation rate = 0.01
mutation range = [3.e-02 3.e-02 3.e-02 3.e-02 3.e-02 3.e-02 3.e-02 3.e-02 3.e-02 3.e-02
 3.e-02 3.e-02 3.e-02 3.e-02 3.e-02 3.e-02 3.e-02 3.e-02 3.e-02 3.e-02
 3.e-02 3.e-02 3.e-02 3.e-02 3.e-02 3.e-02 3.e-02 3.e-02 3.e-02 3.e-02
 3.e-02 3.e-02 3.e-02 3.e-02 3.e-02 3.e-02 3.e-02 3.e-02 3.e-02 3.e-02
 3.e-02 3.e-02 3.e-02 3.e-02 3.e-02 3.e-02 3.e-02 3.e-02 3.e-02 3.e-02
 3.e-02 3.e-02 3.e-02 3.e-02 3.e-02 3.e-02 3.e-02 3.e-02 3.e-02 3.e-02
 3.e-02 3.e-02 3.e-02 3.e-02 3.e-02 3.e-02 3.e-02 3.e-02 3.e-02 3.e-02
 3.e-02 3.e-02 3.e-02 3.e-02 3.e-02 3.e-02 3.e-02 3.e-02 3.e-02 3.e-02
 3.e-02 3.e-02 3.e-02 3.e-02 3.e-02 3.e-02 3.e-02 3.e-02 3.e-02 3.e-02
 3.e-02 3.e-02 3.e-02 3.e-02 3.e-02 3.e-02 3.e-02 3.e-02 3.e-02 3.e-02
 3.e-02 3.e-02 3.e-02 3.e-02 3.e-02 3.e-02 3.e-02 3.e-02 3.e-02 3.e-02
 3.e-02 3.e-02 3.e-02 3.e-02 3.e-02 3.e-02 3.e-02 3.e-02 3.e-02 3.e-02
 2.e-02 1.e-06 3.e-02 3.e-02]
order = 5
gene ranges = [(-0.03, 0.03), (-0.03, 0.03), (-0.03, 0.03), (-0.03, 0.03), (-0.03, 0.03), (-0.03, 0.03), (-0.03, 0.03), (-0.03, 0.03), (-0.03, 0.03), (-0.03, 0.03), (-0.03, 0.03), (-0.03, 0.03), (-0.03, 0.03), (-0.03, 0.03), (-0.03, 0.03), (-0.03, 0.03), (-0.03, 0.03), (-0.03, 0.03), (-0.03, 0.03), (-0.03, 0.03), (-0.03, 0.03), (-0.03, 0.03), (-0.03, 0.03), (-0.03, 0.03), (-0.03, 0.03), (-0.03, 0.03), (-0.03, 0.03), (-0.03, 0.03), (-0.03, 0.03), (-0.03, 0.03), (-0.03, 0.03), (-0.03, 0.03), (-0.03, 0.03), (-0.03, 0.03), (-0.03, 0.03), (-0.03, 0.03), (-0.03, 0.03), (-0.03, 0.03), (-0.03, 0.03), (-0.03, 0.03), (-0.03, 0.03), (-0.03, 0.03), (-0.03, 0.03), (-0.03, 0.03), (-0.03, 0.03), (-0.03, 0.03), (-0.03, 0.03), (-0.03, 0.03), (-0.03, 0.03), (-0.03, 0.03), (-0.03, 0.03), (-0.03, 0.03), (-0.03, 0.03), (-0.03, 0.03), (-0.03, 0.03), (-0.03, 0.03), (-0.03, 0.03), (-0.03, 0.03), (-0.03, 0.03), (-0.03, 0.03), (-0.03, 0.03), (-0.03, 0.03), (-0.03, 0.03), (-0.03, 0.03), (-0.03, 0.03), (-0.03, 0.03), (-0.03, 0.03), (-0.03, 0.03), (-0.03, 0.03), (-0.03, 0.03), (-0.03, 0.03), (-0.03, 0.03), (-0.03, 0.03), (-0.03, 0.03), (-0.03, 0.03), (-0.03, 0.03), (-0.03, 0.03), (-0.03, 0.03), (-0.03, 0.03), (-0.03, 0.03), (-0.03, 0.03), (-0.03, 0.03), (-0.03, 0.03), (-0.03, 0.03), (-0.03, 0.03), (-0.03, 0.03), (-0.03, 0.03), (-0.03, 0.03), (-0.03, 0.03), (-0.03, 0.03), (-0.03, 0.03), (-0.03, 0.03), (-0.03, 0.03), (-0.03, 0.03), (-0.03, 0.03), (-0.03, 0.03), (-0.03, 0.03), (-0.03, 0.03), (-0.03, 0.03), (-0.03, 0.03), (-0.03, 0.03), (-0.03, 0.03), (-0.03, 0.03), (-0.03, 0.03), (-0.03, 0.03), (-0.03, 0.03), (-0.03, 0.03), (-0.03, 0.03), (-0.03, 0.03), (-0.03, 0.03), (-0.03, 0.03), (-0.03, 0.03), (-0.03, 0.03), (-0.03, 0.03), (-0.03, 0.03), (-0.03, 0.03), (-0.03, 0.03), (-0.03, 0.03), (-0.03, 0.03), (-0.03, 0.03), (0.98, 1.02), (-1e-05, 1e-05), (0.37, 0.41), (0.17, 0.21)]