Best in last gen:
[ 2.20681377e-02 -4.81983010e-02  1.59171399e-02 -8.95724597e-03
 -4.67374387e-04  1.56008143e-02  5.10948157e-02  2.42005944e-02
  2.21557979e-02  8.69841969e-03 -1.29766794e-02 -9.02506543e-03
  5.71090723e-02  3.83984930e-02 -2.56971653e-02 -4.31872733e-02
  5.29862502e-02 -1.22077581e-03 -9.77742998e-03  1.95821052e-02
 -3.63416258e-03 -1.05997111e-02  1.86359754e-02  3.33192936e-02
 -7.77893936e-04  8.88428534e-03 -9.78969959e-03  9.38379876e-03
  2.90857744e-02  2.48676750e-03 -1.43114785e-01 -3.81045861e-02
  4.61928532e-03  2.72710442e-02 -2.43461478e-02 -5.50444703e-03
 -3.00340090e-02 -1.46129071e-02  1.18059507e-03  1.20368026e-02
 -1.59273816e-02 -1.08121814e-02  3.61995526e-03 -4.46944218e-02
 -6.89553604e-02  1.55380669e-02 -9.59981149e-03  3.45206673e-02
  1.01063610e+00 -3.94593156e-07  7.72336011e-01  3.47141143e-01]
Best fitness in last gen:
4.880683626971619e-09
GA calculation time:
8479.466064214706

Initial parameters
population size = 300
number of generations = 20000
Real number of generations = 20000
elitism = 2
crossover_rate = 0.95
mutation rate = 0.01
mutation range = [4.e-02 4.e-02 4.e-02 4.e-02 4.e-02 4.e-02 4.e-02 4.e-02 4.e-02 4.e-02
 4.e-02 4.e-02 4.e-02 4.e-02 4.e-02 4.e-02 4.e-02 4.e-02 4.e-02 4.e-02
 4.e-02 4.e-02 4.e-02 4.e-02 4.e-02 4.e-02 4.e-02 4.e-02 4.e-02 4.e-02
 4.e-02 4.e-02 4.e-02 4.e-02 4.e-02 4.e-02 4.e-02 4.e-02 4.e-02 4.e-02
 4.e-02 4.e-02 4.e-02 4.e-02 4.e-02 4.e-02 4.e-02 4.e-02 2.e-02 1.e-06
 2.e-02 2.e-02]
order = 3
gene ranges = [(-0.1, 0.1), (-0.1, 0.1), (-0.1, 0.1), (-0.1, 0.1), (-0.1, 0.1), (-0.1, 0.1), (-0.1, 0.1), (-0.1, 0.1), (-0.1, 0.1), (-0.1, 0.1), (-0.1, 0.1), (-0.1, 0.1), (-0.1, 0.1), (-0.1, 0.1), (-0.1, 0.1), (-0.1, 0.1), (-0.1, 0.1), (-0.1, 0.1), (-0.1, 0.1), (-0.1, 0.1), (-0.1, 0.1), (-0.1, 0.1), (-0.1, 0.1), (-0.1, 0.1), (-0.1, 0.1), (-0.1, 0.1), (-0.1, 0.1), (-0.1, 0.1), (-0.1, 0.1), (-0.1, 0.1), (-0.1, 0.1), (-0.1, 0.1), (-0.1, 0.1), (-0.1, 0.1), (-0.1, 0.1), (-0.1, 0.1), (-0.1, 0.1), (-0.1, 0.1), (-0.1, 0.1), (-0.1, 0.1), (-0.1, 0.1), (-0.1, 0.1), (-0.1, 0.1), (-0.1, 0.1), (-0.1, 0.1), (-0.1, 0.1), (-0.1, 0.1), (-0.1, 0.1), (0.98, 1.02), (-1e-05, 1e-05), (0.72, 0.82), (0.28, 0.38)]
