Best in last gen:
[ 2.37425217e-02 -8.39391364e-03  4.39281054e-02 -4.02086010e-03
 -1.67254555e-03 -9.38347576e-03  3.87891075e-04  7.33875222e-03
  3.05824441e-02 -4.15154998e-02 -1.06680948e-02 -5.69013213e-02
 -4.50004369e-02  4.70912912e-02 -4.16539274e-02 -4.08103233e-02
  2.17515047e-02  2.25780712e-02  1.15460217e-02  1.54884995e-04
  3.97454213e-03  3.12717303e-02  4.35055958e-02  2.44787198e-02
  1.43657278e-02  2.52081294e-02 -8.59832844e-03 -1.64283670e-02
 -3.01449535e-03 -6.94705848e-03  2.17366792e-02 -1.80804371e-02
 -7.73685041e-03 -1.29792061e-02  3.67952748e-02 -5.97869101e-02
 -3.10736951e-02 -4.71342045e-02  3.24661647e-02 -1.35341389e-02
 -8.99001685e-03 -1.78939436e-03 -4.05059967e-02 -4.17931853e-02
  4.89348315e-03 -2.61261252e-02  6.30391148e-02 -5.06037963e-04
  9.88647645e-01 -1.59968248e-06  7.22255673e-01  5.50317171e-01]
Best fitness in last gen:
1.3189043286090309e-06
GA calculation time:
183.43147158622742

Initial parameters
population size = 100
number of generations = 1000
Real number of generations = 1000
elitism = 2
crossover_rate = 0.95
mutation rate = 0.01
mutation range = [4.e-02 4.e-02 4.e-02 4.e-02 4.e-02 4.e-02 4.e-02 4.e-02 4.e-02 4.e-02
 4.e-02 4.e-02 4.e-02 4.e-02 4.e-02 4.e-02 4.e-02 4.e-02 4.e-02 4.e-02
 4.e-02 4.e-02 4.e-02 4.e-02 4.e-02 4.e-02 4.e-02 4.e-02 4.e-02 4.e-02
 4.e-02 4.e-02 4.e-02 4.e-02 4.e-02 4.e-02 4.e-02 4.e-02 4.e-02 4.e-02
 4.e-02 4.e-02 4.e-02 4.e-02 4.e-02 4.e-02 4.e-02 4.e-02 2.e-02 1.e-06
 2.e-02 2.e-02]
order = 3
gene ranges = [(-0.1, 0.1), (-0.1, 0.1), (-0.1, 0.1), (-0.1, 0.1), (-0.1, 0.1), (-0.1, 0.1), (-0.1, 0.1), (-0.1, 0.1), (-0.1, 0.1), (-0.1, 0.1), (-0.1, 0.1), (-0.1, 0.1), (-0.1, 0.1), (-0.1, 0.1), (-0.1, 0.1), (-0.1, 0.1), (-0.1, 0.1), (-0.1, 0.1), (-0.1, 0.1), (-0.1, 0.1), (-0.1, 0.1), (-0.1, 0.1), (-0.1, 0.1), (-0.1, 0.1), (-0.1, 0.1), (-0.1, 0.1), (-0.1, 0.1), (-0.1, 0.1), (-0.1, 0.1), (-0.1, 0.1), (-0.1, 0.1), (-0.1, 0.1), (-0.1, 0.1), (-0.1, 0.1), (-0.1, 0.1), (-0.1, 0.1), (-0.1, 0.1), (-0.1, 0.1), (-0.1, 0.1), (-0.1, 0.1), (-0.1, 0.1), (-0.1, 0.1), (-0.1, 0.1), (-0.1, 0.1), (-0.1, 0.1), (-0.1, 0.1), (-0.1, 0.1), (-0.1, 0.1), (0.98, 1.02), (-1e-05, 1e-05), (0.71, 0.75), (0.55, 0.59)]
