Best in last gen:
[-3.33142390e-02  1.04911594e-02 -1.74383359e-02 -1.68716942e-02
  3.65314586e-02 -2.35614688e-02  4.30242406e-04 -3.56466650e-02
  1.78379695e-03  1.76088426e-02  1.59267820e-02 -2.30064965e-02
 -3.25535383e-03  7.52410487e-04 -4.56088564e-03  1.89265899e-02
  2.34922537e-02  9.84287327e-03  7.34329556e-02 -1.19159911e-02
 -3.36566295e-03  3.00431646e-02  1.81040110e-02 -1.40319357e-02
  3.07352015e-02  2.22521384e-02 -2.18478996e-02 -2.42834827e-03
  4.40237599e-02  6.57841528e-03  2.38688129e-02 -6.47332343e-03
  1.50053362e-03  3.68633819e-02  5.41832678e-03  4.77714319e-03
  2.02652980e-02  2.49627133e-02  1.40357763e-02  3.63231613e-04
 -5.97845428e-03  2.56705464e-02  4.11489043e-02 -1.50769294e-02
  6.19838896e-02  1.11439572e-02  4.39128570e-02  1.94727331e-03
  9.96498139e-01 -1.99022416e-06  2.02431457e+00  5.57878127e-01]
Best fitness in last gen:
9.501814854563198e-07
GA calculation time:
397.5780873298645

Initial parameters
population size = 100
number of generations = 2000
Real number of generations = 2000
elitism = 2
crossover_rate = 0.95
mutation rate = 0.01
mutation range = [4.e-02 4.e-02 4.e-02 4.e-02 4.e-02 4.e-02 4.e-02 4.e-02 4.e-02 4.e-02
 4.e-02 4.e-02 4.e-02 4.e-02 4.e-02 4.e-02 4.e-02 4.e-02 4.e-02 4.e-02
 4.e-02 4.e-02 4.e-02 4.e-02 4.e-02 4.e-02 4.e-02 4.e-02 4.e-02 4.e-02
 4.e-02 4.e-02 4.e-02 4.e-02 4.e-02 4.e-02 4.e-02 4.e-02 4.e-02 4.e-02
 4.e-02 4.e-02 4.e-02 4.e-02 4.e-02 4.e-02 4.e-02 4.e-02 2.e-02 1.e-06
 2.e-02 2.e-02]
order = 3
gene ranges = [(-0.04, 0.04), (-0.04, 0.04), (-0.04, 0.04), (-0.04, 0.04), (-0.04, 0.04), (-0.04, 0.04), (-0.04, 0.04), (-0.04, 0.04), (-0.04, 0.04), (-0.04, 0.04), (-0.04, 0.04), (-0.04, 0.04), (-0.04, 0.04), (-0.04, 0.04), (-0.04, 0.04), (-0.04, 0.04), (-0.04, 0.04), (-0.04, 0.04), (-0.04, 0.04), (-0.04, 0.04), (-0.04, 0.04), (-0.04, 0.04), (-0.04, 0.04), (-0.04, 0.04), (-0.04, 0.04), (-0.04, 0.04), (-0.04, 0.04), (-0.04, 0.04), (-0.04, 0.04), (-0.04, 0.04), (-0.04, 0.04), (-0.04, 0.04), (-0.04, 0.04), (-0.04, 0.04), (-0.04, 0.04), (-0.04, 0.04), (-0.04, 0.04), (-0.04, 0.04), (-0.04, 0.04), (-0.04, 0.04), (-0.04, 0.04), (-0.04, 0.04), (-0.04, 0.04), (-0.04, 0.04), (-0.04, 0.04), (-0.04, 0.04), (-0.04, 0.04), (-0.04, 0.04), (0.98, 1.02), (-1e-05, 1e-05), (2.0, 2.04), (0.55, 0.59)]
