Best in last gen:
[-1.09658684e-02  8.47380181e-02 -1.02004117e-02  8.07763669e-02
 -6.75735151e-02 -4.30860031e-02  2.41604839e-02  1.22176157e-02
 -2.16597401e-03  3.63342396e-02  3.75533973e-03  4.15711752e-02
  3.34445231e-02  3.32650728e-02 -1.50739997e-02 -7.17060355e-03
 -8.81357805e-03  1.74969385e-02  6.01844687e-02 -2.28574888e-02
  7.66373430e-03 -7.69452572e-02 -3.35504373e-02 -1.03762249e-02
 -6.65761259e-03 -4.44886317e-02  2.06867261e-02 -5.42504569e-02
 -3.36288242e-02 -2.62986629e-02  5.86375710e-02  3.83725328e-02
 -1.89415697e-02 -5.55323636e-02  8.96033383e-03  1.96361293e-02
 -1.20919383e-02  7.03744726e-04 -1.97294654e-02 -1.39105699e-02
  2.43912505e-02  6.55538004e-03  3.81148085e-02 -1.03391928e-01
 -3.50622479e-02  2.56341756e-02 -2.09369882e-02  2.79670250e-02
  1.01198549e+00 -4.78901498e-06  1.12943111e+00  3.76745081e-01]
Best fitness in last gen:
4.901786896748486e-06
GA calculation time:
2987.4863617420197

Initial parameters
population size = 300
number of generations = 10000
Real number of generations = 10000
elitism = 2
crossover_rate = 0.95
mutation rate = 0.01
mutation range = [4.e-02 4.e-02 4.e-02 4.e-02 4.e-02 4.e-02 4.e-02 4.e-02 4.e-02 4.e-02
 4.e-02 4.e-02 4.e-02 4.e-02 4.e-02 4.e-02 4.e-02 4.e-02 4.e-02 4.e-02
 4.e-02 4.e-02 4.e-02 4.e-02 4.e-02 4.e-02 4.e-02 4.e-02 4.e-02 4.e-02
 4.e-02 4.e-02 4.e-02 4.e-02 4.e-02 4.e-02 4.e-02 4.e-02 4.e-02 4.e-02
 4.e-02 4.e-02 4.e-02 4.e-02 4.e-02 4.e-02 4.e-02 4.e-02 2.e-02 1.e-06
 2.e-02 2.e-02]
order = 3
gene ranges = [(-0.05, 0.05), (-0.05, 0.05), (-0.05, 0.05), (-0.05, 0.05), (-0.05, 0.05), (-0.05, 0.05), (-0.05, 0.05), (-0.05, 0.05), (-0.05, 0.05), (-0.05, 0.05), (-0.05, 0.05), (-0.05, 0.05), (-0.05, 0.05), (-0.05, 0.05), (-0.05, 0.05), (-0.05, 0.05), (-0.05, 0.05), (-0.05, 0.05), (-0.05, 0.05), (-0.05, 0.05), (-0.05, 0.05), (-0.05, 0.05), (-0.05, 0.05), (-0.05, 0.05), (-0.05, 0.05), (-0.05, 0.05), (-0.05, 0.05), (-0.05, 0.05), (-0.05, 0.05), (-0.05, 0.05), (-0.05, 0.05), (-0.05, 0.05), (-0.05, 0.05), (-0.05, 0.05), (-0.05, 0.05), (-0.05, 0.05), (-0.05, 0.05), (-0.05, 0.05), (-0.05, 0.05), (-0.05, 0.05), (-0.05, 0.05), (-0.05, 0.05), (-0.05, 0.05), (-0.05, 0.05), (-0.05, 0.05), (-0.05, 0.05), (-0.05, 0.05), (-0.05, 0.05), (0.98, 1.02), (-1e-05, 1e-05), (1.05, 1.15), (0.28, 0.38)]
