Best in last gen:
[ 4.61913822e-02  2.10537099e-02 -5.38255297e-02  4.19349686e-02
  8.73457818e-03 -7.00140737e-02  1.94983145e-02 -1.21471744e-02
  1.50550544e-02  2.42860270e-02 -4.75327009e-02  2.00402695e-02
  3.60359189e-02 -1.31899612e-02 -4.00284730e-03  1.87378129e-02
  2.30785619e-02  1.78805797e-02  1.83665446e-02  2.01098318e-02
 -4.75691830e-03  2.82286974e-02 -1.34006385e-03  1.08750211e-02
 -3.46083118e-02  1.10854167e-02  1.58562476e-02 -2.05882286e-02
 -1.86795160e-02 -1.75143177e-02  1.43591582e-02 -2.24659787e-02
 -7.59364809e-03 -1.17386544e-02  5.64222295e-03  9.60806545e-03
  2.73854232e-02 -3.32889028e-02  1.19472006e-02  1.99011997e-02
 -1.23099728e-02 -9.33660742e-03 -3.42477344e-02  1.07201709e-02
  3.24234884e-02  2.01744717e-02  2.12675069e-02  2.46231081e-02
  9.97618952e-01  1.11204633e-06  3.21287423e-01  7.81779326e-01]
Best fitness in last gen:
2.520411739793351e-06
GA calculation time:
50.76074552536011

Initial parameters
population size = 30
number of generations = 1000
Real number of generations = 1000
elitism = 2
crossover_rate = 0.95
mutation rate = 0.01
mutation range = [4.e-02 4.e-02 4.e-02 4.e-02 4.e-02 4.e-02 4.e-02 4.e-02 4.e-02 4.e-02
 4.e-02 4.e-02 4.e-02 4.e-02 4.e-02 4.e-02 4.e-02 4.e-02 4.e-02 4.e-02
 4.e-02 4.e-02 4.e-02 4.e-02 4.e-02 4.e-02 4.e-02 4.e-02 4.e-02 4.e-02
 4.e-02 4.e-02 4.e-02 4.e-02 4.e-02 4.e-02 4.e-02 4.e-02 4.e-02 4.e-02
 4.e-02 4.e-02 4.e-02 4.e-02 4.e-02 4.e-02 4.e-02 4.e-02 2.e-02 1.e-06
 2.e-02 2.e-02]
order = 3
gene ranges = [(-0.05, 0.05), (-0.05, 0.05), (-0.05, 0.05), (-0.05, 0.05), (-0.05, 0.05), (-0.05, 0.05), (-0.05, 0.05), (-0.05, 0.05), (-0.05, 0.05), (-0.05, 0.05), (-0.05, 0.05), (-0.05, 0.05), (-0.05, 0.05), (-0.05, 0.05), (-0.05, 0.05), (-0.05, 0.05), (-0.05, 0.05), (-0.05, 0.05), (-0.05, 0.05), (-0.05, 0.05), (-0.05, 0.05), (-0.05, 0.05), (-0.05, 0.05), (-0.05, 0.05), (-0.05, 0.05), (-0.05, 0.05), (-0.05, 0.05), (-0.05, 0.05), (-0.05, 0.05), (-0.05, 0.05), (-0.05, 0.05), (-0.05, 0.05), (-0.05, 0.05), (-0.05, 0.05), (-0.05, 0.05), (-0.05, 0.05), (-0.05, 0.05), (-0.05, 0.05), (-0.05, 0.05), (-0.05, 0.05), (-0.05, 0.05), (-0.05, 0.05), (-0.05, 0.05), (-0.05, 0.05), (-0.05, 0.05), (-0.05, 0.05), (-0.05, 0.05), (-0.05, 0.05), (0.98, 1.02), (-1e-05, 1e-05), (0.28, 0.38), (0.72, 0.82)]
