Best in last gen:
[ 1.28509206e-02 -2.24302530e-02 -1.80288535e-02  4.58703860e-03
  2.37311282e-02 -3.76669175e-02 -3.94671575e-04  5.76378886e-02
  1.22401829e-02  4.54629355e-03 -3.11161634e-02  1.26956888e-02
  2.11180209e-02 -1.95705320e-02  5.78312704e-03  1.17366524e-02
  5.45301872e-02 -9.07284742e-03 -2.38237854e-03 -2.61121552e-03
  4.28088116e-02  3.47176776e-02  9.55615700e-03  6.95781280e-03
  1.83512123e-03  4.21989663e-02  8.27066567e-03 -1.11958287e-02
 -1.90310372e-03  7.22340781e-03  1.08172494e-02 -1.02419543e-02
 -1.47080290e-02 -8.77338805e-03  5.15292178e-03  1.21494754e-03
  1.72841725e-02 -1.40032014e-02 -6.61526403e-03 -6.91823857e-03
 -4.58842516e-03  6.05734809e-03  1.17018572e-02 -4.07085934e-03
  1.92109725e-02  1.44653704e-02  3.04733685e-03  1.79714556e-03
  1.39563292e-03 -8.44486032e-04 -9.72747973e-03 -9.07783616e-03
  5.99387358e-03 -3.79930855e-03  3.62168119e-03 -1.46970972e-02
 -6.17007784e-03  2.48052029e-02 -3.83825582e-02  5.87485987e-03
  1.41025595e-02 -6.40801937e-03 -6.05022226e-03 -2.72592339e-03
 -3.18921678e-03  2.37087571e-02  1.45011129e-02 -1.62716219e-03
 -8.64743539e-03 -4.40001616e-03 -2.31437066e-03 -4.51526141e-03
  4.30828463e-03  9.42033965e-03  1.32011279e-02 -3.03228595e-02
  2.04430297e-02  3.48478161e-03  1.90643832e-02  1.40891187e-02
 -4.92864857e-02  2.66729193e-03  3.22999990e-03 -1.07041646e-02
  9.27542960e-03  2.51550821e-03  1.22611508e-02 -1.44560527e-02
  1.20358873e-02 -1.29566141e-02 -1.80737612e-02 -2.15587638e-02
 -1.10360266e-03  1.35755243e-03 -4.27934264e-03 -4.43838788e-03
  3.79930088e-03  1.80262638e-03 -3.70625435e-03  2.75505738e-03
  5.58210842e-03 -5.15588448e-03 -3.29555119e-03  6.30928030e-03
  1.29793682e-02  7.54222352e-03 -8.43480282e-03  1.72475336e-02
  9.18959273e-03 -1.45155228e-02 -6.92890464e-02 -2.22572821e-02
  7.54362934e-03 -1.30388795e-02 -4.80971125e-03  6.15349136e-03
  1.05410237e-02  2.91788153e-02 -1.38290680e-02 -3.99699628e-03
  1.00305183e+00 -3.61798393e-06  1.25104206e+00  5.78726489e-01]
Best fitness in last gen:
0.0003073822103738879
GA calculation time:
154111.95934844017

Initial parameters
population size = 500
number of generations = 100000
Real number of generations = 100000
elitism = 2
crossover_rate = 0.95
mutation rate = 0.01
mutation range = [3.e-02 3.e-02 3.e-02 3.e-02 3.e-02 3.e-02 3.e-02 3.e-02 3.e-02 3.e-02
 3.e-02 3.e-02 3.e-02 3.e-02 3.e-02 3.e-02 3.e-02 3.e-02 3.e-02 3.e-02
 3.e-02 3.e-02 3.e-02 3.e-02 3.e-02 3.e-02 3.e-02 3.e-02 3.e-02 3.e-02
 3.e-02 3.e-02 3.e-02 3.e-02 3.e-02 3.e-02 3.e-02 3.e-02 3.e-02 3.e-02
 3.e-02 3.e-02 3.e-02 3.e-02 3.e-02 3.e-02 3.e-02 3.e-02 3.e-02 3.e-02
 3.e-02 3.e-02 3.e-02 3.e-02 3.e-02 3.e-02 3.e-02 3.e-02 3.e-02 3.e-02
 3.e-02 3.e-02 3.e-02 3.e-02 3.e-02 3.e-02 3.e-02 3.e-02 3.e-02 3.e-02
 3.e-02 3.e-02 3.e-02 3.e-02 3.e-02 3.e-02 3.e-02 3.e-02 3.e-02 3.e-02
 3.e-02 3.e-02 3.e-02 3.e-02 3.e-02 3.e-02 3.e-02 3.e-02 3.e-02 3.e-02
 3.e-02 3.e-02 3.e-02 3.e-02 3.e-02 3.e-02 3.e-02 3.e-02 3.e-02 3.e-02
 3.e-02 3.e-02 3.e-02 3.e-02 3.e-02 3.e-02 3.e-02 3.e-02 3.e-02 3.e-02
 3.e-02 3.e-02 3.e-02 3.e-02 3.e-02 3.e-02 3.e-02 3.e-02 3.e-02 3.e-02
 2.e-02 1.e-06 2.e-02 2.e-02]
order = 5
gene ranges = [(-0.03, 0.03), (-0.03, 0.03), (-0.03, 0.03), (-0.03, 0.03), (-0.03, 0.03), (-0.03, 0.03), (-0.03, 0.03), (-0.03, 0.03), (-0.03, 0.03), (-0.03, 0.03), (-0.03, 0.03), (-0.03, 0.03), (-0.03, 0.03), (-0.03, 0.03), (-0.03, 0.03), (-0.03, 0.03), (-0.03, 0.03), (-0.03, 0.03), (-0.03, 0.03), (-0.03, 0.03), (-0.03, 0.03), (-0.03, 0.03), (-0.03, 0.03), (-0.03, 0.03), (-0.03, 0.03), (-0.03, 0.03), (-0.03, 0.03), (-0.03, 0.03), (-0.03, 0.03), (-0.03, 0.03), (-0.03, 0.03), (-0.03, 0.03), (-0.03, 0.03), (-0.03, 0.03), (-0.03, 0.03), (-0.03, 0.03), (-0.03, 0.03), (-0.03, 0.03), (-0.03, 0.03), (-0.03, 0.03), (-0.03, 0.03), (-0.03, 0.03), (-0.03, 0.03), (-0.03, 0.03), (-0.03, 0.03), (-0.03, 0.03), (-0.03, 0.03), (-0.03, 0.03), (-0.03, 0.03), (-0.03, 0.03), (-0.03, 0.03), (-0.03, 0.03), (-0.03, 0.03), (-0.03, 0.03), (-0.03, 0.03), (-0.03, 0.03), (-0.03, 0.03), (-0.03, 0.03), (-0.03, 0.03), (-0.03, 0.03), (-0.03, 0.03), (-0.03, 0.03), (-0.03, 0.03), (-0.03, 0.03), (-0.03, 0.03), (-0.03, 0.03), (-0.03, 0.03), (-0.03, 0.03), (-0.03, 0.03), (-0.03, 0.03), (-0.03, 0.03), (-0.03, 0.03), (-0.03, 0.03), (-0.03, 0.03), (-0.03, 0.03), (-0.03, 0.03), (-0.03, 0.03), (-0.03, 0.03), (-0.03, 0.03), (-0.03, 0.03), (-0.03, 0.03), (-0.03, 0.03), (-0.03, 0.03), (-0.03, 0.03), (-0.03, 0.03), (-0.03, 0.03), (-0.03, 0.03), (-0.03, 0.03), (-0.03, 0.03), (-0.03, 0.03), (-0.03, 0.03), (-0.03, 0.03), (-0.03, 0.03), (-0.03, 0.03), (-0.03, 0.03), (-0.03, 0.03), (-0.03, 0.03), (-0.03, 0.03), (-0.03, 0.03), (-0.03, 0.03), (-0.03, 0.03), (-0.03, 0.03), (-0.03, 0.03), (-0.03, 0.03), (-0.03, 0.03), (-0.03, 0.03), (-0.03, 0.03), (-0.03, 0.03), (-0.03, 0.03), (-0.03, 0.03), (-0.03, 0.03), (-0.03, 0.03), (-0.03, 0.03), (-0.03, 0.03), (-0.03, 0.03), (-0.03, 0.03), (-0.03, 0.03), (-0.03, 0.03), (-0.03, 0.03), (-0.03, 0.03), (0.98, 1.02), (-1e-05, 1e-05), (1.24, 1.28), (0.56, 0.6)]