Best in last gen:
[ 1.89512277e-02  4.31900963e-02  1.09707984e-02  5.74013397e-02
  9.61942070e-03 -7.97221713e-03  1.33076803e-02  3.05440576e-04
  8.12956634e-03  3.50471183e-02 -2.40824588e-02  2.40386380e-02
  4.59807439e-02 -4.27329871e-02  2.67203064e-02 -4.50851723e-03
  1.17736326e-02  8.88631187e-03  1.44372218e-03 -5.14952470e-03
 -2.20687366e-03  2.32431183e-02  2.05347997e-02 -2.73938352e-02
 -1.40801562e-03  2.21599467e-02 -5.53219411e-02  7.89617552e-03
 -5.76597506e-03  2.21205320e-03  1.47208746e-02 -6.20245540e-02
 -5.96398709e-03 -2.30708887e-02 -5.97505035e-03 -6.90728452e-03
 -2.18416712e-02  2.42007653e-02 -9.01581040e-03  1.31557832e-02
 -5.80300209e-03  5.61212399e-03 -8.60107432e-02 -1.65735540e-02
 -1.46543943e-02 -5.97124864e-03 -2.84741150e-02  6.24745976e-02
  1.00592334e+00  8.01466605e-07  3.30744985e-01  7.47240059e-01]
Best fitness in last gen:
1.2787444225497283e-05
GA calculation time:
4035.0689256191254

Initial parameters
population size = 300
number of generations = 10000
Real number of generations = 10000
elitism = 2
crossover_rate = 0.95
mutation rate = 0.01
mutation range = [4.e-02 4.e-02 4.e-02 4.e-02 4.e-02 4.e-02 4.e-02 4.e-02 4.e-02 4.e-02
 4.e-02 4.e-02 4.e-02 4.e-02 4.e-02 4.e-02 4.e-02 4.e-02 4.e-02 4.e-02
 4.e-02 4.e-02 4.e-02 4.e-02 4.e-02 4.e-02 4.e-02 4.e-02 4.e-02 4.e-02
 4.e-02 4.e-02 4.e-02 4.e-02 4.e-02 4.e-02 4.e-02 4.e-02 4.e-02 4.e-02
 4.e-02 4.e-02 4.e-02 4.e-02 4.e-02 4.e-02 4.e-02 4.e-02 2.e-02 1.e-06
 2.e-02 2.e-02]
order = 3
gene ranges = [(-0.05, 0.05), (-0.05, 0.05), (-0.05, 0.05), (-0.05, 0.05), (-0.05, 0.05), (-0.05, 0.05), (-0.05, 0.05), (-0.05, 0.05), (-0.05, 0.05), (-0.05, 0.05), (-0.05, 0.05), (-0.05, 0.05), (-0.05, 0.05), (-0.05, 0.05), (-0.05, 0.05), (-0.05, 0.05), (-0.05, 0.05), (-0.05, 0.05), (-0.05, 0.05), (-0.05, 0.05), (-0.05, 0.05), (-0.05, 0.05), (-0.05, 0.05), (-0.05, 0.05), (-0.05, 0.05), (-0.05, 0.05), (-0.05, 0.05), (-0.05, 0.05), (-0.05, 0.05), (-0.05, 0.05), (-0.05, 0.05), (-0.05, 0.05), (-0.05, 0.05), (-0.05, 0.05), (-0.05, 0.05), (-0.05, 0.05), (-0.05, 0.05), (-0.05, 0.05), (-0.05, 0.05), (-0.05, 0.05), (-0.05, 0.05), (-0.05, 0.05), (-0.05, 0.05), (-0.05, 0.05), (-0.05, 0.05), (-0.05, 0.05), (-0.05, 0.05), (-0.05, 0.05), (0.98, 1.02), (-1e-05, 1e-05), (0.28, 0.38), (0.72, 0.82)]
