Best in last gen:
[ 2.27454564e-02  1.47121458e-02 -1.65479303e-02  1.03774951e-02
 -1.69982390e-02 -1.31309252e-03  1.61624240e-02  8.26507312e-04
 -5.87346616e-03 -1.01258056e-02  1.26791334e-02  6.48280084e-03
  4.72624612e-04 -1.70245749e-02  1.45475601e-02 -1.88484615e-02
  1.64417886e-02  3.46106651e-02 -7.72164972e-03  1.65885606e-02
  1.96742350e-02  6.64626459e-03  1.47402304e-02 -4.77633268e-03
 -3.34643438e-03 -7.03314001e-03 -1.12455507e-02  8.93230744e-03
 -1.38309977e-02  6.53709519e-03  2.11376872e-02 -3.26482496e-02
  4.70400370e-03 -1.31016953e-02  4.72876610e-02  1.51208935e-02
 -6.22036417e-03  7.61140654e-03  2.18932212e-03 -6.57003114e-04
 -1.58182898e-02 -1.75584762e-02 -1.08123367e-03  2.25858414e-02
 -8.76846165e-03  5.01791556e-03  1.48085258e-02 -3.08568541e-03
 -2.54480661e-04 -3.29491180e-03  6.38838080e-03 -3.22528662e-02
 -2.76901866e-02 -1.44491511e-02  1.15448994e-02 -1.15690675e-02
  1.76314863e-02  1.17417129e-02  2.37569216e-02 -3.67109506e-04
 -3.71641490e-03 -2.86266504e-03 -1.54568754e-02 -5.66763029e-03
  1.41233892e-02  9.53158370e-03  2.47570437e-02 -1.89284402e-02
  2.12429713e-02  2.76144690e-02 -7.14735930e-03  2.12800213e-02
  1.32896537e-02 -1.33187671e-02  3.54296539e-03  6.54536581e-03
 -6.46639016e-03  2.67818403e-02  2.70521829e-02 -1.46150628e-03
 -2.63728864e-02 -5.08936873e-02  2.00367557e-02  4.76415106e-03
  2.36609900e-02  7.71804175e-03 -1.66418743e-02  9.48038190e-03
 -8.82924620e-03  9.44058604e-03  9.24596846e-03 -2.29068207e-02
 -9.09544381e-03 -2.24456929e-02  1.09595068e-03  1.71753996e-02
  1.76370021e-02 -1.59990193e-02 -1.29635849e-02 -8.69558046e-03
  8.70841261e-03  1.18073990e-02 -7.87372522e-03  3.35340343e-03
  2.57408282e-02  5.00074193e-03  6.60059870e-03 -5.98820753e-03
  1.71294555e-04  2.25956181e-02 -5.66848755e-03 -1.05284972e-02
 -2.19914516e-03 -1.35072695e-02  1.44345464e-02  8.95624270e-03
  1.10295805e-02 -7.85065903e-03 -1.68918401e-02 -2.31262900e-03
  1.00862751e+00 -1.82748459e-06  2.23486278e-01  9.04242441e-01]
Best fitness in last gen:
2.509670454100506e-06
GA calculation time:
17692.799101114273

Initial parameters
population size = 500
number of generations = 10000
Real number of generations = 10000
elitism = 2
crossover_rate = 0.95
mutation rate = 0.01
mutation range = [3.e-02 3.e-02 3.e-02 3.e-02 3.e-02 3.e-02 3.e-02 3.e-02 3.e-02 3.e-02
 3.e-02 3.e-02 3.e-02 3.e-02 3.e-02 3.e-02 3.e-02 3.e-02 3.e-02 3.e-02
 3.e-02 3.e-02 3.e-02 3.e-02 3.e-02 3.e-02 3.e-02 3.e-02 3.e-02 3.e-02
 3.e-02 3.e-02 3.e-02 3.e-02 3.e-02 3.e-02 3.e-02 3.e-02 3.e-02 3.e-02
 3.e-02 3.e-02 3.e-02 3.e-02 3.e-02 3.e-02 3.e-02 3.e-02 3.e-02 3.e-02
 3.e-02 3.e-02 3.e-02 3.e-02 3.e-02 3.e-02 3.e-02 3.e-02 3.e-02 3.e-02
 3.e-02 3.e-02 3.e-02 3.e-02 3.e-02 3.e-02 3.e-02 3.e-02 3.e-02 3.e-02
 3.e-02 3.e-02 3.e-02 3.e-02 3.e-02 3.e-02 3.e-02 3.e-02 3.e-02 3.e-02
 3.e-02 3.e-02 3.e-02 3.e-02 3.e-02 3.e-02 3.e-02 3.e-02 3.e-02 3.e-02
 3.e-02 3.e-02 3.e-02 3.e-02 3.e-02 3.e-02 3.e-02 3.e-02 3.e-02 3.e-02
 3.e-02 3.e-02 3.e-02 3.e-02 3.e-02 3.e-02 3.e-02 3.e-02 3.e-02 3.e-02
 3.e-02 3.e-02 3.e-02 3.e-02 3.e-02 3.e-02 3.e-02 3.e-02 3.e-02 3.e-02
 2.e-02 1.e-06 3.e-02 3.e-02]
order = 5
gene ranges = [(-0.03, 0.03), (-0.03, 0.03), (-0.03, 0.03), (-0.03, 0.03), (-0.03, 0.03), (-0.03, 0.03), (-0.03, 0.03), (-0.03, 0.03), (-0.03, 0.03), (-0.03, 0.03), (-0.03, 0.03), (-0.03, 0.03), (-0.03, 0.03), (-0.03, 0.03), (-0.03, 0.03), (-0.03, 0.03), (-0.03, 0.03), (-0.03, 0.03), (-0.03, 0.03), (-0.03, 0.03), (-0.03, 0.03), (-0.03, 0.03), (-0.03, 0.03), (-0.03, 0.03), (-0.03, 0.03), (-0.03, 0.03), (-0.03, 0.03), (-0.03, 0.03), (-0.03, 0.03), (-0.03, 0.03), (-0.03, 0.03), (-0.03, 0.03), (-0.03, 0.03), (-0.03, 0.03), (-0.03, 0.03), (-0.03, 0.03), (-0.03, 0.03), (-0.03, 0.03), (-0.03, 0.03), (-0.03, 0.03), (-0.03, 0.03), (-0.03, 0.03), (-0.03, 0.03), (-0.03, 0.03), (-0.03, 0.03), (-0.03, 0.03), (-0.03, 0.03), (-0.03, 0.03), (-0.03, 0.03), (-0.03, 0.03), (-0.03, 0.03), (-0.03, 0.03), (-0.03, 0.03), (-0.03, 0.03), (-0.03, 0.03), (-0.03, 0.03), (-0.03, 0.03), (-0.03, 0.03), (-0.03, 0.03), (-0.03, 0.03), (-0.03, 0.03), (-0.03, 0.03), (-0.03, 0.03), (-0.03, 0.03), (-0.03, 0.03), (-0.03, 0.03), (-0.03, 0.03), (-0.03, 0.03), (-0.03, 0.03), (-0.03, 0.03), (-0.03, 0.03), (-0.03, 0.03), (-0.03, 0.03), (-0.03, 0.03), (-0.03, 0.03), (-0.03, 0.03), (-0.03, 0.03), (-0.03, 0.03), (-0.03, 0.03), (-0.03, 0.03), (-0.03, 0.03), (-0.03, 0.03), (-0.03, 0.03), (-0.03, 0.03), (-0.03, 0.03), (-0.03, 0.03), (-0.03, 0.03), (-0.03, 0.03), (-0.03, 0.03), (-0.03, 0.03), (-0.03, 0.03), (-0.03, 0.03), (-0.03, 0.03), (-0.03, 0.03), (-0.03, 0.03), (-0.03, 0.03), (-0.03, 0.03), (-0.03, 0.03), (-0.03, 0.03), (-0.03, 0.03), (-0.03, 0.03), (-0.03, 0.03), (-0.03, 0.03), (-0.03, 0.03), (-0.03, 0.03), (-0.03, 0.03), (-0.03, 0.03), (-0.03, 0.03), (-0.03, 0.03), (-0.03, 0.03), (-0.03, 0.03), (-0.03, 0.03), (-0.03, 0.03), (-0.03, 0.03), (-0.03, 0.03), (-0.03, 0.03), (-0.03, 0.03), (-0.03, 0.03), (-0.03, 0.03), (-0.03, 0.03), (0.98, 1.02), (-1e-05, 1e-05), (0.18, 0.24), (0.9, 0.96)]