Best in last gen:
[ 4.53411639e-02  3.14462430e-03  5.24770748e-02  2.86791975e-03
 -2.14543618e-02  6.77221110e-02 -1.21515456e-02 -2.31703872e-02
  1.01346353e-02  9.91876051e-03 -2.64059652e-02  7.53423203e-03
 -8.56172457e-03  1.28448905e-02 -1.88842728e-02 -4.20115858e-02
  1.58916742e-02  2.22632528e-02  1.27051566e-02  2.63434545e-02
  2.05055808e-02  6.17155955e-02 -2.85964470e-02 -3.32056144e-03
  2.76458425e-02 -1.52872637e-03 -3.70657422e-02  2.40515302e-03
  3.88404928e-02  3.53620774e-02  6.97722574e-02 -3.60576037e-02
  1.24406883e-02 -1.14018623e-01 -7.90134450e-04 -3.04378388e-03
  3.49466028e-02 -5.85003142e-02 -1.18684366e-03  2.64581253e-02
 -3.11400034e-02 -1.43557256e-02 -4.83733712e-02  1.20708923e-03
  2.50732180e-03 -8.88592507e-02  7.95021691e-04  2.08128166e-02
  9.87252258e-01  5.40357129e-01  1.47189314e+00  7.76184818e-01]
Best fitness in last gen:
1.371210508890695e-05

Best in all:
[ 4.53411639e-02  3.14462430e-03  5.24770748e-02  2.86791975e-03
 -2.14543618e-02  6.77221110e-02 -1.21515456e-02 -2.31703872e-02
  1.01346353e-02  9.91876051e-03 -2.64059652e-02  7.53423203e-03
 -8.56172457e-03  1.28448905e-02 -1.88842728e-02 -4.20115858e-02
  1.58916742e-02  2.22632528e-02  1.27051566e-02  2.63434545e-02
  2.05055808e-02  6.17155955e-02 -2.85964470e-02 -3.32056144e-03
  2.76458425e-02 -1.52872637e-03 -3.70657422e-02  2.40515302e-03
  3.88404928e-02  3.53620774e-02  6.97722574e-02 -3.60576037e-02
  1.24406883e-02 -1.14018623e-01 -7.90134450e-04 -3.04378388e-03
  3.49466028e-02 -5.85003142e-02 -1.18684366e-03  2.64581253e-02
 -3.11400034e-02 -1.43557256e-02 -4.83733712e-02  1.20708923e-03
  2.50732180e-03 -8.88592507e-02  7.95021691e-04  2.08128166e-02
  9.87252258e-01  5.40357129e-01  1.47189314e+00  7.76184818e-01]
Best fitness in all:
1.371210508890695e-05
GA calculation time:
2499.8760669231415

Initial parameters
population size = 200
number of generations = 10000
Real number of generations = 10000
elitism = 2
crossover_rate = 0.95
mutation rate = 0.007
mutation range = 0.1
order = 3
gene ranges = ((-0.1, 0.1), (0.98, 1.02), (-2, 2), (1.2, 1.6), (0.65, 1.05))
