Best in last gen:
[ 3.33497069e-02  4.02451596e-02  4.95512881e-03 -4.92963501e-02
  5.48022899e-02  3.04622748e-02  6.66594393e-02 -3.13264159e-02
 -2.24365810e-02  3.53537043e-02 -3.80473332e-02  8.76774371e-03
  3.58370429e-02 -1.75461829e-02  1.60686749e-02  1.29343076e-02
 -1.01763647e-02  1.01143661e-02 -1.41026635e-02  5.43122010e-02
  6.64689454e-03 -2.32105322e-03 -8.70915824e-03 -3.13591320e-02
 -1.72120628e-02 -3.98726107e-02  2.37537659e-02  2.76997944e-02
 -1.25840913e-02  3.50549091e-02  1.69875896e-02  3.95181490e-02
 -1.66410132e-02 -2.84652077e-02 -1.38133216e-02 -1.55684627e-02
  1.08335792e-02  1.11973183e-02  1.06595763e-02  3.84807071e-03
 -1.51603686e-02  3.05537420e-02  3.37840661e-02 -3.64706550e-02
 -2.15326767e-02 -1.30898377e-02  4.09592422e-03  1.32295361e-02
 -1.60397327e-02 -3.47502526e-02  4.94844319e-02 -3.03200168e-02
 -2.43219273e-03 -4.29988685e-02 -2.13217957e-02  1.36521980e-02
  1.49198948e-02  2.84863023e-04 -8.61049057e-03 -3.19859591e-02
 -1.42115650e-02 -3.48960949e-02 -2.75958416e-02 -2.81587350e-03
 -1.41559063e-02 -3.36472369e-03 -4.47845735e-02  2.46384764e-02
 -3.01064762e-02 -5.34405026e-03 -1.35228863e-03 -7.06051779e-02
 -3.37533526e-03  1.16199782e-02  1.61500200e-02  9.77011189e-03
 -3.86260397e-02 -3.32224667e-02  7.41625335e-03  5.74101660e-02
  3.18316969e-02 -1.52107022e-02 -4.96360451e-02  4.74283624e-02
  4.47917107e-02  2.14770574e-02  2.69821273e-02 -3.18143437e-02
 -1.24533876e-03 -4.69461087e-02  2.68107035e-03  1.07050890e-02
  9.79287696e-03  2.74202596e-02 -2.31513585e-04 -4.05002179e-02
 -1.92318639e-02 -3.64053918e-02  3.05461089e-02 -6.28622761e-03
 -6.06937150e-02  3.43092501e-03  2.82762025e-03 -1.35062953e-02
 -7.27795757e-02  1.35807342e-02 -1.30797239e-01  1.10137027e-02
  9.85052602e-03 -2.22278186e-02  6.08928449e-02 -1.19483025e-02
 -4.47368246e-02 -4.41644003e-02 -1.35952503e-02  2.98174978e-02
 -5.02218098e-02 -8.31903839e-03 -2.42377650e-02 -3.16897079e-02
  1.01636735e+00  5.53464855e-01  1.67951462e+00  7.62881575e-01]
Best fitness in last gen:
7.310670349280638e-08

Best in all:
[ 3.33497069e-02  4.02451596e-02  4.95512881e-03 -4.92963501e-02
  5.48022899e-02  3.04622748e-02  6.66594393e-02 -3.13264159e-02
 -2.24365810e-02  3.53537043e-02 -3.80473332e-02  8.76774371e-03
  3.58370429e-02 -1.75461829e-02  1.60686749e-02  1.29343076e-02
 -1.01763647e-02  1.01143661e-02 -1.41026635e-02  5.43122010e-02
  6.64689454e-03 -2.32105322e-03 -8.70915824e-03 -3.13591320e-02
 -1.72120628e-02 -3.98726107e-02  2.37537659e-02  2.76997944e-02
 -1.25840913e-02  3.50549091e-02  1.69875896e-02  3.95181490e-02
 -1.66410132e-02 -2.84652077e-02 -1.38133216e-02 -1.55684627e-02
  1.08335792e-02  1.11973183e-02  1.06595763e-02  3.84807071e-03
 -1.51603686e-02  3.05537420e-02  3.37840661e-02 -3.64706550e-02
 -2.15326767e-02 -1.30898377e-02  4.09592422e-03  1.32295361e-02
 -1.60397327e-02 -3.47502526e-02  4.94844319e-02 -3.03200168e-02
 -2.43219273e-03 -4.29988685e-02 -2.13217957e-02  1.36521980e-02
  1.49198948e-02  2.84863023e-04 -8.61049057e-03 -3.19859591e-02
 -1.42115650e-02 -3.48960949e-02 -2.75958416e-02 -2.81587350e-03
 -1.41559063e-02 -3.36472369e-03 -4.47845735e-02  2.46384764e-02
 -3.01064762e-02 -5.34405026e-03 -1.35228863e-03 -7.06051779e-02
 -3.37533526e-03  1.16199782e-02  1.61500200e-02  9.77011189e-03
 -3.86260397e-02 -3.32224667e-02  7.41625335e-03  5.74101660e-02
  3.18316969e-02 -1.52107022e-02 -4.96360451e-02  4.74283624e-02
  4.47917107e-02  2.14770574e-02  2.69821273e-02 -3.18143437e-02
 -1.24533876e-03 -4.69461087e-02  2.68107035e-03  1.07050890e-02
  9.79287696e-03  2.74202596e-02 -2.31513585e-04 -4.05002179e-02
 -1.92318639e-02 -3.64053918e-02  3.05461089e-02 -6.28622761e-03
 -6.06937150e-02  3.43092501e-03  2.82762025e-03 -1.35062953e-02
 -7.27795757e-02  1.35807342e-02 -1.30797239e-01  1.10137027e-02
  9.85052602e-03 -2.22278186e-02  6.08928449e-02 -1.19483025e-02
 -4.47368246e-02 -4.41644003e-02 -1.35952503e-02  2.98174978e-02
 -5.02218098e-02 -8.31903839e-03 -2.42377650e-02 -3.16897079e-02
  1.01636735e+00  5.53464855e-01  1.67951462e+00  7.62881575e-01]
Best fitness in all:
7.310670349280638e-08

Initial parameters
population size = 1000
number of generations = 10
Real number of generations = 10
elitism = 2
crossover_rate = 0.95
mutation rate = 0.007
mutation range = 0.1
order = 5
gene ranges = ((-0.1, 0.1), (0.98, 1.02), (-2, 2), (1.6, 1.8), (0.7, 0.9))
