Best in last gen:
[ 2.32200402e-02 -2.36811779e-03  9.57690356e-03 -1.14282329e-02
 -5.18663212e-03  8.02256622e-03  5.76131414e-04 -2.28783735e-02
 -1.32543854e-02  3.14385355e-03  1.02083633e-02  1.19793299e-02
  2.08973968e-02 -1.66290290e-02  9.51405926e-03  3.35318045e-03
  3.27450317e-03  1.28366622e-02 -7.97793925e-03 -2.44218990e-03
  1.27906597e-02 -6.13901093e-03 -5.18254269e-03  7.42891893e-03
  8.48852358e-04 -2.97346981e-03  4.38876385e-03 -8.11319440e-03
 -3.70657366e-03  3.04430982e-03 -2.19180879e-03  4.38986571e-04
  1.08947494e-02 -1.00282879e-02  1.23048285e-02 -4.30839047e-03
  4.55674894e-04 -2.23837212e-03  9.37331365e-03 -1.19784365e-02
  1.96003381e-02 -5.26580624e-03 -7.97638251e-03  9.40985800e-03
  1.19015001e-03  1.69237000e-02  4.45781621e-03  1.63660844e-02
  1.00227604e+00 -1.29185129e-06  7.68363527e-01  3.30316739e-01]
Best fitness in last gen:
0.0
GA calculation time:
7.556943893432617

Initial parameters
population size = 300
number of generations = 10
Real number of generations = 10
elitism = 2
crossover_rate = 0.95
mutation rate = 0.01
mutation range = [4.e-02 4.e-02 4.e-02 4.e-02 4.e-02 4.e-02 4.e-02 4.e-02 4.e-02 4.e-02
 4.e-02 4.e-02 4.e-02 4.e-02 4.e-02 4.e-02 4.e-02 4.e-02 4.e-02 4.e-02
 4.e-02 4.e-02 4.e-02 4.e-02 4.e-02 4.e-02 4.e-02 4.e-02 4.e-02 4.e-02
 4.e-02 4.e-02 4.e-02 4.e-02 4.e-02 4.e-02 4.e-02 4.e-02 4.e-02 4.e-02
 4.e-02 4.e-02 4.e-02 4.e-02 4.e-02 4.e-02 4.e-02 4.e-02 2.e-02 1.e-06
 2.e-02 2.e-02]
order = 3
gene ranges = [(-0.1, 0.1), (-0.1, 0.1), (-0.1, 0.1), (-0.1, 0.1), (-0.1, 0.1), (-0.1, 0.1), (-0.1, 0.1), (-0.1, 0.1), (-0.1, 0.1), (-0.1, 0.1), (-0.1, 0.1), (-0.1, 0.1), (-0.1, 0.1), (-0.1, 0.1), (-0.1, 0.1), (-0.1, 0.1), (-0.1, 0.1), (-0.1, 0.1), (-0.1, 0.1), (-0.1, 0.1), (-0.1, 0.1), (-0.1, 0.1), (-0.1, 0.1), (-0.1, 0.1), (-0.1, 0.1), (-0.1, 0.1), (-0.1, 0.1), (-0.1, 0.1), (-0.1, 0.1), (-0.1, 0.1), (-0.1, 0.1), (-0.1, 0.1), (-0.1, 0.1), (-0.1, 0.1), (-0.1, 0.1), (-0.1, 0.1), (-0.1, 0.1), (-0.1, 0.1), (-0.1, 0.1), (-0.1, 0.1), (-0.1, 0.1), (-0.1, 0.1), (-0.1, 0.1), (-0.1, 0.1), (-0.1, 0.1), (-0.1, 0.1), (-0.1, 0.1), (-0.1, 0.1), (0.98, 1.02), (-1e-05, 1e-05), (0.72, 0.82), (0.28, 0.38)]
