Best in last gen:
[ 1.04636883e-02 -1.04773995e-02  5.36733203e-02  3.02339441e-02
 -3.87414288e-02 -5.40207822e-03  1.78535448e-03  1.50057721e-02
 -3.91497734e-02 -1.48101034e-02  7.90151056e-02  4.26628080e-02
  1.54788972e-02  1.50052523e-02 -1.08987984e-02 -2.19636014e-03
 -2.37448335e-02  4.51652707e-02 -5.26826759e-03 -4.09441257e-04
  1.69775065e-02 -1.92916259e-02 -9.09750802e-03 -2.02909048e-02
  7.82479175e-04 -5.69972164e-02  2.89821784e-02  3.29779365e-02
  5.25228199e-02  3.10789671e-02  2.37796570e-02  2.48306768e-02
  2.53111543e-02 -4.66835786e-02  2.16042868e-02  5.49410975e-03
  2.38779393e-03 -1.01698716e-02 -5.97198141e-03  1.05041463e-02
 -1.85915772e-03  3.67923602e-02 -7.64122336e-03  8.51882893e-03
 -4.79928029e-03 -2.82923660e-02  1.69056390e-02 -1.60552829e-04
  9.82560710e-01 -5.12212117e-07  5.51907412e-01  1.95331088e-01]
Best fitness in last gen:
5.17504228713698e-07
GA calculation time:
73.137864112854

Initial parameters
population size = 50
number of generations = 1000
Real number of generations = 1000
elitism = 2
crossover_rate = 0.95
mutation rate = 0.01
mutation range = [4.e-02 4.e-02 4.e-02 4.e-02 4.e-02 4.e-02 4.e-02 4.e-02 4.e-02 4.e-02
 4.e-02 4.e-02 4.e-02 4.e-02 4.e-02 4.e-02 4.e-02 4.e-02 4.e-02 4.e-02
 4.e-02 4.e-02 4.e-02 4.e-02 4.e-02 4.e-02 4.e-02 4.e-02 4.e-02 4.e-02
 4.e-02 4.e-02 4.e-02 4.e-02 4.e-02 4.e-02 4.e-02 4.e-02 4.e-02 4.e-02
 4.e-02 4.e-02 4.e-02 4.e-02 4.e-02 4.e-02 4.e-02 4.e-02 2.e-02 1.e-06
 2.e-02 2.e-02]
order = 3
gene ranges = [(-0.04, 0.04), (-0.04, 0.04), (-0.04, 0.04), (-0.04, 0.04), (-0.04, 0.04), (-0.04, 0.04), (-0.04, 0.04), (-0.04, 0.04), (-0.04, 0.04), (-0.04, 0.04), (-0.04, 0.04), (-0.04, 0.04), (-0.04, 0.04), (-0.04, 0.04), (-0.04, 0.04), (-0.04, 0.04), (-0.04, 0.04), (-0.04, 0.04), (-0.04, 0.04), (-0.04, 0.04), (-0.04, 0.04), (-0.04, 0.04), (-0.04, 0.04), (-0.04, 0.04), (-0.04, 0.04), (-0.04, 0.04), (-0.04, 0.04), (-0.04, 0.04), (-0.04, 0.04), (-0.04, 0.04), (-0.04, 0.04), (-0.04, 0.04), (-0.04, 0.04), (-0.04, 0.04), (-0.04, 0.04), (-0.04, 0.04), (-0.04, 0.04), (-0.04, 0.04), (-0.04, 0.04), (-0.04, 0.04), (-0.04, 0.04), (-0.04, 0.04), (-0.04, 0.04), (-0.04, 0.04), (-0.04, 0.04), (-0.04, 0.04), (-0.04, 0.04), (-0.04, 0.04), (0.98, 1.02), (-1e-05, 1e-05), (0.53, 0.57), (0.17, 0.21)]
