Best in last gen:
[ 4.71698930e-04  3.36728762e-02 -9.89929939e-03  4.53434708e-03
  2.29342477e-02  5.25853114e-03  1.58159911e-02 -6.87708297e-03
  2.66500419e-02  6.45827381e-03 -9.10456169e-03  2.52361837e-02
  3.17720627e-02 -2.88363345e-02  3.71124488e-02  2.33624295e-02
 -3.07710297e-02 -7.24079776e-03 -6.46755251e-04 -1.16985570e-02
  7.38176746e-03  2.17744474e-02 -3.17803996e-02  2.71809415e-02
  1.13660262e-02 -2.16000156e-02  9.28926854e-04  2.99678998e-02
 -1.07645081e-02 -1.65608660e-02 -1.43900697e-02 -1.59718742e-02
 -3.86606131e-02  3.19328742e-02  1.71313517e-02 -1.92903251e-02
  1.19124259e-02 -5.06041940e-03 -1.41873207e-02  2.69607456e-02
 -3.12696654e-02  1.33069655e-02 -2.44678777e-02 -1.98749140e-02
  6.97514779e-03 -9.82191980e-03 -1.59972637e-02 -2.47912994e-02
  9.98329698e-01 -6.32842368e-06  3.10580609e-01  6.86355180e-01]
Best fitness in last gen:
1.3633203469347475e-06
GA calculation time:
8.952526330947876

Initial parameters
population size = 400
number of generations = 1
Real number of generations = 1
elitism = 2
crossover_rate = 0.95
mutation rate = 0.01
mutation range = [5.e-02 5.e-02 5.e-02 5.e-02 5.e-02 5.e-02 5.e-02 5.e-02 5.e-02 5.e-02
 5.e-02 5.e-02 5.e-02 5.e-02 5.e-02 5.e-02 5.e-02 5.e-02 5.e-02 5.e-02
 5.e-02 5.e-02 5.e-02 5.e-02 5.e-02 5.e-02 5.e-02 5.e-02 5.e-02 5.e-02
 5.e-02 5.e-02 5.e-02 5.e-02 5.e-02 5.e-02 5.e-02 5.e-02 5.e-02 5.e-02
 5.e-02 5.e-02 5.e-02 5.e-02 5.e-02 5.e-02 5.e-02 5.e-02 2.e-02 1.e-06
 4.e-02 4.e-02]
order = 3
gene ranges = [(-0.04, 0.04), (-0.04, 0.04), (-0.04, 0.04), (-0.04, 0.04), (-0.04, 0.04), (-0.04, 0.04), (-0.04, 0.04), (-0.04, 0.04), (-0.04, 0.04), (-0.04, 0.04), (-0.04, 0.04), (-0.04, 0.04), (-0.04, 0.04), (-0.04, 0.04), (-0.04, 0.04), (-0.04, 0.04), (-0.04, 0.04), (-0.04, 0.04), (-0.04, 0.04), (-0.04, 0.04), (-0.04, 0.04), (-0.04, 0.04), (-0.04, 0.04), (-0.04, 0.04), (-0.04, 0.04), (-0.04, 0.04), (-0.04, 0.04), (-0.04, 0.04), (-0.04, 0.04), (-0.04, 0.04), (-0.04, 0.04), (-0.04, 0.04), (-0.04, 0.04), (-0.04, 0.04), (-0.04, 0.04), (-0.04, 0.04), (-0.04, 0.04), (-0.04, 0.04), (-0.04, 0.04), (-0.04, 0.04), (-0.04, 0.04), (-0.04, 0.04), (-0.04, 0.04), (-0.04, 0.04), (-0.04, 0.04), (-0.04, 0.04), (-0.04, 0.04), (-0.04, 0.04), (0.98, 1.02), (-1e-05, 1e-05), (0.27, 0.33), (0.67, 0.73)]
