Best in last gen:
[-1.12472689e-02  4.55424155e-02  4.25648962e-02  3.18933455e-02
  2.93412797e-02  2.22151665e-02 -1.26659928e-01  6.04393922e-02
  3.58769586e-02 -3.13406107e-02  1.30708258e-02 -6.31458637e-03
  1.67884570e-02  5.04647313e-02  9.29333459e-03 -7.13337832e-03
 -9.62890560e-03  5.78172770e-03 -6.65262599e-04 -5.61072079e-03
  6.97571881e-03  8.35341292e-03 -2.84367767e-02 -1.71094013e-02
 -1.61182873e-02  9.14344473e-02  3.29687381e-02 -3.31145517e-02
 -3.40483823e-02 -1.19350416e-03 -3.44180214e-02 -1.30228626e-02
  1.29683577e-02  5.82159045e-02 -2.40756154e-02  1.11531723e-02
 -2.45518047e-02  8.70870467e-03  1.96998028e-02 -3.36381491e-05
 -5.97884979e-03 -5.75324888e-03  5.55664903e-03 -3.09184347e-02
  1.50370170e-02  1.24893848e-02 -3.94569750e-02  3.14387273e-02
  1.00818076e+00 -4.58978465e-07  9.46839887e-01  3.19321652e-01]
Best fitness in last gen:
7.34521847394156e-06
GA calculation time:
977.1636383533478

Initial parameters
population size = 30
number of generations = 20000
Real number of generations = 20000
elitism = 2
crossover_rate = 0.95
mutation rate = 0.01
mutation range = [4.e-02 4.e-02 4.e-02 4.e-02 4.e-02 4.e-02 4.e-02 4.e-02 4.e-02 4.e-02
 4.e-02 4.e-02 4.e-02 4.e-02 4.e-02 4.e-02 4.e-02 4.e-02 4.e-02 4.e-02
 4.e-02 4.e-02 4.e-02 4.e-02 4.e-02 4.e-02 4.e-02 4.e-02 4.e-02 4.e-02
 4.e-02 4.e-02 4.e-02 4.e-02 4.e-02 4.e-02 4.e-02 4.e-02 4.e-02 4.e-02
 4.e-02 4.e-02 4.e-02 4.e-02 4.e-02 4.e-02 4.e-02 4.e-02 2.e-02 1.e-06
 2.e-02 2.e-02]
order = 3
gene ranges = [(-0.1, 0.1), (-0.1, 0.1), (-0.1, 0.1), (-0.1, 0.1), (-0.1, 0.1), (-0.1, 0.1), (-0.1, 0.1), (-0.1, 0.1), (-0.1, 0.1), (-0.1, 0.1), (-0.1, 0.1), (-0.1, 0.1), (-0.1, 0.1), (-0.1, 0.1), (-0.1, 0.1), (-0.1, 0.1), (-0.1, 0.1), (-0.1, 0.1), (-0.1, 0.1), (-0.1, 0.1), (-0.1, 0.1), (-0.1, 0.1), (-0.1, 0.1), (-0.1, 0.1), (-0.1, 0.1), (-0.1, 0.1), (-0.1, 0.1), (-0.1, 0.1), (-0.1, 0.1), (-0.1, 0.1), (-0.1, 0.1), (-0.1, 0.1), (-0.1, 0.1), (-0.1, 0.1), (-0.1, 0.1), (-0.1, 0.1), (-0.1, 0.1), (-0.1, 0.1), (-0.1, 0.1), (-0.1, 0.1), (-0.1, 0.1), (-0.1, 0.1), (-0.1, 0.1), (-0.1, 0.1), (-0.1, 0.1), (-0.1, 0.1), (-0.1, 0.1), (-0.1, 0.1), (0.98, 1.02), (-1e-05, 1e-05), (0.88, 0.98), (0.28, 0.38)]
