Best in last gen:
[ 2.02231658e-02  4.64640561e-03 -4.32855818e-02 -6.03375776e-03
 -7.83476078e-03  1.90915467e-02  7.32629134e-03  1.76790839e-02
  4.23431327e-03  2.65897594e-02  3.92514913e-02 -1.52473849e-02
  3.59888891e-02  1.86858240e-02 -2.99202403e-03  1.14433118e-02
  3.41263551e-02  4.67717997e-02  4.21621161e-03  7.77531947e-03
 -2.49208591e-03 -1.78080569e-02 -1.17855304e-03  9.93975821e-03
 -5.28529210e-03  4.48089857e-03 -3.48661667e-02  3.20084572e-02
 -3.36104143e-02 -2.02124298e-02  3.79909258e-03  2.11306662e-02
  5.84779967e-03  1.89367757e-02  3.02174417e-02 -7.66488943e-03
 -7.54925237e-03  2.82375218e-02  5.21598096e-03 -8.55427942e-03
 -2.43538098e-02 -1.54807136e-03 -6.84003554e-03  4.69085541e-02
 -7.00022771e-03  1.38108890e-02  4.64601345e-02  2.46632892e-03
  9.88913418e-01  1.60581270e-06  5.64890067e-01  1.44979394e+00]
Best fitness in last gen:
5.968193585337748e-07
GA calculation time:
225.28632473945618

Initial parameters
population size = 100
number of generations = 1000
Real number of generations = 1000
elitism = 2
crossover_rate = 0.95
mutation rate = 0.01
mutation range = [4.e-02 4.e-02 4.e-02 4.e-02 4.e-02 4.e-02 4.e-02 4.e-02 4.e-02 4.e-02
 4.e-02 4.e-02 4.e-02 4.e-02 4.e-02 4.e-02 4.e-02 4.e-02 4.e-02 4.e-02
 4.e-02 4.e-02 4.e-02 4.e-02 4.e-02 4.e-02 4.e-02 4.e-02 4.e-02 4.e-02
 4.e-02 4.e-02 4.e-02 4.e-02 4.e-02 4.e-02 4.e-02 4.e-02 4.e-02 4.e-02
 4.e-02 4.e-02 4.e-02 4.e-02 4.e-02 4.e-02 4.e-02 4.e-02 2.e-02 1.e-06
 2.e-02 2.e-02]
order = 3
gene ranges = [(-0.1, 0.1), (-0.1, 0.1), (-0.1, 0.1), (-0.1, 0.1), (-0.1, 0.1), (-0.1, 0.1), (-0.1, 0.1), (-0.1, 0.1), (-0.1, 0.1), (-0.1, 0.1), (-0.1, 0.1), (-0.1, 0.1), (-0.1, 0.1), (-0.1, 0.1), (-0.1, 0.1), (-0.1, 0.1), (-0.1, 0.1), (-0.1, 0.1), (-0.1, 0.1), (-0.1, 0.1), (-0.1, 0.1), (-0.1, 0.1), (-0.1, 0.1), (-0.1, 0.1), (-0.1, 0.1), (-0.1, 0.1), (-0.1, 0.1), (-0.1, 0.1), (-0.1, 0.1), (-0.1, 0.1), (-0.1, 0.1), (-0.1, 0.1), (-0.1, 0.1), (-0.1, 0.1), (-0.1, 0.1), (-0.1, 0.1), (-0.1, 0.1), (-0.1, 0.1), (-0.1, 0.1), (-0.1, 0.1), (-0.1, 0.1), (-0.1, 0.1), (-0.1, 0.1), (-0.1, 0.1), (-0.1, 0.1), (-0.1, 0.1), (-0.1, 0.1), (-0.1, 0.1), (0.98, 1.02), (-1e-05, 1e-05), (0.55, 0.59), (1.43, 1.47)]
