Best in last gen:
[-6.01016023e-03  1.56347428e-02  1.26710013e-03  2.98245371e-02
  1.04217684e-02 -1.35898579e-03  9.21382782e-03  4.29370199e-02
 -8.31969412e-03  1.15414750e-02  1.44643523e-02 -7.51023303e-03
  6.56736398e-03 -1.34773346e-02  9.78260228e-04 -9.82336928e-04
  8.33294791e-03  6.95721365e-03 -7.01667644e-03  5.14519700e-03
  1.12134316e-03 -1.07762752e-03 -9.05879757e-03  3.19660876e-03
  8.44398108e-03  1.86137114e-02  7.65509936e-03 -8.31849395e-03
 -1.62638785e-02 -5.28716401e-03  7.98475509e-03  1.53724740e-02
 -2.77890960e-03 -1.76539749e-03 -6.94381011e-03 -4.71525869e-03
  1.11819813e-03 -1.93901949e-04 -3.55578779e-03  1.22799795e-02
 -1.03737812e-03  4.31850931e-03 -3.22220192e-03 -1.15715267e-03
 -1.35671386e-02 -4.85532491e-03  1.67407990e-02  1.33592892e-02
  1.14008708e-02 -2.59075958e-03 -3.58214060e-04  5.77625358e-03
  8.89392151e-03 -1.18005198e-02  2.99047268e-04  1.74000939e-02
  2.15964106e-02 -5.21207957e-03 -2.72518067e-02 -1.42761514e-02
 -7.15797581e-03  2.07152787e-02 -5.89129170e-03 -1.15650717e-02
 -5.05841456e-04  4.34572823e-03 -4.86027223e-03  1.42000661e-02
  3.42567551e-04 -1.38178695e-03  3.02784293e-03 -9.48736569e-03
 -7.72725709e-03 -8.94366797e-03 -2.12331973e-03 -2.53405887e-02
  1.03855255e-02 -8.26386456e-03  4.84689818e-03  3.20357721e-03
 -1.59754237e-02 -1.87789700e-02 -1.15628323e-03 -2.36525138e-03
  6.81628984e-03  9.88538073e-04  1.60559646e-03 -1.28516169e-02
 -3.40232319e-04 -6.29328536e-03 -1.76128461e-03 -2.31191776e-03
  1.52177792e-03  2.05842776e-03 -2.62271646e-03 -3.32839765e-04
 -3.90310173e-04 -1.73750924e-03 -1.03094873e-02 -9.69862213e-03
  1.25268908e-04 -5.03206414e-03 -1.23014279e-03 -2.17207182e-03
 -8.55769714e-03 -5.84344818e-03 -2.65314716e-03 -3.29680648e-03
 -8.74604525e-04 -1.21938621e-02 -9.02989545e-03  2.18471722e-02
 -1.10720153e-02  2.18074942e-03 -1.24357042e-02  6.43575913e-02
  2.34595467e-02 -6.64038534e-03 -1.02626669e-02 -4.01613222e-03
  9.86055849e-01  1.00066589e+00  1.16630705e+00  7.01700111e-01]
Best fitness in last gen:
2.892037504884159e-06
GA calculation time:
101726.2394952774

Initial parameters
population size = 1000
number of generations = 30000
Real number of generations = 30000
elitism = 2
crossover_rate = 0.95
mutation rate = 0.01
mutation range = [0.005 0.005 0.005 0.005 0.005 0.005 0.005 0.005 0.005 0.005 0.005 0.005
 0.005 0.005 0.005 0.005 0.005 0.005 0.005 0.005 0.005 0.005 0.005 0.005
 0.005 0.005 0.005 0.005 0.005 0.005 0.005 0.005 0.005 0.005 0.005 0.005
 0.005 0.005 0.005 0.005 0.005 0.005 0.005 0.005 0.005 0.005 0.005 0.005
 0.005 0.005 0.005 0.005 0.005 0.005 0.005 0.005 0.005 0.005 0.005 0.005
 0.005 0.005 0.005 0.005 0.005 0.005 0.005 0.005 0.005 0.005 0.005 0.005
 0.005 0.005 0.005 0.005 0.005 0.005 0.005 0.005 0.005 0.005 0.005 0.005
 0.005 0.005 0.005 0.005 0.005 0.005 0.005 0.005 0.005 0.005 0.005 0.005
 0.005 0.005 0.005 0.005 0.005 0.005 0.005 0.005 0.005 0.005 0.005 0.005
 0.005 0.005 0.005 0.005 0.005 0.005 0.005 0.005 0.005 0.005 0.005 0.005
 0.1   0.01  0.005 0.005]
order = 5
gene ranges = [(-0.01, 0.01), (-0.01, 0.01), (-0.01, 0.01), (-0.01, 0.01), (-0.01, 0.01), (-0.01, 0.01), (-0.01, 0.01), (-0.01, 0.01), (-0.01, 0.01), (-0.01, 0.01), (-0.01, 0.01), (-0.01, 0.01), (-0.01, 0.01), (-0.01, 0.01), (-0.01, 0.01), (-0.01, 0.01), (-0.01, 0.01), (-0.01, 0.01), (-0.01, 0.01), (-0.01, 0.01), (-0.01, 0.01), (-0.01, 0.01), (-0.01, 0.01), (-0.01, 0.01), (-0.01, 0.01), (-0.01, 0.01), (-0.01, 0.01), (-0.01, 0.01), (-0.01, 0.01), (-0.01, 0.01), (-0.01, 0.01), (-0.01, 0.01), (-0.01, 0.01), (-0.01, 0.01), (-0.01, 0.01), (-0.01, 0.01), (-0.01, 0.01), (-0.01, 0.01), (-0.01, 0.01), (-0.01, 0.01), (-0.01, 0.01), (-0.01, 0.01), (-0.01, 0.01), (-0.01, 0.01), (-0.01, 0.01), (-0.01, 0.01), (-0.01, 0.01), (-0.01, 0.01), (-0.01, 0.01), (-0.01, 0.01), (-0.01, 0.01), (-0.01, 0.01), (-0.01, 0.01), (-0.01, 0.01), (-0.01, 0.01), (-0.01, 0.01), (-0.01, 0.01), (-0.01, 0.01), (-0.01, 0.01), (-0.01, 0.01), (-0.01, 0.01), (-0.01, 0.01), (-0.01, 0.01), (-0.01, 0.01), (-0.01, 0.01), (-0.01, 0.01), (-0.01, 0.01), (-0.01, 0.01), (-0.01, 0.01), (-0.01, 0.01), (-0.01, 0.01), (-0.01, 0.01), (-0.01, 0.01), (-0.01, 0.01), (-0.01, 0.01), (-0.01, 0.01), (-0.01, 0.01), (-0.01, 0.01), (-0.01, 0.01), (-0.01, 0.01), (-0.01, 0.01), (-0.01, 0.01), (-0.01, 0.01), (-0.01, 0.01), (-0.01, 0.01), (-0.01, 0.01), (-0.01, 0.01), (-0.01, 0.01), (-0.01, 0.01), (-0.01, 0.01), (-0.01, 0.01), (-0.01, 0.01), (-0.01, 0.01), (-0.01, 0.01), (-0.01, 0.01), (-0.01, 0.01), (-0.01, 0.01), (-0.01, 0.01), (-0.01, 0.01), (-0.01, 0.01), (-0.01, 0.01), (-0.01, 0.01), (-0.01, 0.01), (-0.01, 0.01), (-0.01, 0.01), (-0.01, 0.01), (-0.01, 0.01), (-0.01, 0.01), (-0.01, 0.01), (-0.01, 0.01), (-0.01, 0.01), (-0.01, 0.01), (-0.01, 0.01), (-0.01, 0.01), (-0.01, 0.01), (-0.01, 0.01), (-0.01, 0.01), (-0.01, 0.01), (-0.01, 0.01), (-0.01, 0.01), (-0.2, 0.2), (0.98, 1.02), (1.16, 1.18), (0.69, 0.71)]