Best in last gen:
[ 5.83387175e-02  3.52413698e-02  4.23360138e-02  3.22075022e-02
 -7.36671302e-02  8.64648077e-03  2.61828075e-02 -5.27206580e-02
 -1.07165819e-02  4.98052329e-02  4.40350059e-02 -7.50847543e-03
  3.10055837e-02 -7.34164252e-03 -1.08845644e-02  2.92025285e-02
 -1.31229503e-02  6.90552176e-04  4.93654879e-04 -1.76047237e-03
  9.86510481e-03  4.92928568e-03  2.77794485e-02 -5.53517833e-02
 -3.14539522e-02 -4.80076833e-02  2.63503753e-02 -9.28418272e-03
  6.91364278e-03  2.84296545e-02 -9.23345066e-03 -9.56121798e-03
 -2.96094680e-03 -4.74681280e-02 -1.57610608e-02  3.09312655e-03
  6.51987146e-03  1.22218826e-02  1.88870411e-02 -2.54110586e-03
  1.53613788e-02  1.58883430e-02 -8.23118678e-02 -6.23965837e-02
 -9.72068032e-03  2.47048709e-02 -2.21935875e-02  1.32677704e-02
  1.00013477e+00  2.53704899e-07  1.07634668e+00  7.53833469e-01]
Best fitness in last gen:
1.1541952732463004e-05
GA calculation time:
1541.2064995765686

Initial parameters
population size = 50
number of generations = 20000
Real number of generations = 20000
elitism = 2
crossover_rate = 0.95
mutation rate = 0.01
mutation range = [4.e-02 4.e-02 4.e-02 4.e-02 4.e-02 4.e-02 4.e-02 4.e-02 4.e-02 4.e-02
 4.e-02 4.e-02 4.e-02 4.e-02 4.e-02 4.e-02 4.e-02 4.e-02 4.e-02 4.e-02
 4.e-02 4.e-02 4.e-02 4.e-02 4.e-02 4.e-02 4.e-02 4.e-02 4.e-02 4.e-02
 4.e-02 4.e-02 4.e-02 4.e-02 4.e-02 4.e-02 4.e-02 4.e-02 4.e-02 4.e-02
 4.e-02 4.e-02 4.e-02 4.e-02 4.e-02 4.e-02 4.e-02 4.e-02 2.e-02 1.e-06
 2.e-02 2.e-02]
order = 3
gene ranges = [(-0.05, 0.05), (-0.05, 0.05), (-0.05, 0.05), (-0.05, 0.05), (-0.05, 0.05), (-0.05, 0.05), (-0.05, 0.05), (-0.05, 0.05), (-0.05, 0.05), (-0.05, 0.05), (-0.05, 0.05), (-0.05, 0.05), (-0.05, 0.05), (-0.05, 0.05), (-0.05, 0.05), (-0.05, 0.05), (-0.05, 0.05), (-0.05, 0.05), (-0.05, 0.05), (-0.05, 0.05), (-0.05, 0.05), (-0.05, 0.05), (-0.05, 0.05), (-0.05, 0.05), (-0.05, 0.05), (-0.05, 0.05), (-0.05, 0.05), (-0.05, 0.05), (-0.05, 0.05), (-0.05, 0.05), (-0.05, 0.05), (-0.05, 0.05), (-0.05, 0.05), (-0.05, 0.05), (-0.05, 0.05), (-0.05, 0.05), (-0.05, 0.05), (-0.05, 0.05), (-0.05, 0.05), (-0.05, 0.05), (-0.05, 0.05), (-0.05, 0.05), (-0.05, 0.05), (-0.05, 0.05), (-0.05, 0.05), (-0.05, 0.05), (-0.05, 0.05), (-0.05, 0.05), (0.98, 1.02), (-1e-05, 1e-05), (1.05, 1.15), (0.72, 0.82)]
