Best in last gen:
[-1.13213139e-02 -3.21321559e-02 -4.89071979e-02  1.02422907e-02
  3.34441461e-02 -5.37572564e-03 -1.31884870e-02  4.69555896e-02
  3.90573902e-02  5.57670114e-02  4.19439266e-02  2.66335974e-02
  4.70926804e-02  8.96367986e-03  2.05939274e-02 -3.19604014e-02
  2.32746175e-02  9.57153879e-03  3.60938468e-02  5.70811769e-03
  1.31012413e-02  2.35896360e-02  1.70555419e-02  2.13220699e-02
 -6.39030420e-03 -3.62775860e-02 -4.48141842e-03  4.86295309e-02
  4.03821476e-02 -7.03957999e-03 -5.12802566e-02 -2.53512370e-02
  1.10051759e-02  2.29644661e-03 -2.44026695e-02  1.78910765e-02
 -1.07413257e-02  2.08098984e-02 -4.50898624e-03 -1.48756871e-02
  8.24701815e-03  5.62506537e-03 -9.82489541e-03 -3.88333680e-02
 -4.55948904e-02  2.42352111e-02 -6.94854719e-02  8.51693550e-03
  1.00388996e+00 -3.16211520e-06  7.84440865e-01  3.31040929e-01]
Best fitness in last gen:
1.7652670305297355e-05
GA calculation time:
3296.191415786743

Initial parameters
population size = 300
number of generations = 10000
Real number of generations = 10000
elitism = 2
crossover_rate = 0.95
mutation rate = 0.01
mutation range = [4.e-02 4.e-02 4.e-02 4.e-02 4.e-02 4.e-02 4.e-02 4.e-02 4.e-02 4.e-02
 4.e-02 4.e-02 4.e-02 4.e-02 4.e-02 4.e-02 4.e-02 4.e-02 4.e-02 4.e-02
 4.e-02 4.e-02 4.e-02 4.e-02 4.e-02 4.e-02 4.e-02 4.e-02 4.e-02 4.e-02
 4.e-02 4.e-02 4.e-02 4.e-02 4.e-02 4.e-02 4.e-02 4.e-02 4.e-02 4.e-02
 4.e-02 4.e-02 4.e-02 4.e-02 4.e-02 4.e-02 4.e-02 4.e-02 2.e-02 1.e-06
 2.e-02 2.e-02]
order = 3
gene ranges = [(-0.05, 0.05), (-0.05, 0.05), (-0.05, 0.05), (-0.05, 0.05), (-0.05, 0.05), (-0.05, 0.05), (-0.05, 0.05), (-0.05, 0.05), (-0.05, 0.05), (-0.05, 0.05), (-0.05, 0.05), (-0.05, 0.05), (-0.05, 0.05), (-0.05, 0.05), (-0.05, 0.05), (-0.05, 0.05), (-0.05, 0.05), (-0.05, 0.05), (-0.05, 0.05), (-0.05, 0.05), (-0.05, 0.05), (-0.05, 0.05), (-0.05, 0.05), (-0.05, 0.05), (-0.05, 0.05), (-0.05, 0.05), (-0.05, 0.05), (-0.05, 0.05), (-0.05, 0.05), (-0.05, 0.05), (-0.05, 0.05), (-0.05, 0.05), (-0.05, 0.05), (-0.05, 0.05), (-0.05, 0.05), (-0.05, 0.05), (-0.05, 0.05), (-0.05, 0.05), (-0.05, 0.05), (-0.05, 0.05), (-0.05, 0.05), (-0.05, 0.05), (-0.05, 0.05), (-0.05, 0.05), (-0.05, 0.05), (-0.05, 0.05), (-0.05, 0.05), (-0.05, 0.05), (0.98, 1.02), (-1e-05, 1e-05), (0.72, 0.82), (0.28, 0.38)]
