Best in last gen:
[-1.52661645e-02  1.08568643e-02 -1.98745610e-03 -4.31485188e-02
  1.13907446e-02  3.47109645e-02  3.76677019e-02  9.17908927e-03
 -3.15824040e-03 -9.57774440e-03  8.30962704e-03  2.35441432e-02
  1.23256916e-02  9.15971657e-03 -1.55048578e-03 -1.17488115e-02
 -1.00339534e-02  3.94380988e-03  8.50232486e-03  1.23583706e-02
  1.47547377e-02  9.91729720e-03  2.12553930e-02  1.58432485e-02
  1.34275825e-02  1.71022147e-04 -1.92915671e-02  9.07857109e-03
 -2.20190683e-03 -1.72581801e-02 -6.65261244e-03 -3.55279180e-03
  6.85501217e-03  1.82525700e-02 -3.66427725e-02 -3.99719738e-02
 -1.84899292e-02 -5.55605176e-03 -1.42187882e-02 -4.35280001e-02
 -1.99050854e-02 -9.68274029e-03 -1.42227279e-02 -4.92403740e-03
  2.42974455e-02  1.50683769e-02 -1.04265867e-02 -5.64007731e-03
 -9.52097238e-03  1.66152116e-02  9.53666978e-04 -5.19018184e-03
  2.21675829e-03 -5.84223731e-03  7.26897393e-03 -6.50924504e-04
  9.01627367e-03 -6.81952430e-03  1.77974776e-02 -1.22942335e-02
  1.06705105e-02  2.01474212e-02 -1.97281920e-02 -1.21666706e-04
  2.19579688e-03 -6.68022207e-02  7.99949100e-03 -2.57247380e-03
 -2.27436392e-02 -1.60925092e-03  2.50277193e-03 -1.05944885e-02
  1.44839785e-02 -4.17919166e-04 -2.03683936e-02 -7.36331906e-03
 -1.88083059e-02  2.68837151e-03 -7.56386772e-03  8.17068363e-03
  7.92242464e-03  2.26900017e-02  2.80567520e-03 -9.95608352e-05
 -1.06079103e-03 -3.40085896e-02  8.53792327e-04  2.67285634e-02
  1.20977351e-02  1.00133234e-02  2.15697415e-03 -1.19956986e-02
  1.68767597e-02  1.73408658e-02 -1.15065999e-02 -9.00265393e-03
 -8.38724485e-06  4.40520675e-03  1.58530659e-02  9.38723084e-03
 -5.47963966e-03 -3.09145799e-02 -3.00428983e-02 -2.50110170e-02
  4.14085097e-03  7.58081956e-03  3.71594053e-05  1.44168425e-02
 -6.28689987e-03  1.21203909e-02 -1.43658334e-02  1.63388400e-02
  1.44019215e-03 -2.53375120e-02 -1.13795889e-02  1.62526707e-02
  3.72389044e-02  2.97809131e-03  1.53450340e-03 -8.88648662e-03
  9.96414621e-01 -1.41357248e-06  1.17035002e+00  8.23282175e-01]
Best fitness in last gen:
7.71438038666921e-07
GA calculation time:
124.82952380180359

Initial parameters
population size = 50
number of generations = 1000
Real number of generations = 1000
elitism = 2
crossover_rate = 0.95
mutation rate = 0.01
mutation range = [4.e-02 4.e-02 4.e-02 4.e-02 4.e-02 4.e-02 4.e-02 4.e-02 4.e-02 4.e-02
 4.e-02 4.e-02 4.e-02 4.e-02 4.e-02 4.e-02 4.e-02 4.e-02 4.e-02 4.e-02
 4.e-02 4.e-02 4.e-02 4.e-02 4.e-02 4.e-02 4.e-02 4.e-02 4.e-02 4.e-02
 4.e-02 4.e-02 4.e-02 4.e-02 4.e-02 4.e-02 4.e-02 4.e-02 4.e-02 4.e-02
 4.e-02 4.e-02 4.e-02 4.e-02 4.e-02 4.e-02 4.e-02 4.e-02 4.e-02 4.e-02
 4.e-02 4.e-02 4.e-02 4.e-02 4.e-02 4.e-02 4.e-02 4.e-02 4.e-02 4.e-02
 4.e-02 4.e-02 4.e-02 4.e-02 4.e-02 4.e-02 4.e-02 4.e-02 4.e-02 4.e-02
 4.e-02 4.e-02 4.e-02 4.e-02 4.e-02 4.e-02 4.e-02 4.e-02 4.e-02 4.e-02
 4.e-02 4.e-02 4.e-02 4.e-02 4.e-02 4.e-02 4.e-02 4.e-02 4.e-02 4.e-02
 4.e-02 4.e-02 4.e-02 4.e-02 4.e-02 4.e-02 4.e-02 4.e-02 4.e-02 4.e-02
 4.e-02 4.e-02 4.e-02 4.e-02 4.e-02 4.e-02 4.e-02 4.e-02 4.e-02 4.e-02
 4.e-02 4.e-02 4.e-02 4.e-02 4.e-02 4.e-02 4.e-02 4.e-02 4.e-02 4.e-02
 2.e-02 1.e-06 2.e-02 2.e-02]
order = 5
gene ranges = [(-0.04, 0.04), (-0.04, 0.04), (-0.04, 0.04), (-0.04, 0.04), (-0.04, 0.04), (-0.04, 0.04), (-0.04, 0.04), (-0.04, 0.04), (-0.04, 0.04), (-0.04, 0.04), (-0.04, 0.04), (-0.04, 0.04), (-0.04, 0.04), (-0.04, 0.04), (-0.04, 0.04), (-0.04, 0.04), (-0.04, 0.04), (-0.04, 0.04), (-0.04, 0.04), (-0.04, 0.04), (-0.04, 0.04), (-0.04, 0.04), (-0.04, 0.04), (-0.04, 0.04), (-0.04, 0.04), (-0.04, 0.04), (-0.04, 0.04), (-0.04, 0.04), (-0.04, 0.04), (-0.04, 0.04), (-0.04, 0.04), (-0.04, 0.04), (-0.04, 0.04), (-0.04, 0.04), (-0.04, 0.04), (-0.04, 0.04), (-0.04, 0.04), (-0.04, 0.04), (-0.04, 0.04), (-0.04, 0.04), (-0.04, 0.04), (-0.04, 0.04), (-0.04, 0.04), (-0.04, 0.04), (-0.04, 0.04), (-0.04, 0.04), (-0.04, 0.04), (-0.04, 0.04), (-0.04, 0.04), (-0.04, 0.04), (-0.04, 0.04), (-0.04, 0.04), (-0.04, 0.04), (-0.04, 0.04), (-0.04, 0.04), (-0.04, 0.04), (-0.04, 0.04), (-0.04, 0.04), (-0.04, 0.04), (-0.04, 0.04), (-0.04, 0.04), (-0.04, 0.04), (-0.04, 0.04), (-0.04, 0.04), (-0.04, 0.04), (-0.04, 0.04), (-0.04, 0.04), (-0.04, 0.04), (-0.04, 0.04), (-0.04, 0.04), (-0.04, 0.04), (-0.04, 0.04), (-0.04, 0.04), (-0.04, 0.04), (-0.04, 0.04), (-0.04, 0.04), (-0.04, 0.04), (-0.04, 0.04), (-0.04, 0.04), (-0.04, 0.04), (-0.04, 0.04), (-0.04, 0.04), (-0.04, 0.04), (-0.04, 0.04), (-0.04, 0.04), (-0.04, 0.04), (-0.04, 0.04), (-0.04, 0.04), (-0.04, 0.04), (-0.04, 0.04), (-0.04, 0.04), (-0.04, 0.04), (-0.04, 0.04), (-0.04, 0.04), (-0.04, 0.04), (-0.04, 0.04), (-0.04, 0.04), (-0.04, 0.04), (-0.04, 0.04), (-0.04, 0.04), (-0.04, 0.04), (-0.04, 0.04), (-0.04, 0.04), (-0.04, 0.04), (-0.04, 0.04), (-0.04, 0.04), (-0.04, 0.04), (-0.04, 0.04), (-0.04, 0.04), (-0.04, 0.04), (-0.04, 0.04), (-0.04, 0.04), (-0.04, 0.04), (-0.04, 0.04), (-0.04, 0.04), (-0.04, 0.04), (-0.04, 0.04), (-0.04, 0.04), (-0.04, 0.04), (-0.04, 0.04), (0.98, 1.02), (-1e-05, 1e-05), (1.15, 1.19), (0.8, 0.84)]
