Best in last gen:
[-1.71711595e-02  1.50825567e-02  2.51681623e-02  1.68010921e-02
 -5.14991664e-03  1.57210005e-03 -8.92901181e-03 -2.39443868e-02
 -1.63940086e-02 -8.38873537e-03  8.64560232e-03 -5.15844217e-03
  6.06872371e-03 -1.14337753e-02 -1.26335228e-02 -2.35123826e-03
  1.49177674e-02  4.31366031e-03  2.99741243e-02  1.11517995e-02
 -4.82791427e-02  4.84881625e-02 -1.94570111e-02  1.83239921e-02
  2.23591693e-02  1.61484113e-03  2.53071092e-02 -2.22291524e-03
  5.65391501e-02 -1.20200869e-02  2.33189359e-02  4.86273401e-02
 -2.53660130e-02  3.15880350e-03  8.43471627e-03  1.34111624e-02
  3.19080713e-02 -4.03515766e-03 -1.44697185e-02 -2.99113980e-02
 -1.36131964e-02 -5.40685942e-03 -2.87717928e-02  1.11550457e-02
 -4.11102618e-02 -3.03256202e-02 -2.68529727e-02 -3.75686915e-02
  2.36162383e-02  4.23146001e-02 -5.30511245e-02 -1.85069359e-03
 -3.25078453e-02 -2.12395956e-02 -2.92583441e-02  2.81833904e-02
 -1.91202946e-02  5.72451596e-03  5.28221662e-02 -1.49518225e-02
  1.99481522e-02  2.71636129e-02 -3.74943603e-02 -1.18622453e-02
 -2.10950483e-02 -1.99482144e-02 -4.58876883e-02  7.16698790e-03
 -1.85057054e-02 -1.56402716e-02  4.76206340e-03  2.31356520e-02
  1.80899673e-03  1.77194053e-02  1.66336129e-02 -2.43754752e-02
  3.84631995e-02 -3.46528100e-03 -1.15580487e-02  3.15411873e-02
  1.00484529e+00 -7.55423537e-07  3.33268978e-01  2.74453903e-01]
Best fitness in last gen:
6.032302834753137e-06
GA calculation time:
8588.428991317749

Initial parameters
population size = 300
number of generations = 20000
Real number of generations = 20000
elitism = 2
crossover_rate = 0.95
mutation rate = 0.01
mutation range = [4.e-02 4.e-02 4.e-02 4.e-02 4.e-02 4.e-02 4.e-02 4.e-02 4.e-02 4.e-02
 4.e-02 4.e-02 4.e-02 4.e-02 4.e-02 4.e-02 4.e-02 4.e-02 4.e-02 4.e-02
 4.e-02 4.e-02 4.e-02 4.e-02 4.e-02 4.e-02 4.e-02 4.e-02 4.e-02 4.e-02
 4.e-02 4.e-02 4.e-02 4.e-02 4.e-02 4.e-02 4.e-02 4.e-02 4.e-02 4.e-02
 4.e-02 4.e-02 4.e-02 4.e-02 4.e-02 4.e-02 4.e-02 4.e-02 4.e-02 4.e-02
 4.e-02 4.e-02 4.e-02 4.e-02 4.e-02 4.e-02 4.e-02 4.e-02 4.e-02 4.e-02
 4.e-02 4.e-02 4.e-02 4.e-02 4.e-02 4.e-02 4.e-02 4.e-02 4.e-02 4.e-02
 4.e-02 4.e-02 4.e-02 4.e-02 4.e-02 4.e-02 4.e-02 4.e-02 4.e-02 4.e-02
 2.e-02 1.e-06 2.e-02 2.e-02]
order = 4
gene ranges = [(-0.1, 0.1), (-0.1, 0.1), (-0.1, 0.1), (-0.1, 0.1), (-0.1, 0.1), (-0.1, 0.1), (-0.1, 0.1), (-0.1, 0.1), (-0.1, 0.1), (-0.1, 0.1), (-0.1, 0.1), (-0.1, 0.1), (-0.1, 0.1), (-0.1, 0.1), (-0.1, 0.1), (-0.1, 0.1), (-0.1, 0.1), (-0.1, 0.1), (-0.1, 0.1), (-0.1, 0.1), (-0.1, 0.1), (-0.1, 0.1), (-0.1, 0.1), (-0.1, 0.1), (-0.1, 0.1), (-0.1, 0.1), (-0.1, 0.1), (-0.1, 0.1), (-0.1, 0.1), (-0.1, 0.1), (-0.1, 0.1), (-0.1, 0.1), (-0.1, 0.1), (-0.1, 0.1), (-0.1, 0.1), (-0.1, 0.1), (-0.1, 0.1), (-0.1, 0.1), (-0.1, 0.1), (-0.1, 0.1), (-0.1, 0.1), (-0.1, 0.1), (-0.1, 0.1), (-0.1, 0.1), (-0.1, 0.1), (-0.1, 0.1), (-0.1, 0.1), (-0.1, 0.1), (-0.1, 0.1), (-0.1, 0.1), (-0.1, 0.1), (-0.1, 0.1), (-0.1, 0.1), (-0.1, 0.1), (-0.1, 0.1), (-0.1, 0.1), (-0.1, 0.1), (-0.1, 0.1), (-0.1, 0.1), (-0.1, 0.1), (-0.1, 0.1), (-0.1, 0.1), (-0.1, 0.1), (-0.1, 0.1), (-0.1, 0.1), (-0.1, 0.1), (-0.1, 0.1), (-0.1, 0.1), (-0.1, 0.1), (-0.1, 0.1), (-0.1, 0.1), (-0.1, 0.1), (-0.1, 0.1), (-0.1, 0.1), (-0.1, 0.1), (-0.1, 0.1), (-0.1, 0.1), (-0.1, 0.1), (-0.1, 0.1), (-0.1, 0.1), (0.98, 1.02), (-1e-05, 1e-05), (0.3, 0.36), (0.25, 0.31)]
