Best in last gen:
[-1.23344715e-02  5.52334179e-03 -3.85140306e-03  8.57829579e-03
  4.64678845e-03  6.93004391e-03  6.90719770e-03 -1.46954450e-03
 -2.03828397e-03  3.61353778e-03 -9.92195868e-04  2.82943428e-03
 -2.83575298e-03 -4.84114776e-03 -2.50258721e-03 -1.14900079e-03
  4.99693490e-03 -1.11901980e-02  3.15325682e-03  6.69895507e-03
 -5.36171634e-03  3.12954688e-03  6.91555915e-03  8.40335640e-03
 -1.47674312e-03  7.00432191e-04 -7.37028284e-03 -4.57011086e-03
  6.90066767e-04  5.42756454e-03 -3.85187749e-03 -1.96140051e-03
  1.12382169e-02 -1.80255118e-03 -1.21653295e-02 -7.14215068e-03
  2.91494832e-03 -6.91319171e-03  1.00578367e-02  9.08425609e-03
  4.89258481e-03 -5.61033021e-03  3.66189033e-03  3.06927781e-03
  5.58052273e-03  7.86730696e-03 -7.10210891e-03  4.83421162e-03
  1.08573431e-03 -5.06129063e-03  2.76714728e-03 -6.24597356e-03
  1.60251740e-02 -3.07852865e-03  4.91523905e-04  7.68282363e-03
 -1.64587679e-03  3.40598103e-03  7.16609267e-03 -5.48403824e-03
 -3.38990238e-04  1.29432806e-04 -8.76158619e-03  4.79459208e-03
 -5.73804777e-03 -1.09123735e-03 -2.14837662e-03  8.68846075e-03
 -6.85007670e-03 -9.59445054e-03 -6.93611779e-04 -2.52935550e-03
 -2.35412085e-03 -3.11187973e-03  2.91642039e-03 -4.01216618e-03
  3.20357984e-04  4.07652295e-03 -8.32925457e-03 -4.79096071e-03
 -6.93056783e-03  2.71459888e-03  7.80271094e-03 -2.53442646e-03
  2.72699307e-03  5.91997029e-03  6.05744542e-03 -8.00580401e-03
 -7.32673611e-03 -3.74657916e-04 -4.63397886e-03 -3.30947359e-03
  6.45186345e-03  2.36341254e-03 -2.21691882e-03 -8.59500031e-04
  2.08215439e-04 -1.25075741e-03 -4.03791910e-03 -1.28050881e-03
  5.72609083e-03 -4.68093600e-03  3.03809013e-03  1.46097279e-03
 -4.11895853e-03  1.78122497e-03 -3.35386774e-03  1.45367892e-04
 -7.48347573e-03 -7.92345469e-04  2.93248959e-03 -6.05596530e-03
  3.80673665e-03 -1.95289841e-03 -4.34548530e-03 -9.90492702e-03
  7.71346653e-05 -1.92595987e-03  9.33472793e-03  1.28358276e-03
  9.93960932e-01  1.78630662e-01  1.20488740e+00  6.92509738e-01]
Best fitness in last gen:
4.849536417687553e-08
GA calculation time:
1991.7474155426025

Initial parameters
population size = 1000
number of generations = 1000
Real number of generations = 1000
elitism = 2
crossover_rate = 0.95
mutation rate = 0.01
mutation range = [0.01 0.01 0.01 0.01 0.01 0.01 0.01 0.01 0.01 0.01 0.01 0.01 0.01 0.01
 0.01 0.01 0.01 0.01 0.01 0.01 0.01 0.01 0.01 0.01 0.01 0.01 0.01 0.01
 0.01 0.01 0.01 0.01 0.01 0.01 0.01 0.01 0.01 0.01 0.01 0.01 0.01 0.01
 0.01 0.01 0.01 0.01 0.01 0.01 0.01 0.01 0.01 0.01 0.01 0.01 0.01 0.01
 0.01 0.01 0.01 0.01 0.01 0.01 0.01 0.01 0.01 0.01 0.01 0.01 0.01 0.01
 0.01 0.01 0.01 0.01 0.01 0.01 0.01 0.01 0.01 0.01 0.01 0.01 0.01 0.01
 0.01 0.01 0.01 0.01 0.01 0.01 0.01 0.01 0.01 0.01 0.01 0.01 0.01 0.01
 0.01 0.01 0.01 0.01 0.01 0.01 0.01 0.01 0.01 0.01 0.01 0.01 0.01 0.01
 0.01 0.01 0.01 0.01 0.01 0.01 0.01 0.01 0.2  0.02 0.01 0.01]
order = 5
gene ranges = [(-0.01, 0.01), (-0.01, 0.01), (-0.01, 0.01), (-0.01, 0.01), (-0.01, 0.01), (-0.01, 0.01), (-0.01, 0.01), (-0.01, 0.01), (-0.01, 0.01), (-0.01, 0.01), (-0.01, 0.01), (-0.01, 0.01), (-0.01, 0.01), (-0.01, 0.01), (-0.01, 0.01), (-0.01, 0.01), (-0.01, 0.01), (-0.01, 0.01), (-0.01, 0.01), (-0.01, 0.01), (-0.01, 0.01), (-0.01, 0.01), (-0.01, 0.01), (-0.01, 0.01), (-0.01, 0.01), (-0.01, 0.01), (-0.01, 0.01), (-0.01, 0.01), (-0.01, 0.01), (-0.01, 0.01), (-0.01, 0.01), (-0.01, 0.01), (-0.01, 0.01), (-0.01, 0.01), (-0.01, 0.01), (-0.01, 0.01), (-0.01, 0.01), (-0.01, 0.01), (-0.01, 0.01), (-0.01, 0.01), (-0.01, 0.01), (-0.01, 0.01), (-0.01, 0.01), (-0.01, 0.01), (-0.01, 0.01), (-0.01, 0.01), (-0.01, 0.01), (-0.01, 0.01), (-0.01, 0.01), (-0.01, 0.01), (-0.01, 0.01), (-0.01, 0.01), (-0.01, 0.01), (-0.01, 0.01), (-0.01, 0.01), (-0.01, 0.01), (-0.01, 0.01), (-0.01, 0.01), (-0.01, 0.01), (-0.01, 0.01), (-0.01, 0.01), (-0.01, 0.01), (-0.01, 0.01), (-0.01, 0.01), (-0.01, 0.01), (-0.01, 0.01), (-0.01, 0.01), (-0.01, 0.01), (-0.01, 0.01), (-0.01, 0.01), (-0.01, 0.01), (-0.01, 0.01), (-0.01, 0.01), (-0.01, 0.01), (-0.01, 0.01), (-0.01, 0.01), (-0.01, 0.01), (-0.01, 0.01), (-0.01, 0.01), (-0.01, 0.01), (-0.01, 0.01), (-0.01, 0.01), (-0.01, 0.01), (-0.01, 0.01), (-0.01, 0.01), (-0.01, 0.01), (-0.01, 0.01), (-0.01, 0.01), (-0.01, 0.01), (-0.01, 0.01), (-0.01, 0.01), (-0.01, 0.01), (-0.01, 0.01), (-0.01, 0.01), (-0.01, 0.01), (-0.01, 0.01), (-0.01, 0.01), (-0.01, 0.01), (-0.01, 0.01), (-0.01, 0.01), (-0.01, 0.01), (-0.01, 0.01), (-0.01, 0.01), (-0.01, 0.01), (-0.01, 0.01), (-0.01, 0.01), (-0.01, 0.01), (-0.01, 0.01), (-0.01, 0.01), (-0.01, 0.01), (-0.01, 0.01), (-0.01, 0.01), (-0.01, 0.01), (-0.01, 0.01), (-0.01, 0.01), (-0.01, 0.01), (-0.01, 0.01), (-0.01, 0.01), (-0.01, 0.01), (-0.01, 0.01), (0.98, 1.02), (-0.2, 0.2), (1.19, 1.23), (0.66, 0.7)]
