Best in last gen:
[-4.98472207e-02  6.67682618e-04  1.67004246e-02 -8.35834000e-03
 -1.08818264e-03  2.11066402e-02  1.85785744e-02 -2.56613007e-02
  2.52044515e-02  2.13696728e-02  4.26697170e-02  6.18442707e-03
 -1.15718171e-02  2.79280211e-02  3.82548162e-03  1.07335274e-01
  7.58797788e-03  1.36757598e-02  3.30836077e-03  1.54362241e-02
  3.43052309e-03 -7.19136595e-03 -8.18325826e-03  2.66978788e-02
 -2.82170817e-03 -7.02197550e-02 -1.33623921e-02  1.53194133e-02
  3.44595565e-03 -3.40405080e-03 -8.32334761e-03 -5.95571483e-02
 -1.72659622e-02  1.32224275e-02 -6.98389291e-04 -7.16830803e-03
 -2.34276439e-02  2.80847168e-02  7.86235184e-03  1.06257456e-02
  9.08322491e-03  6.67408000e-04 -2.74627181e-04 -1.21964784e-03
  1.73980499e-03 -2.09267571e-02  4.05103253e-02 -2.96523509e-02
  9.87875952e-01  5.67553223e-07  6.27811251e-01  3.47444101e-01]
Best fitness in last gen:
0.0010546597275746699
GA calculation time:
4691.4799518585205

Initial parameters
population size = 250
number of generations = 20000
Real number of generations = 16750
elitism = 2
crossover_rate = 0.95
mutation rate = 0.01
mutation range = [4.e-02 4.e-02 4.e-02 4.e-02 4.e-02 4.e-02 4.e-02 4.e-02 4.e-02 4.e-02
 4.e-02 4.e-02 4.e-02 4.e-02 4.e-02 4.e-02 4.e-02 4.e-02 4.e-02 4.e-02
 4.e-02 4.e-02 4.e-02 4.e-02 4.e-02 4.e-02 4.e-02 4.e-02 4.e-02 4.e-02
 4.e-02 4.e-02 4.e-02 4.e-02 4.e-02 4.e-02 4.e-02 4.e-02 4.e-02 4.e-02
 4.e-02 4.e-02 4.e-02 4.e-02 4.e-02 4.e-02 4.e-02 4.e-02 2.e-02 1.e-06
 2.e-02 2.e-02]
order = 3
gene ranges = [(-0.04, 0.04), (-0.04, 0.04), (-0.04, 0.04), (-0.04, 0.04), (-0.04, 0.04), (-0.04, 0.04), (-0.04, 0.04), (-0.04, 0.04), (-0.04, 0.04), (-0.04, 0.04), (-0.04, 0.04), (-0.04, 0.04), (-0.04, 0.04), (-0.04, 0.04), (-0.04, 0.04), (-0.04, 0.04), (-0.04, 0.04), (-0.04, 0.04), (-0.04, 0.04), (-0.04, 0.04), (-0.04, 0.04), (-0.04, 0.04), (-0.04, 0.04), (-0.04, 0.04), (-0.04, 0.04), (-0.04, 0.04), (-0.04, 0.04), (-0.04, 0.04), (-0.04, 0.04), (-0.04, 0.04), (-0.04, 0.04), (-0.04, 0.04), (-0.04, 0.04), (-0.04, 0.04), (-0.04, 0.04), (-0.04, 0.04), (-0.04, 0.04), (-0.04, 0.04), (-0.04, 0.04), (-0.04, 0.04), (-0.04, 0.04), (-0.04, 0.04), (-0.04, 0.04), (-0.04, 0.04), (-0.04, 0.04), (-0.04, 0.04), (-0.04, 0.04), (-0.04, 0.04), (0.98, 1.02), (-1e-05, 1e-05), (0.61, 0.65), (0.32, 0.36)]