Best in last gen:
[ 4.14351697e-03 -4.53212583e-03  1.84414444e-02  1.24523268e-02
 -1.90469425e-03  2.32851238e-02 -3.11264842e-02  3.66777694e-02
  5.15055434e-02  2.64159734e-02 -4.52275464e-02  1.22093234e-02
 -2.54496694e-02 -7.57748183e-03  4.33314896e-04  2.22497160e-02
  1.80043092e-02 -7.56540369e-02  6.67371511e-03  2.93551581e-02
  8.09969828e-03 -8.92258116e-03  3.90752564e-03  2.82269355e-02
 -9.55920529e-03  6.62043312e-03  1.84618065e-02 -8.07069372e-03
 -3.05189339e-04  9.04704978e-03  2.10106190e-02  4.41056699e-03
  1.70965680e-03  4.13585294e-03 -9.68993372e-04  7.65537389e-04
 -5.00293822e-02 -7.58727464e-03  7.64125459e-03 -1.06170113e-02
 -8.83286985e-03 -3.20651518e-03  5.67642334e-03  1.56913546e-02
 -3.26351833e-02  8.62367613e-03  2.24335273e-02  4.17911367e-03
 -7.82233395e-03  6.42624971e-04 -8.30488741e-03  1.52432260e-02
 -5.71094152e-03  7.67555968e-03 -2.56474738e-02  3.56430876e-02
  6.87084048e-04 -2.06376668e-03 -8.47128318e-03 -2.70003536e-03
 -3.52654446e-02  2.36745164e-02 -1.32580552e-02 -7.50848531e-03
  4.10524281e-03 -7.74241125e-03  1.09365849e-02  2.33763924e-02
 -1.53179887e-02 -1.12385385e-03  3.82468336e-03 -6.42001514e-03
 -4.58784572e-02 -4.66087122e-02  2.71071128e-02  1.52487879e-02
  1.10048185e-02 -2.79665391e-02  4.75082132e-02 -2.21185733e-03
  9.94204452e-01  6.72877782e-07  3.00109581e-01  7.60311058e-01]
Best fitness in last gen:
9.85807274275527e-06
GA calculation time:
9438.420643091202

Initial parameters
population size = 300
number of generations = 20000
Real number of generations = 20000
elitism = 2
crossover_rate = 0.95
mutation rate = 0.01
mutation range = [4.e-02 4.e-02 4.e-02 4.e-02 4.e-02 4.e-02 4.e-02 4.e-02 4.e-02 4.e-02
 4.e-02 4.e-02 4.e-02 4.e-02 4.e-02 4.e-02 4.e-02 4.e-02 4.e-02 4.e-02
 4.e-02 4.e-02 4.e-02 4.e-02 4.e-02 4.e-02 4.e-02 4.e-02 4.e-02 4.e-02
 4.e-02 4.e-02 4.e-02 4.e-02 4.e-02 4.e-02 4.e-02 4.e-02 4.e-02 4.e-02
 4.e-02 4.e-02 4.e-02 4.e-02 4.e-02 4.e-02 4.e-02 4.e-02 4.e-02 4.e-02
 4.e-02 4.e-02 4.e-02 4.e-02 4.e-02 4.e-02 4.e-02 4.e-02 4.e-02 4.e-02
 4.e-02 4.e-02 4.e-02 4.e-02 4.e-02 4.e-02 4.e-02 4.e-02 4.e-02 4.e-02
 4.e-02 4.e-02 4.e-02 4.e-02 4.e-02 4.e-02 4.e-02 4.e-02 4.e-02 4.e-02
 2.e-02 1.e-06 2.e-02 2.e-02]
order = 4
gene ranges = [(-0.05, 0.05), (-0.05, 0.05), (-0.05, 0.05), (-0.05, 0.05), (-0.05, 0.05), (-0.05, 0.05), (-0.05, 0.05), (-0.05, 0.05), (-0.05, 0.05), (-0.05, 0.05), (-0.05, 0.05), (-0.05, 0.05), (-0.05, 0.05), (-0.05, 0.05), (-0.05, 0.05), (-0.05, 0.05), (-0.05, 0.05), (-0.05, 0.05), (-0.05, 0.05), (-0.05, 0.05), (-0.05, 0.05), (-0.05, 0.05), (-0.05, 0.05), (-0.05, 0.05), (-0.05, 0.05), (-0.05, 0.05), (-0.05, 0.05), (-0.05, 0.05), (-0.05, 0.05), (-0.05, 0.05), (-0.05, 0.05), (-0.05, 0.05), (-0.05, 0.05), (-0.05, 0.05), (-0.05, 0.05), (-0.05, 0.05), (-0.05, 0.05), (-0.05, 0.05), (-0.05, 0.05), (-0.05, 0.05), (-0.05, 0.05), (-0.05, 0.05), (-0.05, 0.05), (-0.05, 0.05), (-0.05, 0.05), (-0.05, 0.05), (-0.05, 0.05), (-0.05, 0.05), (-0.05, 0.05), (-0.05, 0.05), (-0.05, 0.05), (-0.05, 0.05), (-0.05, 0.05), (-0.05, 0.05), (-0.05, 0.05), (-0.05, 0.05), (-0.05, 0.05), (-0.05, 0.05), (-0.05, 0.05), (-0.05, 0.05), (-0.05, 0.05), (-0.05, 0.05), (-0.05, 0.05), (-0.05, 0.05), (-0.05, 0.05), (-0.05, 0.05), (-0.05, 0.05), (-0.05, 0.05), (-0.05, 0.05), (-0.05, 0.05), (-0.05, 0.05), (-0.05, 0.05), (-0.05, 0.05), (-0.05, 0.05), (-0.05, 0.05), (-0.05, 0.05), (-0.05, 0.05), (-0.05, 0.05), (-0.05, 0.05), (-0.05, 0.05), (0.98, 1.02), (-1e-05, 1e-05), (0.28, 0.38), (0.72, 0.82)]
