Best in last gen:
[ 4.81207384e-03 -1.23956756e-02  4.73210091e-03 -1.11656354e-02
 -1.40037655e-02 -2.94445739e-02 -3.53598594e-02  7.25994428e-03
  1.51562725e-03 -6.06428237e-04 -4.33715343e-03 -1.52303673e-02
  7.40700845e-04  1.20383019e-02  6.86542455e-03 -2.88877452e-02
 -3.45591135e-03 -3.26774972e-02 -7.07547864e-05 -2.05330210e-02
 -1.15772353e-02  3.27210695e-03  3.52029859e-02 -2.12130494e-02
 -1.47569480e-02  7.95386178e-02 -1.17133161e-02 -6.85300951e-03
  7.37929198e-03  4.02456297e-02  4.78304291e-02 -4.90596140e-02
  5.15523652e-03 -3.69518601e-02 -2.03792264e-03 -4.33101810e-02
 -3.57078175e-03  2.98810707e-03  3.38607780e-02  1.05076384e-04
  4.63910053e-02 -1.49309097e-02 -8.17014177e-02  2.11569083e-02
  1.32479597e-02  1.87069922e-02  1.91300917e-02  2.13844285e-02
  9.98922307e-01 -8.43039844e-02  1.68313045e+00  7.91353408e-01]
Best fitness in last gen:
7.198403833258469e-07

Best in all:
[ 4.81207384e-03 -1.23956756e-02  4.73210091e-03 -1.11656354e-02
 -1.40037655e-02 -2.94445739e-02 -3.53598594e-02  7.25994428e-03
  1.51562725e-03 -6.06428237e-04 -4.33715343e-03 -1.52303673e-02
  7.40700845e-04  1.20383019e-02  6.86542455e-03 -2.88877452e-02
 -3.45591135e-03 -3.26774972e-02 -7.07547864e-05 -2.05330210e-02
 -1.15772353e-02  3.27210695e-03  3.52029859e-02 -2.12130494e-02
 -1.47569480e-02  7.95386178e-02 -1.17133161e-02 -6.85300951e-03
  7.37929198e-03  4.02456297e-02  4.78304291e-02 -4.90596140e-02
  5.15523652e-03 -3.69518601e-02 -2.03792264e-03 -4.33101810e-02
 -3.57078175e-03  2.98810707e-03  3.38607780e-02  1.05076384e-04
  4.63910053e-02 -1.49309097e-02 -8.17014177e-02  2.11569083e-02
  1.32479597e-02  1.87069922e-02  1.91300917e-02  2.13844285e-02
  9.98922307e-01 -8.43039844e-02  1.68313045e+00  7.91353408e-01]
Best fitness in all:
7.198403833258469e-07

Initial parameters
population size = 500
number of generations = 10000
Real number of generations = 10000
elitism = 2
crossover_rate = 0.95
mutation rate = 0.007
mutation range = 0.1
order = 3
gene ranges = ((-0.3, 0.3), (0.95, 1.05), (-2, 2), (1.3, 2.1), (0.4, 1.2))
