Best in last gen:
[-9.00113540e-02 -5.95152929e-03 -1.03825222e-02  8.20110724e-03
 -5.80521751e-02 -1.18524015e-02 -2.33550785e-02 -2.38454991e-02
 -4.02138346e-02 -4.00797866e-02 -4.55251294e-02 -1.64242670e-02
  3.41426494e-02 -1.50899873e-02 -1.00773319e-02  1.69476221e-02
  1.17164031e-01  2.13247859e-03  5.79674027e-02 -2.12842862e-02
  3.27892969e-02  1.59796682e-02 -4.95322704e-02 -4.32661682e-02
  3.40154457e-02 -2.60657907e-02 -3.70308697e-02  8.38295125e-02
 -1.81736711e-03 -2.45900829e-02 -1.27916783e-02 -3.32903162e-02
  8.35394183e-04  2.10330655e-02  9.16775792e-03 -2.90825072e-02
 -1.34818465e-02 -1.72449068e-02 -2.26651056e-02 -3.30335962e-02
 -8.53238776e-04 -7.05852690e-04  2.72429325e-02  1.07045674e-02
  9.51925907e-03 -6.59957432e-02  7.43549685e-03 -1.81054001e-02
  9.91257469e-01  3.31762818e-01  5.80138988e-01  1.25782054e+00]
Best fitness in last gen:
6.63778097782701e-07

Best in all:
[-9.00113540e-02 -5.95152929e-03 -1.03825222e-02  8.20110724e-03
 -5.80521751e-02 -1.18524015e-02 -2.33550785e-02 -2.38454991e-02
 -4.02138346e-02 -4.00797866e-02 -4.55251294e-02 -1.64242670e-02
  3.41426494e-02 -1.50899873e-02 -1.00773319e-02  1.69476221e-02
  1.17164031e-01  2.13247859e-03  5.79674027e-02 -2.12842862e-02
  3.27892969e-02  1.59796682e-02 -4.95322704e-02 -4.32661682e-02
  3.40154457e-02 -2.60657907e-02 -3.70308697e-02  8.38295125e-02
 -1.81736711e-03 -2.45900829e-02 -1.27916783e-02 -3.32903162e-02
  8.35394183e-04  2.10330655e-02  9.16775792e-03 -2.90825072e-02
 -1.34818465e-02 -1.72449068e-02 -2.26651056e-02 -3.30335962e-02
 -8.53238776e-04 -7.05852690e-04  2.72429325e-02  1.07045674e-02
  9.51925907e-03 -6.59957432e-02  7.43549685e-03 -1.81054001e-02
  9.91257469e-01  3.31762818e-01  5.80138988e-01  1.25782054e+00]
Best fitness in all:
6.63778097782701e-07
GA calculation time:
41.49108648300171

Initial parameters
population size = 15
number of generations = 1000
Real number of generations = 1000
elitism = 2
crossover_rate = 0.95
mutation rate = 0.007
mutation range = 0.1
order = 3
gene ranges = ((-0.1, 0.1), (0.98, 1.02), (-2, 2), (0.57, 0.59), (1.25, 1.27))
