Best in last gen:
[-4.18010003e-02  3.17154772e-02 -1.58390786e-04 -4.16623508e-02
 -3.80218821e-02  2.24048257e-02 -4.20874322e-02  3.45245971e-02
  2.51085549e-02  1.28338071e-02 -3.39454429e-02  1.70631502e-02
  1.60590275e-02 -1.34995139e-02 -2.62354176e-02 -1.63776865e-03
 -4.09257502e-02 -4.78413049e-02 -3.76508719e-02 -3.94806697e-02
 -3.74888291e-02  2.67700200e-02  2.72540322e-02  2.57418500e-02
  1.44045440e-03  2.56289266e-02  1.52044595e-02  4.52141932e-03
 -2.53751106e-02  4.47098051e-02 -1.75130507e-02 -3.85611347e-02
  7.71841700e-03 -1.08502815e-02 -1.61526646e-02  3.24234421e-02
  1.21438518e-03 -2.94661219e-02 -3.25493317e-02  1.96505087e-02
  1.29104377e-02  4.70660917e-02  2.27869110e-02 -2.00374025e-02
  1.86548240e-02 -3.59255142e-02  3.01788761e-02  4.61575951e-03
  1.00175166e+00  1.67534141e+00  6.27279596e-01  1.26922228e+00]
Best fitness in last gen:
2.5810405125844755e-06

Best in all:
[-4.18010003e-02  3.17154772e-02 -1.58390786e-04 -4.16623508e-02
 -3.80218821e-02  2.24048257e-02 -4.20874322e-02  3.45245971e-02
  2.51085549e-02  1.28338071e-02 -3.39454429e-02  1.70631502e-02
  1.60590275e-02 -1.34995139e-02 -2.62354176e-02 -1.63776865e-03
 -4.09257502e-02 -4.78413049e-02 -3.76508719e-02 -3.94806697e-02
 -3.74888291e-02  2.67700200e-02  2.72540322e-02  2.57418500e-02
  1.44045440e-03  2.56289266e-02  1.52044595e-02  4.52141932e-03
 -2.53751106e-02  4.47098051e-02 -1.75130507e-02 -3.85611347e-02
  7.71841700e-03 -1.08502815e-02 -1.61526646e-02  3.24234421e-02
  1.21438518e-03 -2.94661219e-02 -3.25493317e-02  1.96505087e-02
  1.29104377e-02  4.70660917e-02  2.27869110e-02 -2.00374025e-02
  1.86548240e-02 -3.59255142e-02  3.01788761e-02  4.61575951e-03
  1.00175166e+00  1.67534141e+00  6.27279596e-01  1.26922228e+00]
Best fitness in all:
2.5810405125844755e-06
GA calculation time:
61.11775875091553

Initial parameters
population size = 500
number of generations = 100
Real number of generations = 100
elitism = 2
crossover_rate = 0.95
mutation rate = 0.02
mutation range = [0.05 0.05 0.05 0.05 0.05 0.05 0.05 0.05 0.05 0.05 0.05 0.05 0.05 0.05
 0.05 0.05 0.05 0.05 0.05 0.05 0.05 0.05 0.05 0.05 0.05 0.05 0.05 0.05
 0.05 0.05 0.05 0.05 0.05 0.05 0.05 0.05 0.05 0.05 0.05 0.05 0.05 0.05
 0.05 0.05 0.05 0.05 0.05 0.05 0.02 1.   0.05 0.05]
order = 3
gene ranges = ((-0.05, 0.05), (0.98, 1.02), (-2, 2), (0.55, 0.65), (1.2, 1.3))
