Best in last gen:
[ 4.06967666e-02 -1.17752388e-02  3.39919974e-02 -1.55747870e-02
 -1.77934752e-02  6.69504665e-02  1.91604533e-02  1.53063453e-02
 -5.07559028e-03 -3.89912112e-02  1.93324270e-02 -7.87734042e-03
  3.17330315e-03 -1.32183872e-02  2.52703835e-02  5.12070651e-02
  3.80555920e-02  1.16368615e-02  2.23199882e-02  3.13382383e-02
 -7.05964373e-03  2.69709107e-03 -1.42584713e-02 -2.74497483e-02
 -2.05664158e-02  9.76252222e-03 -9.66642704e-03  5.20065370e-02
 -1.90972039e-02 -3.68344865e-02  4.54612950e-03  2.23457289e-02
  6.72242916e-03 -7.49231215e-03 -4.60281415e-02  3.12528464e-04
  4.51537263e-02 -5.15561464e-02  1.22147056e-02 -3.82344152e-02
 -1.57831021e-02  1.30696510e-02 -9.76152294e-03 -5.55783082e-02
 -1.09369003e-02  3.63055019e-02 -6.26429845e-02  3.66049586e-02
  1.00457225e+00  1.39004607e-06  5.94078263e-01  3.31630311e-01]
Best fitness in last gen:
1.8953462586629354e-05
GA calculation time:
2958.6658732891083

Initial parameters
population size = 300
number of generations = 10000
Real number of generations = 10000
elitism = 2
crossover_rate = 0.95
mutation rate = 0.01
mutation range = [4.e-02 4.e-02 4.e-02 4.e-02 4.e-02 4.e-02 4.e-02 4.e-02 4.e-02 4.e-02
 4.e-02 4.e-02 4.e-02 4.e-02 4.e-02 4.e-02 4.e-02 4.e-02 4.e-02 4.e-02
 4.e-02 4.e-02 4.e-02 4.e-02 4.e-02 4.e-02 4.e-02 4.e-02 4.e-02 4.e-02
 4.e-02 4.e-02 4.e-02 4.e-02 4.e-02 4.e-02 4.e-02 4.e-02 4.e-02 4.e-02
 4.e-02 4.e-02 4.e-02 4.e-02 4.e-02 4.e-02 4.e-02 4.e-02 2.e-02 1.e-06
 2.e-02 2.e-02]
order = 3
gene ranges = [(-0.1, 0.1), (-0.1, 0.1), (-0.1, 0.1), (-0.1, 0.1), (-0.1, 0.1), (-0.1, 0.1), (-0.1, 0.1), (-0.1, 0.1), (-0.1, 0.1), (-0.1, 0.1), (-0.1, 0.1), (-0.1, 0.1), (-0.1, 0.1), (-0.1, 0.1), (-0.1, 0.1), (-0.1, 0.1), (-0.1, 0.1), (-0.1, 0.1), (-0.1, 0.1), (-0.1, 0.1), (-0.1, 0.1), (-0.1, 0.1), (-0.1, 0.1), (-0.1, 0.1), (-0.1, 0.1), (-0.1, 0.1), (-0.1, 0.1), (-0.1, 0.1), (-0.1, 0.1), (-0.1, 0.1), (-0.1, 0.1), (-0.1, 0.1), (-0.1, 0.1), (-0.1, 0.1), (-0.1, 0.1), (-0.1, 0.1), (-0.1, 0.1), (-0.1, 0.1), (-0.1, 0.1), (-0.1, 0.1), (-0.1, 0.1), (-0.1, 0.1), (-0.1, 0.1), (-0.1, 0.1), (-0.1, 0.1), (-0.1, 0.1), (-0.1, 0.1), (-0.1, 0.1), (0.98, 1.02), (-1e-05, 1e-05), (0.55, 0.65), (0.28, 0.38)]
