Best in last gen:
[-1.52925621e-02  3.16247320e-03  1.21698147e-02 -1.09805936e-02
 -2.21100114e-02 -5.87058140e-02  4.12578096e-02  6.46738935e-02
  3.71620962e-02 -4.34673791e-02  5.53098832e-02 -7.00895261e-03
  1.82573738e-02 -1.13558722e-02  6.26241824e-02  2.20363891e-02
 -7.03141223e-03  3.50976031e-02 -3.04458171e-02  1.35934325e-03
  1.85467312e-03 -1.35000479e-02  4.08469465e-02 -8.50388493e-02
 -8.11528446e-03 -5.49181748e-02  2.47594796e-02  3.28504658e-03
  1.26885159e-02 -4.54265951e-02  7.38661165e-04  6.77131560e-03
 -1.55144550e-03 -5.35960730e-02  1.43811471e-02  3.68159972e-03
 -1.09199192e-02 -4.38086490e-02  2.79104373e-03  3.59233016e-02
  9.84436976e-03 -3.07077539e-03 -1.90194755e-03 -4.75943767e-03
 -2.46620037e-02  6.83390953e-03 -3.62453139e-02 -1.06689739e-02
  1.00610709e+00 -6.14963453e-06  5.97108229e-01  2.40854319e-01]
Best fitness in last gen:
0.0009775114250100486
GA calculation time:
6138.320088863373

Initial parameters
population size = 250
number of generations = 20000
Real number of generations = 20000
elitism = 2
crossover_rate = 0.95
mutation rate = 0.01
mutation range = [4.e-02 4.e-02 4.e-02 4.e-02 4.e-02 4.e-02 4.e-02 4.e-02 4.e-02 4.e-02
 4.e-02 4.e-02 4.e-02 4.e-02 4.e-02 4.e-02 4.e-02 4.e-02 4.e-02 4.e-02
 4.e-02 4.e-02 4.e-02 4.e-02 4.e-02 4.e-02 4.e-02 4.e-02 4.e-02 4.e-02
 4.e-02 4.e-02 4.e-02 4.e-02 4.e-02 4.e-02 4.e-02 4.e-02 4.e-02 4.e-02
 4.e-02 4.e-02 4.e-02 4.e-02 4.e-02 4.e-02 4.e-02 4.e-02 2.e-02 1.e-06
 2.e-02 2.e-02]
order = 3
gene ranges = [(-0.04, 0.04), (-0.04, 0.04), (-0.04, 0.04), (-0.04, 0.04), (-0.04, 0.04), (-0.04, 0.04), (-0.04, 0.04), (-0.04, 0.04), (-0.04, 0.04), (-0.04, 0.04), (-0.04, 0.04), (-0.04, 0.04), (-0.04, 0.04), (-0.04, 0.04), (-0.04, 0.04), (-0.04, 0.04), (-0.04, 0.04), (-0.04, 0.04), (-0.04, 0.04), (-0.04, 0.04), (-0.04, 0.04), (-0.04, 0.04), (-0.04, 0.04), (-0.04, 0.04), (-0.04, 0.04), (-0.04, 0.04), (-0.04, 0.04), (-0.04, 0.04), (-0.04, 0.04), (-0.04, 0.04), (-0.04, 0.04), (-0.04, 0.04), (-0.04, 0.04), (-0.04, 0.04), (-0.04, 0.04), (-0.04, 0.04), (-0.04, 0.04), (-0.04, 0.04), (-0.04, 0.04), (-0.04, 0.04), (-0.04, 0.04), (-0.04, 0.04), (-0.04, 0.04), (-0.04, 0.04), (-0.04, 0.04), (-0.04, 0.04), (-0.04, 0.04), (-0.04, 0.04), (0.98, 1.02), (-1e-05, 1e-05), (0.56, 0.6), (0.21, 0.25)]