Best in last gen:
[-0.00736299  0.02230849  0.06895163 -0.06175487  0.01855512 -0.0157063
  0.05221244  0.00969019  0.06072481  0.04045651  0.00486482 -0.02568117
 -0.03709175 -0.01924687  0.07682343 -0.04596142  0.02290175  0.08423929
 -0.01528131  0.0126289   0.02735915  0.06740326 -0.04067794 -0.05965587
  0.03978305  0.06190126 -0.02041694 -0.0375402  -0.03217602 -0.01701757
 -0.04581588 -0.06796291  0.01446192 -0.05109349 -0.03395587 -0.01068018
  0.02712132  0.057067   -0.0411324  -0.06722952 -0.02688599  0.02248874
  0.05276669 -0.04466174 -0.01961889  0.06909749 -0.05506718  0.01529923
  0.99519205 -0.78359648  0.8170479   1.45913701]
Best fitness in last gen:
3.795366569714051e-06

Best in all:
[-0.00736299  0.02230849  0.06895163 -0.06175487  0.01855512 -0.0157063
  0.05221244  0.00969019  0.06072481  0.04045651  0.00486482 -0.02568117
 -0.03709175 -0.01924687  0.07682343 -0.04596142  0.02290175  0.08423929
 -0.01528131  0.0126289   0.02735915  0.06740326 -0.04067794 -0.05965587
  0.03978305  0.06190126 -0.02041694 -0.0375402  -0.03217602 -0.01701757
 -0.04581588 -0.06796291  0.01446192 -0.05109349 -0.03395587 -0.01068018
  0.02712132  0.057067   -0.0411324  -0.06722952 -0.02688599  0.02248874
  0.05276669 -0.04466174 -0.01961889  0.06909749 -0.05506718  0.01529923
  0.99519205 -0.78359648  0.8170479   1.45913701]
Best fitness in all:
3.795366569714051e-06
GA calculation time:
4.904043197631836

Initial parameters
population size = 500
number of generations = 5
Real number of generations = 5
elitism = 2
crossover_rate = 0.95
mutation rate = 0.007
mutation range = 0.1
order = 3
gene ranges = ((-0.1, 0.1), (0.98, 1.02), (-2, 2), (0.65, 1.05), (1.2, 1.6))