Best in last gen:
[ 3.01137434e-03  4.00532591e-02 -2.25611110e-02 -5.20083681e-03
 -8.98137489e-03 -4.72965640e-03 -2.58073718e-03 -1.54557275e-02
 -4.23027631e-03 -7.95523745e-03  1.74497936e-02  3.38354995e-02
 -3.59910507e-03 -1.07716743e-02  2.16311100e-02 -1.08044774e-02
  2.44024361e-02 -3.11274527e-02  5.35685935e-03 -4.63837906e-02
  8.28425530e-03  1.36530062e-02 -3.34807520e-02  5.62534212e-04
  3.15104989e-02 -3.07581028e-02  1.47964394e-02 -1.67515769e-02
 -2.42404336e-02 -5.96645532e-03  7.07705004e-03 -4.22688830e-02
  2.51462585e-03  2.84065454e-02  4.11960518e-02  2.82150677e-02
 -3.23098158e-03  3.64679683e-03 -8.66560840e-03 -4.59845589e-02
 -9.94577493e-03  6.52760276e-03 -6.82121597e-04 -4.42125502e-02
 -6.38892513e-04  9.15165457e-04  1.37764213e-02  2.54318778e-02
 -1.57180982e-02 -5.97740792e-03 -2.66353482e-02 -1.00942993e-02
 -1.57342347e-02 -2.67477615e-02 -8.24974606e-03  1.58184088e-02
  2.99965039e-02  2.41907068e-02  5.55769777e-03 -9.47550524e-03
  2.97719441e-02  6.85296699e-03 -1.22440585e-03  2.75786113e-02
 -2.54588085e-02  6.80367541e-03 -2.75749800e-02  1.94784713e-02
  2.70756124e-02  5.39041899e-03  3.08078086e-03  2.94281429e-03
 -1.88483753e-02 -1.81152468e-02 -1.52269686e-02 -3.18760334e-03
 -2.03569819e-03 -4.55940416e-04  5.34263713e-03 -2.16934564e-02
  1.01103519e+00  5.77473662e-06  5.43266787e-01  8.90148160e-02]
Best fitness in last gen:
3.0693638544150696e-06
GA calculation time:
29166.13792538643

Initial parameters
population size = 500
number of generations = 20000
Real number of generations = 20000
elitism = 2
crossover_rate = 0.95
mutation rate = 0.01
mutation range = [3.e-02 3.e-02 3.e-02 3.e-02 3.e-02 3.e-02 3.e-02 3.e-02 3.e-02 3.e-02
 3.e-02 3.e-02 3.e-02 3.e-02 3.e-02 3.e-02 3.e-02 3.e-02 3.e-02 3.e-02
 3.e-02 3.e-02 3.e-02 3.e-02 3.e-02 3.e-02 3.e-02 3.e-02 3.e-02 3.e-02
 3.e-02 3.e-02 3.e-02 3.e-02 3.e-02 3.e-02 3.e-02 3.e-02 3.e-02 3.e-02
 3.e-02 3.e-02 3.e-02 3.e-02 3.e-02 3.e-02 3.e-02 3.e-02 3.e-02 3.e-02
 3.e-02 3.e-02 3.e-02 3.e-02 3.e-02 3.e-02 3.e-02 3.e-02 3.e-02 3.e-02
 3.e-02 3.e-02 3.e-02 3.e-02 3.e-02 3.e-02 3.e-02 3.e-02 3.e-02 3.e-02
 3.e-02 3.e-02 3.e-02 3.e-02 3.e-02 3.e-02 3.e-02 3.e-02 3.e-02 3.e-02
 2.e-02 1.e-06 3.e-02 3.e-02]
order = 4
gene ranges = [(-0.03, 0.03), (-0.03, 0.03), (-0.03, 0.03), (-0.03, 0.03), (-0.03, 0.03), (-0.03, 0.03), (-0.03, 0.03), (-0.03, 0.03), (-0.03, 0.03), (-0.03, 0.03), (-0.03, 0.03), (-0.03, 0.03), (-0.03, 0.03), (-0.03, 0.03), (-0.03, 0.03), (-0.03, 0.03), (-0.03, 0.03), (-0.03, 0.03), (-0.03, 0.03), (-0.03, 0.03), (-0.03, 0.03), (-0.03, 0.03), (-0.03, 0.03), (-0.03, 0.03), (-0.03, 0.03), (-0.03, 0.03), (-0.03, 0.03), (-0.03, 0.03), (-0.03, 0.03), (-0.03, 0.03), (-0.03, 0.03), (-0.03, 0.03), (-0.03, 0.03), (-0.03, 0.03), (-0.03, 0.03), (-0.03, 0.03), (-0.03, 0.03), (-0.03, 0.03), (-0.03, 0.03), (-0.03, 0.03), (-0.03, 0.03), (-0.03, 0.03), (-0.03, 0.03), (-0.03, 0.03), (-0.03, 0.03), (-0.03, 0.03), (-0.03, 0.03), (-0.03, 0.03), (-0.03, 0.03), (-0.03, 0.03), (-0.03, 0.03), (-0.03, 0.03), (-0.03, 0.03), (-0.03, 0.03), (-0.03, 0.03), (-0.03, 0.03), (-0.03, 0.03), (-0.03, 0.03), (-0.03, 0.03), (-0.03, 0.03), (-0.03, 0.03), (-0.03, 0.03), (-0.03, 0.03), (-0.03, 0.03), (-0.03, 0.03), (-0.03, 0.03), (-0.03, 0.03), (-0.03, 0.03), (-0.03, 0.03), (-0.03, 0.03), (-0.03, 0.03), (-0.03, 0.03), (-0.03, 0.03), (-0.03, 0.03), (-0.03, 0.03), (-0.03, 0.03), (-0.03, 0.03), (-0.03, 0.03), (-0.03, 0.03), (-0.03, 0.03), (0.98, 1.02), (-1e-05, 1e-05), (0.54, 0.6), (0.07, 0.13)]