Best in last gen:
[-1.55141022e-02 -2.10589464e-03 -6.90190976e-03  2.59988701e-02
 -1.94986407e-02  3.42256274e-02  3.75213140e-02  1.92838887e-02
 -7.76980932e-02 -3.14406582e-03 -1.21248052e-02 -1.73745738e-02
  1.03074085e-02  1.49739415e-02  3.11030691e-02 -3.05973431e-03
 -6.89427960e-02  2.13035930e-02  2.22726353e-02 -7.56833612e-03
  1.36907548e-02 -4.39662031e-03  2.47050150e-03  1.39517605e-02
  6.47901444e-03 -3.52921072e-02  8.27475664e-04  3.23509264e-03
  2.72156981e-02 -1.34931121e-02  1.97061813e-02 -8.46991140e-03
 -1.89037996e-02 -2.56102333e-02 -2.47169463e-02 -1.10464203e-02
 -6.82624017e-03 -1.16363768e-02  1.11531328e-02 -1.07902076e-02
  4.24585290e-02  1.84127429e-02  1.58197433e-02  1.93756374e-02
  7.55973775e-03  1.47051820e-02  1.38828641e-02 -2.02376612e-02
 -1.69486856e-02 -4.89511253e-03  3.67139974e-02  1.78045619e-03
 -1.30408285e-02  4.30892944e-03  5.29634979e-03 -1.31955712e-02
 -1.11351996e-02 -1.73586872e-02  3.09055130e-02 -1.99052037e-02
 -1.11355903e-02  3.71314869e-03 -3.12520080e-02  1.94082030e-02
 -6.80688361e-03 -5.67251239e-03  1.43527334e-02  2.27046185e-03
 -7.30821676e-03 -7.54609119e-03  1.37076469e-02 -1.12118948e-02
 -4.86962893e-03 -3.02174137e-02  1.10553915e-02  4.51598477e-03
 -4.24102052e-03 -2.57523117e-02 -1.09030734e-02  2.69337188e-02
  9.77444130e-03  2.38309964e-02  2.71980118e-02 -5.44425603e-03
  1.41906768e-02 -1.27649799e-02 -1.54001344e-02 -6.13961592e-04
 -1.84209318e-02 -1.33226750e-03 -1.49400646e-02 -1.10689923e-02
  1.66659909e-02 -8.62435806e-03  3.08946468e-02  2.37243053e-02
 -2.05784781e-02  9.93898632e-04 -1.56105559e-02  2.65196945e-02
  5.62948408e-03  7.97006002e-03  1.80944722e-02  5.48498855e-03
  9.50939206e-03  2.74076257e-03  5.93324913e-03 -1.24045944e-02
  1.88691200e-02 -7.22783596e-03 -7.95450653e-03 -1.02950593e-02
 -4.46074631e-02 -2.77258990e-02  1.02171406e-02 -3.09552162e-02
  9.83020644e-03  1.89701813e-02  1.70247336e-02  4.06292481e-02
  9.97036909e-01  2.56662571e-06  5.75204898e-01  2.29925484e-01]
Best fitness in last gen:
3.537410551689821e-06
GA calculation time:
122.67952561378479

Initial parameters
population size = 50
number of generations = 1000
Real number of generations = 1000
elitism = 2
crossover_rate = 0.95
mutation rate = 0.01
mutation range = [4.e-02 4.e-02 4.e-02 4.e-02 4.e-02 4.e-02 4.e-02 4.e-02 4.e-02 4.e-02
 4.e-02 4.e-02 4.e-02 4.e-02 4.e-02 4.e-02 4.e-02 4.e-02 4.e-02 4.e-02
 4.e-02 4.e-02 4.e-02 4.e-02 4.e-02 4.e-02 4.e-02 4.e-02 4.e-02 4.e-02
 4.e-02 4.e-02 4.e-02 4.e-02 4.e-02 4.e-02 4.e-02 4.e-02 4.e-02 4.e-02
 4.e-02 4.e-02 4.e-02 4.e-02 4.e-02 4.e-02 4.e-02 4.e-02 4.e-02 4.e-02
 4.e-02 4.e-02 4.e-02 4.e-02 4.e-02 4.e-02 4.e-02 4.e-02 4.e-02 4.e-02
 4.e-02 4.e-02 4.e-02 4.e-02 4.e-02 4.e-02 4.e-02 4.e-02 4.e-02 4.e-02
 4.e-02 4.e-02 4.e-02 4.e-02 4.e-02 4.e-02 4.e-02 4.e-02 4.e-02 4.e-02
 4.e-02 4.e-02 4.e-02 4.e-02 4.e-02 4.e-02 4.e-02 4.e-02 4.e-02 4.e-02
 4.e-02 4.e-02 4.e-02 4.e-02 4.e-02 4.e-02 4.e-02 4.e-02 4.e-02 4.e-02
 4.e-02 4.e-02 4.e-02 4.e-02 4.e-02 4.e-02 4.e-02 4.e-02 4.e-02 4.e-02
 4.e-02 4.e-02 4.e-02 4.e-02 4.e-02 4.e-02 4.e-02 4.e-02 4.e-02 4.e-02
 2.e-02 1.e-06 2.e-02 2.e-02]
order = 5
gene ranges = [(-0.04, 0.04), (-0.04, 0.04), (-0.04, 0.04), (-0.04, 0.04), (-0.04, 0.04), (-0.04, 0.04), (-0.04, 0.04), (-0.04, 0.04), (-0.04, 0.04), (-0.04, 0.04), (-0.04, 0.04), (-0.04, 0.04), (-0.04, 0.04), (-0.04, 0.04), (-0.04, 0.04), (-0.04, 0.04), (-0.04, 0.04), (-0.04, 0.04), (-0.04, 0.04), (-0.04, 0.04), (-0.04, 0.04), (-0.04, 0.04), (-0.04, 0.04), (-0.04, 0.04), (-0.04, 0.04), (-0.04, 0.04), (-0.04, 0.04), (-0.04, 0.04), (-0.04, 0.04), (-0.04, 0.04), (-0.04, 0.04), (-0.04, 0.04), (-0.04, 0.04), (-0.04, 0.04), (-0.04, 0.04), (-0.04, 0.04), (-0.04, 0.04), (-0.04, 0.04), (-0.04, 0.04), (-0.04, 0.04), (-0.04, 0.04), (-0.04, 0.04), (-0.04, 0.04), (-0.04, 0.04), (-0.04, 0.04), (-0.04, 0.04), (-0.04, 0.04), (-0.04, 0.04), (-0.04, 0.04), (-0.04, 0.04), (-0.04, 0.04), (-0.04, 0.04), (-0.04, 0.04), (-0.04, 0.04), (-0.04, 0.04), (-0.04, 0.04), (-0.04, 0.04), (-0.04, 0.04), (-0.04, 0.04), (-0.04, 0.04), (-0.04, 0.04), (-0.04, 0.04), (-0.04, 0.04), (-0.04, 0.04), (-0.04, 0.04), (-0.04, 0.04), (-0.04, 0.04), (-0.04, 0.04), (-0.04, 0.04), (-0.04, 0.04), (-0.04, 0.04), (-0.04, 0.04), (-0.04, 0.04), (-0.04, 0.04), (-0.04, 0.04), (-0.04, 0.04), (-0.04, 0.04), (-0.04, 0.04), (-0.04, 0.04), (-0.04, 0.04), (-0.04, 0.04), (-0.04, 0.04), (-0.04, 0.04), (-0.04, 0.04), (-0.04, 0.04), (-0.04, 0.04), (-0.04, 0.04), (-0.04, 0.04), (-0.04, 0.04), (-0.04, 0.04), (-0.04, 0.04), (-0.04, 0.04), (-0.04, 0.04), (-0.04, 0.04), (-0.04, 0.04), (-0.04, 0.04), (-0.04, 0.04), (-0.04, 0.04), (-0.04, 0.04), (-0.04, 0.04), (-0.04, 0.04), (-0.04, 0.04), (-0.04, 0.04), (-0.04, 0.04), (-0.04, 0.04), (-0.04, 0.04), (-0.04, 0.04), (-0.04, 0.04), (-0.04, 0.04), (-0.04, 0.04), (-0.04, 0.04), (-0.04, 0.04), (-0.04, 0.04), (-0.04, 0.04), (-0.04, 0.04), (-0.04, 0.04), (-0.04, 0.04), (-0.04, 0.04), (-0.04, 0.04), (-0.04, 0.04), (0.98, 1.02), (-1e-05, 1e-05), (0.57, 0.59), (0.22, 0.24)]
