Best in last gen:
[ 5.97817867e-03  1.71595864e-02 -6.66118160e-02 -3.39094988e-02
  7.44049884e-02 -8.13110579e-02  3.43832163e-02  9.36149247e-03
  2.95552997e-02 -9.06636522e-02 -6.49645475e-03  1.70425265e-02
 -6.09652216e-02  3.12860035e-02 -2.48953422e-02 -2.46791608e-02
  1.63960961e-02  3.35084305e-02  1.47781335e-02 -1.84954689e-02
 -4.44014998e-03 -9.14903073e-03  1.96118064e-03 -5.50870607e-02
 -3.05312946e-02  7.74666325e-03 -1.65523054e-02  4.18694400e-02
 -2.14449447e-04  1.98013385e-02  4.83380131e-02  6.13922079e-02
 -2.01979340e-02  3.57901126e-02  1.25200370e-02 -2.94424890e-04
 -3.97969401e-02  4.36272119e-03  1.11968966e-02  5.05759553e-02
  3.73704462e-02  3.83646843e-02 -2.84650018e-02  1.86036885e-02
 -2.18590601e-02  4.54233621e-02 -3.29242260e-02 -3.62053998e-03
  1.01860115e+00 -2.17121036e-01  1.24021856e+00  8.15150668e-01]
Best fitness in last gen:
1.1431711516883668e-05

Best in all:
[ 5.97817867e-03  1.71595864e-02 -6.66118160e-02 -3.39094988e-02
  7.44049884e-02 -8.13110579e-02  3.43832163e-02  9.36149247e-03
  2.95552997e-02 -9.06636522e-02 -6.49645475e-03  1.70425265e-02
 -6.09652216e-02  3.12860035e-02 -2.48953422e-02 -2.46791608e-02
  1.63960961e-02  3.35084305e-02  1.47781335e-02 -1.84954689e-02
 -4.44014998e-03 -9.14903073e-03  1.96118064e-03 -5.50870607e-02
 -3.05312946e-02  7.74666325e-03 -1.65523054e-02  4.18694400e-02
 -2.14449447e-04  1.98013385e-02  4.83380131e-02  6.13922079e-02
 -2.01979340e-02  3.57901126e-02  1.25200370e-02 -2.94424890e-04
 -3.97969401e-02  4.36272119e-03  1.11968966e-02  5.05759553e-02
  3.73704462e-02  3.83646843e-02 -2.84650018e-02  1.86036885e-02
 -2.18590601e-02  4.54233621e-02 -3.29242260e-02 -3.62053998e-03
  1.01860115e+00 -2.17121036e-01  1.24021856e+00  8.15150668e-01]
Best fitness in all:
1.1431711516883668e-05
GA calculation time:
444.55888199806213

Initial parameters
population size = 25
number of generations = 10000
Real number of generations = 10000
elitism = 2
crossover_rate = 0.95
mutation rate = 0.007
mutation range = 0.1
order = 3
gene ranges = ((-0.1, 0.1), (0.98, 1.02), (-2, 2), (1.0, 1.4), (0.5, 0.9))
