Best in last gen:
[-6.94742050e-03  6.75781240e-05  3.10372283e-02  4.80997602e-03
  1.87675864e-02  2.45885843e-03 -2.08610709e-02 -3.01345260e-03
 -1.52549843e-02 -3.26874174e-02 -5.37145401e-03  2.42319867e-03
  1.08849879e-02 -3.62641628e-02  1.94522029e-02 -3.44139079e-02
 -3.79274355e-02  1.11363074e-02  2.31588013e-02 -9.47655425e-03
  1.11157332e-02  8.65062019e-04 -3.35698124e-02  2.96542994e-02
 -2.81691287e-02  1.21338139e-02 -2.33869351e-02  8.79597066e-03
 -1.35211605e-02 -5.86285122e-03 -5.83893822e-03  1.02490935e-02
 -2.06873404e-03  1.19432322e-02  5.77601698e-03 -3.79361328e-03
  1.55829586e-02 -1.16570990e-02  3.78289137e-02  2.20263827e-02
  1.85942970e-02  1.00101070e-02  6.13062849e-03  4.49251820e-04
  1.42655013e-02  1.83254483e-02 -2.26750443e-02 -4.68391290e-03
  4.61486153e-04 -6.02257815e-03 -1.80464857e-03  2.59976655e-02
 -3.13799183e-02 -1.92979786e-03 -3.70720014e-03  1.35329495e-02
  2.26101949e-02 -2.30953671e-02 -6.69603060e-03 -4.31857133e-04
  1.21790689e-02  6.44220083e-03  1.30109875e-02  2.00662475e-02
  2.35388851e-02 -7.75761918e-03  8.01566299e-03  1.44332519e-02
  2.08572805e-02  1.69481952e-02  1.04964824e-03 -3.82172476e-04
 -1.36773630e-03 -5.53356363e-02  1.41658406e-02 -4.42851236e-02
  7.30060899e-03 -1.03168777e-02 -3.25055259e-02 -3.91623695e-03
  4.30138936e-03 -1.47751725e-02 -3.23329727e-02  5.96430310e-03
 -4.47410968e-03 -1.38659159e-03  1.51323297e-02  3.04882846e-02
 -3.25507456e-02  3.71098533e-03 -1.09965491e-02  2.73522947e-02
 -3.65408286e-02 -5.52319665e-03  1.36637186e-02  1.56255239e-02
 -1.38707685e-02 -1.13050544e-03 -4.85711045e-03  1.96011487e-03
 -7.04923257e-03  4.26636263e-03 -1.64498208e-02  1.31841586e-02
  1.39285365e-02  2.02597177e-04  5.62709862e-03  7.15451136e-03
 -1.11055753e-02 -4.27840634e-03 -1.17708125e-02 -1.07038515e-03
  1.08039721e-02  2.08166958e-02  9.18158378e-03 -2.05675533e-03
 -1.23663757e-02  3.33546927e-03  1.60710766e-02 -1.80942322e-02
  9.97900361e-01  1.55669841e-07  3.39662760e-01  2.85269166e-01]
Best fitness in last gen:
5.813381912335949e-05
GA calculation time:
17403.503307819366

Initial parameters
population size = 500
number of generations = 10000
Real number of generations = 10000
elitism = 2
crossover_rate = 0.95
mutation rate = 0.01
mutation range = [3.e-02 3.e-02 3.e-02 3.e-02 3.e-02 3.e-02 3.e-02 3.e-02 3.e-02 3.e-02
 3.e-02 3.e-02 3.e-02 3.e-02 3.e-02 3.e-02 3.e-02 3.e-02 3.e-02 3.e-02
 3.e-02 3.e-02 3.e-02 3.e-02 3.e-02 3.e-02 3.e-02 3.e-02 3.e-02 3.e-02
 3.e-02 3.e-02 3.e-02 3.e-02 3.e-02 3.e-02 3.e-02 3.e-02 3.e-02 3.e-02
 3.e-02 3.e-02 3.e-02 3.e-02 3.e-02 3.e-02 3.e-02 3.e-02 3.e-02 3.e-02
 3.e-02 3.e-02 3.e-02 3.e-02 3.e-02 3.e-02 3.e-02 3.e-02 3.e-02 3.e-02
 3.e-02 3.e-02 3.e-02 3.e-02 3.e-02 3.e-02 3.e-02 3.e-02 3.e-02 3.e-02
 3.e-02 3.e-02 3.e-02 3.e-02 3.e-02 3.e-02 3.e-02 3.e-02 3.e-02 3.e-02
 3.e-02 3.e-02 3.e-02 3.e-02 3.e-02 3.e-02 3.e-02 3.e-02 3.e-02 3.e-02
 3.e-02 3.e-02 3.e-02 3.e-02 3.e-02 3.e-02 3.e-02 3.e-02 3.e-02 3.e-02
 3.e-02 3.e-02 3.e-02 3.e-02 3.e-02 3.e-02 3.e-02 3.e-02 3.e-02 3.e-02
 3.e-02 3.e-02 3.e-02 3.e-02 3.e-02 3.e-02 3.e-02 3.e-02 3.e-02 3.e-02
 2.e-02 1.e-06 3.e-02 3.e-02]
order = 5
gene ranges = [(-0.03, 0.03), (-0.03, 0.03), (-0.03, 0.03), (-0.03, 0.03), (-0.03, 0.03), (-0.03, 0.03), (-0.03, 0.03), (-0.03, 0.03), (-0.03, 0.03), (-0.03, 0.03), (-0.03, 0.03), (-0.03, 0.03), (-0.03, 0.03), (-0.03, 0.03), (-0.03, 0.03), (-0.03, 0.03), (-0.03, 0.03), (-0.03, 0.03), (-0.03, 0.03), (-0.03, 0.03), (-0.03, 0.03), (-0.03, 0.03), (-0.03, 0.03), (-0.03, 0.03), (-0.03, 0.03), (-0.03, 0.03), (-0.03, 0.03), (-0.03, 0.03), (-0.03, 0.03), (-0.03, 0.03), (-0.03, 0.03), (-0.03, 0.03), (-0.03, 0.03), (-0.03, 0.03), (-0.03, 0.03), (-0.03, 0.03), (-0.03, 0.03), (-0.03, 0.03), (-0.03, 0.03), (-0.03, 0.03), (-0.03, 0.03), (-0.03, 0.03), (-0.03, 0.03), (-0.03, 0.03), (-0.03, 0.03), (-0.03, 0.03), (-0.03, 0.03), (-0.03, 0.03), (-0.03, 0.03), (-0.03, 0.03), (-0.03, 0.03), (-0.03, 0.03), (-0.03, 0.03), (-0.03, 0.03), (-0.03, 0.03), (-0.03, 0.03), (-0.03, 0.03), (-0.03, 0.03), (-0.03, 0.03), (-0.03, 0.03), (-0.03, 0.03), (-0.03, 0.03), (-0.03, 0.03), (-0.03, 0.03), (-0.03, 0.03), (-0.03, 0.03), (-0.03, 0.03), (-0.03, 0.03), (-0.03, 0.03), (-0.03, 0.03), (-0.03, 0.03), (-0.03, 0.03), (-0.03, 0.03), (-0.03, 0.03), (-0.03, 0.03), (-0.03, 0.03), (-0.03, 0.03), (-0.03, 0.03), (-0.03, 0.03), (-0.03, 0.03), (-0.03, 0.03), (-0.03, 0.03), (-0.03, 0.03), (-0.03, 0.03), (-0.03, 0.03), (-0.03, 0.03), (-0.03, 0.03), (-0.03, 0.03), (-0.03, 0.03), (-0.03, 0.03), (-0.03, 0.03), (-0.03, 0.03), (-0.03, 0.03), (-0.03, 0.03), (-0.03, 0.03), (-0.03, 0.03), (-0.03, 0.03), (-0.03, 0.03), (-0.03, 0.03), (-0.03, 0.03), (-0.03, 0.03), (-0.03, 0.03), (-0.03, 0.03), (-0.03, 0.03), (-0.03, 0.03), (-0.03, 0.03), (-0.03, 0.03), (-0.03, 0.03), (-0.03, 0.03), (-0.03, 0.03), (-0.03, 0.03), (-0.03, 0.03), (-0.03, 0.03), (-0.03, 0.03), (-0.03, 0.03), (-0.03, 0.03), (-0.03, 0.03), (-0.03, 0.03), (-0.03, 0.03), (-0.03, 0.03), (0.98, 1.02), (-1e-05, 1e-05), (0.32, 0.38), (0.24, 0.3)]