Best in last gen:
[ 4.76112346e-02 -2.52858691e-02  5.19794058e-02 -8.81955415e-04
 -9.84845135e-02 -2.39054789e-02  2.79450697e-02  2.48534310e-03
 -6.89679755e-02  6.30510591e-02  4.29635635e-02  4.75219265e-03
 -3.66625735e-02  3.25577924e-03  3.09911671e-02  3.16687864e-02
  2.38654900e-02  2.44563538e-02 -4.24658308e-02 -5.69364040e-02
 -4.14944334e-03 -5.44188702e-02 -2.61811186e-02  5.49900134e-02
  1.40830233e-02 -5.72815236e-03 -2.38088316e-02  2.60365565e-02
  5.26748002e-02  3.73844031e-02 -1.43248641e-02 -1.22240706e-02
 -1.75606301e-02  5.19000327e-02 -4.79374855e-02  4.82791618e-02
  2.70643666e-02  4.00117231e-02  2.76439637e-02 -5.28082399e-02
  2.33932369e-02  1.37221775e-02  5.06955890e-02  3.15822289e-02
 -2.02742785e-02  4.01498104e-02 -1.00918845e-02 -4.64144305e-02
  1.00161613e+00 -2.00363668e-06  5.59900734e-01  7.21257280e-01]
Best fitness in last gen:
2.3912887166413907e-06
GA calculation time:
240.46087265014648

Initial parameters
population size = 10
number of generations = 10000
Real number of generations = 10000
elitism = 2
crossover_rate = 0.95
mutation rate = 0.01
mutation range = [4.e-02 4.e-02 4.e-02 4.e-02 4.e-02 4.e-02 4.e-02 4.e-02 4.e-02 4.e-02
 4.e-02 4.e-02 4.e-02 4.e-02 4.e-02 4.e-02 4.e-02 4.e-02 4.e-02 4.e-02
 4.e-02 4.e-02 4.e-02 4.e-02 4.e-02 4.e-02 4.e-02 4.e-02 4.e-02 4.e-02
 4.e-02 4.e-02 4.e-02 4.e-02 4.e-02 4.e-02 4.e-02 4.e-02 4.e-02 4.e-02
 4.e-02 4.e-02 4.e-02 4.e-02 4.e-02 4.e-02 4.e-02 4.e-02 2.e-02 1.e-06
 2.e-02 2.e-02]
order = 3
gene ranges = [(-0.1, 0.1), (-0.1, 0.1), (-0.1, 0.1), (-0.1, 0.1), (-0.1, 0.1), (-0.1, 0.1), (-0.1, 0.1), (-0.1, 0.1), (-0.1, 0.1), (-0.1, 0.1), (-0.1, 0.1), (-0.1, 0.1), (-0.1, 0.1), (-0.1, 0.1), (-0.1, 0.1), (-0.1, 0.1), (-0.1, 0.1), (-0.1, 0.1), (-0.1, 0.1), (-0.1, 0.1), (-0.1, 0.1), (-0.1, 0.1), (-0.1, 0.1), (-0.1, 0.1), (-0.1, 0.1), (-0.1, 0.1), (-0.1, 0.1), (-0.1, 0.1), (-0.1, 0.1), (-0.1, 0.1), (-0.1, 0.1), (-0.1, 0.1), (-0.1, 0.1), (-0.1, 0.1), (-0.1, 0.1), (-0.1, 0.1), (-0.1, 0.1), (-0.1, 0.1), (-0.1, 0.1), (-0.1, 0.1), (-0.1, 0.1), (-0.1, 0.1), (-0.1, 0.1), (-0.1, 0.1), (-0.1, 0.1), (-0.1, 0.1), (-0.1, 0.1), (-0.1, 0.1), (0.98, 1.02), (-1e-05, 1e-05), (0.55, 0.59), (0.71, 0.75)]
