Best in last gen:
[ 1.06617881e-02  4.47870241e-03 -4.38923051e-02  2.34237645e-02
  4.53664270e-02  2.94255508e-02  1.07445645e-01 -7.62546922e-03
 -1.27357697e-02  3.29957526e-02 -6.90067569e-03 -2.77869368e-02
  6.65837305e-03 -7.73962880e-02 -1.03948849e-03 -3.46001925e-02
  1.92587774e-03  9.64616411e-03 -9.07670684e-03 -7.49590379e-04
  6.61324485e-03 -2.72939040e-02 -5.22446201e-02 -3.24030446e-02
  9.00794277e-03 -2.24133443e-02 -1.11283302e-02  7.70504862e-03
  1.91116223e-02 -2.99379747e-02  8.89594404e-03 -1.44862456e-02
  1.59166851e-02 -2.92636042e-02  3.50861288e-02  1.97952295e-02
 -6.44006056e-03  2.23553556e-02  2.08853907e-02 -1.29025865e-02
  8.35954369e-03  7.91549545e-03  9.46225527e-03  1.76430458e-02
 -8.51047374e-03  1.20905078e-01  4.11602771e-02  9.12749330e-04
  9.91096654e-01 -1.50859078e-01  5.87294056e-01  1.22601693e+00]
Best fitness in last gen:
8.698453452722892e-05

Best in all:
[ 1.06617881e-02  4.47870241e-03 -4.38923051e-02  2.34237645e-02
  4.53664270e-02  2.94255508e-02  1.07445645e-01 -7.62546922e-03
 -1.27357697e-02  3.29957526e-02 -6.90067569e-03 -2.77869368e-02
  6.65837305e-03 -7.73962880e-02 -1.03948849e-03 -3.46001925e-02
  1.92587774e-03  9.64616411e-03 -9.07670684e-03 -7.49590379e-04
  6.61324485e-03 -2.72939040e-02 -5.22446201e-02 -3.24030446e-02
  9.00794277e-03 -2.24133443e-02 -1.11283302e-02  7.70504862e-03
  1.91116223e-02 -2.99379747e-02  8.89594404e-03 -1.44862456e-02
  1.59166851e-02 -2.92636042e-02  3.50861288e-02  1.97952295e-02
 -6.44006056e-03  2.23553556e-02  2.08853907e-02 -1.29025865e-02
  8.35954369e-03  7.91549545e-03  9.46225527e-03  1.76430458e-02
 -8.51047374e-03  1.20905078e-01  4.11602771e-02  9.12749330e-04
  9.91096654e-01 -1.50859078e-01  5.87294056e-01  1.22601693e+00]
Best fitness in all:
8.698453452722892e-05
GA calculation time:
10133.18622994423

Initial parameters
population size = 500
number of generations = 20000
Real number of generations = 20000
elitism = 2
crossover_rate = 0.95
mutation rate = 0.02
mutation range = [0.1  0.1  0.1  0.1  0.1  0.1  0.1  0.1  0.1  0.1  0.1  0.1  0.1  0.1
 0.1  0.1  0.1  0.1  0.1  0.1  0.1  0.1  0.1  0.1  0.1  0.1  0.1  0.1
 0.1  0.1  0.1  0.1  0.1  0.1  0.1  0.1  0.1  0.1  0.1  0.1  0.1  0.1
 0.1  0.1  0.1  0.1  0.1  0.1  0.04 3.6  0.1  0.1 ]
order = 3
gene ranges = ((-0.05, 0.05), (0.98, 1.02), (-0.8, 0.8), (0.55, 0.65), (1.2, 1.3))
