Best in last gen:
[-9.17822198e-02  1.91050579e-02  8.35193755e-03  6.52770533e-02
  3.12498452e-03  6.81711332e-02  5.50787150e-03 -2.22404588e-02
 -5.27055215e-02  7.18248391e-02 -3.20684924e-02  5.47815399e-02
  1.44108558e-03  6.14006622e-02  1.56387893e-02 -3.86238369e-02
 -1.81127696e-02 -8.11783822e-02 -6.22330809e-02 -4.21413590e-02
  2.92670876e-02  8.59059745e-02  9.05745781e-02  1.17423034e-02
 -3.15214791e-02 -6.43948028e-02  3.46579541e-03  6.62965101e-02
  6.53823976e-02 -4.44841234e-02 -6.21926609e-02  5.11125330e-02
  4.52374039e-03  2.15112922e-02 -2.92883652e-02  4.61165095e-02
 -4.97236996e-02  7.74703144e-02 -5.46578926e-02  3.81403053e-02
  3.05521874e-02  6.46987958e-02 -1.38618450e-02 -7.77140226e-02
  4.02746841e-02 -3.33589560e-02  1.80897861e-02 -6.23483625e-02
  1.01409388e+00 -7.67110192e-06  7.94103782e-01  3.15617098e-01]
Best fitness in last gen:
1.0
GA calculation time:
2.309427261352539

Initial parameters
population size = 300
number of generations = 2000
Real number of generations = 1
elitism = 2
crossover_rate = 0.95
mutation rate = 0.01
mutation range = [4.e-02 4.e-02 4.e-02 4.e-02 4.e-02 4.e-02 4.e-02 4.e-02 4.e-02 4.e-02
 4.e-02 4.e-02 4.e-02 4.e-02 4.e-02 4.e-02 4.e-02 4.e-02 4.e-02 4.e-02
 4.e-02 4.e-02 4.e-02 4.e-02 4.e-02 4.e-02 4.e-02 4.e-02 4.e-02 4.e-02
 4.e-02 4.e-02 4.e-02 4.e-02 4.e-02 4.e-02 4.e-02 4.e-02 4.e-02 4.e-02
 4.e-02 4.e-02 4.e-02 4.e-02 4.e-02 4.e-02 4.e-02 4.e-02 2.e-02 1.e-06
 2.e-02 2.e-02]
order = 3
gene ranges = [(-0.1, 0.1), (-0.1, 0.1), (-0.1, 0.1), (-0.1, 0.1), (-0.1, 0.1), (-0.1, 0.1), (-0.1, 0.1), (-0.1, 0.1), (-0.1, 0.1), (-0.1, 0.1), (-0.1, 0.1), (-0.1, 0.1), (-0.1, 0.1), (-0.1, 0.1), (-0.1, 0.1), (-0.1, 0.1), (-0.1, 0.1), (-0.1, 0.1), (-0.1, 0.1), (-0.1, 0.1), (-0.1, 0.1), (-0.1, 0.1), (-0.1, 0.1), (-0.1, 0.1), (-0.1, 0.1), (-0.1, 0.1), (-0.1, 0.1), (-0.1, 0.1), (-0.1, 0.1), (-0.1, 0.1), (-0.1, 0.1), (-0.1, 0.1), (-0.1, 0.1), (-0.1, 0.1), (-0.1, 0.1), (-0.1, 0.1), (-0.1, 0.1), (-0.1, 0.1), (-0.1, 0.1), (-0.1, 0.1), (-0.1, 0.1), (-0.1, 0.1), (-0.1, 0.1), (-0.1, 0.1), (-0.1, 0.1), (-0.1, 0.1), (-0.1, 0.1), (-0.1, 0.1), (0.98, 1.02), (-1e-05, 1e-05), (0.72, 0.82), (0.28, 0.38)]
