Best in last gen:
[-4.11324646e-03 -1.45744619e-02  1.18395911e-02  7.63656765e-03
 -2.43612115e-03 -3.21614185e-02  6.68396000e-02  1.02034864e-02
  1.82047918e-02  1.58632388e-02 -5.09285456e-03  1.52553582e-02
  5.70736685e-05 -4.86187486e-03 -6.51264695e-03 -6.43665333e-04
  1.65591467e-02 -9.43324710e-05  6.55318687e-02 -4.20195086e-02
 -1.82573577e-02  1.03974582e-02  2.76619836e-02 -4.22339588e-02
  2.78294972e-02  1.62684378e-02 -1.24943031e-02  2.05719232e-03
  3.81115839e-02 -6.36593636e-03  1.17395361e-02 -9.75848437e-02
 -6.70870773e-04 -3.28449097e-02 -4.64713276e-02  4.49796724e-02
 -6.83268635e-02 -2.72826772e-02 -8.38933482e-02 -4.77827717e-02
 -2.34802234e-02 -5.93505183e-02 -6.68498876e-03  4.84071300e-02
 -3.72491681e-02 -4.49182009e-03  1.15358324e-02 -2.15813111e-02
  1.01097685e+00  9.64546157e-08  3.51920164e-01  2.44304031e-01]
Best fitness in last gen:
0.0003651941276189797
GA calculation time:
5597.870004892349

Initial parameters
population size = 250
number of generations = 20000
Real number of generations = 20000
elitism = 2
crossover_rate = 0.95
mutation rate = 0.01
mutation range = [4.e-02 4.e-02 4.e-02 4.e-02 4.e-02 4.e-02 4.e-02 4.e-02 4.e-02 4.e-02
 4.e-02 4.e-02 4.e-02 4.e-02 4.e-02 4.e-02 4.e-02 4.e-02 4.e-02 4.e-02
 4.e-02 4.e-02 4.e-02 4.e-02 4.e-02 4.e-02 4.e-02 4.e-02 4.e-02 4.e-02
 4.e-02 4.e-02 4.e-02 4.e-02 4.e-02 4.e-02 4.e-02 4.e-02 4.e-02 4.e-02
 4.e-02 4.e-02 4.e-02 4.e-02 4.e-02 4.e-02 4.e-02 4.e-02 2.e-02 1.e-06
 2.e-02 2.e-02]
order = 3
gene ranges = [(-0.04, 0.04), (-0.04, 0.04), (-0.04, 0.04), (-0.04, 0.04), (-0.04, 0.04), (-0.04, 0.04), (-0.04, 0.04), (-0.04, 0.04), (-0.04, 0.04), (-0.04, 0.04), (-0.04, 0.04), (-0.04, 0.04), (-0.04, 0.04), (-0.04, 0.04), (-0.04, 0.04), (-0.04, 0.04), (-0.04, 0.04), (-0.04, 0.04), (-0.04, 0.04), (-0.04, 0.04), (-0.04, 0.04), (-0.04, 0.04), (-0.04, 0.04), (-0.04, 0.04), (-0.04, 0.04), (-0.04, 0.04), (-0.04, 0.04), (-0.04, 0.04), (-0.04, 0.04), (-0.04, 0.04), (-0.04, 0.04), (-0.04, 0.04), (-0.04, 0.04), (-0.04, 0.04), (-0.04, 0.04), (-0.04, 0.04), (-0.04, 0.04), (-0.04, 0.04), (-0.04, 0.04), (-0.04, 0.04), (-0.04, 0.04), (-0.04, 0.04), (-0.04, 0.04), (-0.04, 0.04), (-0.04, 0.04), (-0.04, 0.04), (-0.04, 0.04), (-0.04, 0.04), (0.98, 1.02), (-1e-05, 1e-05), (0.33, 0.37), (0.21, 0.25)]
