Best in last gen:
[-1.30503986e-02 -3.13388227e-02  9.41265503e-03  1.04886639e-02
 -1.91039868e-02  2.79757544e-02 -1.49329041e-02 -1.69611112e-02
  2.40958810e-03 -8.67966521e-03  9.26297560e-03 -1.27731864e-02
 -3.79694677e-04  1.86350966e-02  1.62727440e-02  4.81748708e-03
  2.16919757e-02  2.16089502e-02 -1.90354014e-02 -2.51086813e-02
 -3.08729608e-02  4.17886260e-02  2.21964428e-02 -1.61024861e-02
 -2.29325891e-02  1.95733183e-02  8.74111233e-03  2.93994932e-02
  1.90217735e-02 -4.39772563e-03  5.71879755e-03  1.04253567e-02
 -5.90914745e-03  3.01256548e-02 -5.13040682e-03 -1.42755895e-02
  1.32288291e-02  2.32835177e-03 -1.39076566e-02 -1.24382371e-02
  2.09695375e-03  5.41006037e-02 -3.77226410e-03  2.66230274e-02
  1.02666694e-02 -3.13578638e-02 -7.55331602e-03 -1.99766853e-02
 -2.51222281e-02  1.63300730e-02 -1.99789243e-02  1.37888541e-02
  1.38503855e-02 -9.10500878e-03 -3.31118393e-03  9.41056644e-03
 -2.11919741e-02  5.49348181e-02 -1.10472596e-02  2.05093980e-02
 -2.73534702e-02  5.88571458e-03 -1.80710755e-02 -4.12196564e-03
 -1.63006493e-02 -2.25460981e-02  1.10612046e-02  8.57024765e-03
  8.95613930e-03  2.16068995e-02 -1.23331617e-02 -3.51090907e-03
 -1.08256869e-02  3.86556085e-03  1.52645317e-02  1.52677558e-02
  7.87822791e-03  2.18042727e-02 -1.43528102e-02  5.81726016e-03
  1.00080389e+00  3.69044162e-08  7.29092798e-01  5.72562782e-01]
Best fitness in last gen:
1.3126681324952574e-06
GA calculation time:
1100.240883588791

Initial parameters
population size = 200
number of generations = 1500
Real number of generations = 1500
elitism = 2
crossover_rate = 0.95
mutation rate = 0.01
mutation range = [4.e-02 4.e-02 4.e-02 4.e-02 4.e-02 4.e-02 4.e-02 4.e-02 4.e-02 4.e-02
 4.e-02 4.e-02 4.e-02 4.e-02 4.e-02 4.e-02 4.e-02 4.e-02 4.e-02 4.e-02
 4.e-02 4.e-02 4.e-02 4.e-02 4.e-02 4.e-02 4.e-02 4.e-02 4.e-02 4.e-02
 4.e-02 4.e-02 4.e-02 4.e-02 4.e-02 4.e-02 4.e-02 4.e-02 4.e-02 4.e-02
 4.e-02 4.e-02 4.e-02 4.e-02 4.e-02 4.e-02 4.e-02 4.e-02 4.e-02 4.e-02
 4.e-02 4.e-02 4.e-02 4.e-02 4.e-02 4.e-02 4.e-02 4.e-02 4.e-02 4.e-02
 4.e-02 4.e-02 4.e-02 4.e-02 4.e-02 4.e-02 4.e-02 4.e-02 4.e-02 4.e-02
 4.e-02 4.e-02 4.e-02 4.e-02 4.e-02 4.e-02 4.e-02 4.e-02 4.e-02 4.e-02
 2.e-02 1.e-06 2.e-02 2.e-02]
order = 4
gene ranges = [(-0.1, 0.1), (-0.1, 0.1), (-0.1, 0.1), (-0.1, 0.1), (-0.1, 0.1), (-0.1, 0.1), (-0.1, 0.1), (-0.1, 0.1), (-0.1, 0.1), (-0.1, 0.1), (-0.1, 0.1), (-0.1, 0.1), (-0.1, 0.1), (-0.1, 0.1), (-0.1, 0.1), (-0.1, 0.1), (-0.1, 0.1), (-0.1, 0.1), (-0.1, 0.1), (-0.1, 0.1), (-0.1, 0.1), (-0.1, 0.1), (-0.1, 0.1), (-0.1, 0.1), (-0.1, 0.1), (-0.1, 0.1), (-0.1, 0.1), (-0.1, 0.1), (-0.1, 0.1), (-0.1, 0.1), (-0.1, 0.1), (-0.1, 0.1), (-0.1, 0.1), (-0.1, 0.1), (-0.1, 0.1), (-0.1, 0.1), (-0.1, 0.1), (-0.1, 0.1), (-0.1, 0.1), (-0.1, 0.1), (-0.1, 0.1), (-0.1, 0.1), (-0.1, 0.1), (-0.1, 0.1), (-0.1, 0.1), (-0.1, 0.1), (-0.1, 0.1), (-0.1, 0.1), (-0.1, 0.1), (-0.1, 0.1), (-0.1, 0.1), (-0.1, 0.1), (-0.1, 0.1), (-0.1, 0.1), (-0.1, 0.1), (-0.1, 0.1), (-0.1, 0.1), (-0.1, 0.1), (-0.1, 0.1), (-0.1, 0.1), (-0.1, 0.1), (-0.1, 0.1), (-0.1, 0.1), (-0.1, 0.1), (-0.1, 0.1), (-0.1, 0.1), (-0.1, 0.1), (-0.1, 0.1), (-0.1, 0.1), (-0.1, 0.1), (-0.1, 0.1), (-0.1, 0.1), (-0.1, 0.1), (-0.1, 0.1), (-0.1, 0.1), (-0.1, 0.1), (-0.1, 0.1), (-0.1, 0.1), (-0.1, 0.1), (-0.1, 0.1), (0.98, 1.02), (-1e-05, 1e-05), (0.71, 0.75), (0.55, 0.59)]
