Best in last gen:
[-1.26959498e-02 -3.24966344e-03  1.15261146e-03  9.03869747e-02
  4.54807488e-03  9.05128593e-03  3.76388813e-03 -2.10501165e-02
 -2.36643696e-02  2.16551087e-02 -2.77466293e-03  1.04664208e-02
  1.05024431e-02 -1.20494557e-02  7.06044536e-03 -2.57575482e-03
  3.28987133e-02 -2.66143968e-02  1.77618266e-03  7.86445564e-03
  2.20737835e-02  2.12779511e-02 -8.57420318e-03  1.32588805e-02
 -8.01653411e-03  1.27158004e-02  1.37853880e-02  5.48144276e-03
 -3.79643947e-03  3.00374551e-02 -4.73599411e-03  5.78772246e-03
  6.87944407e-03 -1.23701958e-02 -1.02886759e-02 -5.87964142e-03
  6.82408215e-03 -1.67141166e-03 -6.51911612e-03  3.28395948e-03
  2.57985020e-02 -2.17217133e-02  3.63192929e-03 -3.12932026e-03
  2.73190157e-03  1.56827196e-02  7.39613558e-03 -8.93691483e-03
 -1.81069899e-02  4.14300139e-03 -2.44108103e-02 -2.57721927e-03
 -2.11847466e-03  2.82586520e-03  8.48975755e-03 -2.24621487e-02
  3.98877556e-04 -1.93954015e-03  7.59038272e-03 -2.42207122e-02
  2.59626823e-02 -6.58896426e-03 -2.15623774e-02 -9.42061375e-03
  1.36996161e-02 -8.94264854e-03  1.32908908e-02 -1.44751813e-02
 -3.74724875e-03 -2.50105829e-02  4.26520663e-02 -5.59204987e-02
 -3.30953959e-02 -2.84141330e-03  8.99362858e-03 -2.11310457e-02
 -1.53348979e-02 -8.22409318e-03 -1.57779786e-02 -1.09254255e-03
 -4.21016623e-02 -1.61715967e-02 -2.19491314e-02 -1.39904193e-02
  9.10553292e-03 -6.42901267e-03 -1.62765242e-02  1.90622352e-02
 -7.89075375e-03 -1.19253399e-02 -1.04942131e-02  3.29023673e-03
 -3.01175348e-03 -1.59008163e-02  5.94903339e-03  6.46821322e-03
  1.57766091e-03  3.11267185e-03 -2.09645650e-02  1.22887192e-02
  8.55736302e-05  2.16890941e-02  2.94202604e-02  9.71626084e-03
  7.19051807e-03  8.98157789e-03  1.63460927e-03  2.62802101e-02
 -9.86188642e-05  1.39423099e-03  1.20713677e-02 -2.80081773e-02
 -4.28062242e-03 -1.05411627e-02 -3.70369890e-03  2.15092887e-02
 -7.32955795e-03  4.86049232e-02  1.27246566e-04 -6.27775666e-03
  1.00502089e+00  1.27013540e-06  7.52160266e-01  3.82351225e-01]
Best fitness in last gen:
1.9005808286322112e-06
GA calculation time:
17645.562532424927

Initial parameters
population size = 500
number of generations = 10000
Real number of generations = 10000
elitism = 2
crossover_rate = 0.95
mutation rate = 0.01
mutation range = [3.e-02 3.e-02 3.e-02 3.e-02 3.e-02 3.e-02 3.e-02 3.e-02 3.e-02 3.e-02
 3.e-02 3.e-02 3.e-02 3.e-02 3.e-02 3.e-02 3.e-02 3.e-02 3.e-02 3.e-02
 3.e-02 3.e-02 3.e-02 3.e-02 3.e-02 3.e-02 3.e-02 3.e-02 3.e-02 3.e-02
 3.e-02 3.e-02 3.e-02 3.e-02 3.e-02 3.e-02 3.e-02 3.e-02 3.e-02 3.e-02
 3.e-02 3.e-02 3.e-02 3.e-02 3.e-02 3.e-02 3.e-02 3.e-02 3.e-02 3.e-02
 3.e-02 3.e-02 3.e-02 3.e-02 3.e-02 3.e-02 3.e-02 3.e-02 3.e-02 3.e-02
 3.e-02 3.e-02 3.e-02 3.e-02 3.e-02 3.e-02 3.e-02 3.e-02 3.e-02 3.e-02
 3.e-02 3.e-02 3.e-02 3.e-02 3.e-02 3.e-02 3.e-02 3.e-02 3.e-02 3.e-02
 3.e-02 3.e-02 3.e-02 3.e-02 3.e-02 3.e-02 3.e-02 3.e-02 3.e-02 3.e-02
 3.e-02 3.e-02 3.e-02 3.e-02 3.e-02 3.e-02 3.e-02 3.e-02 3.e-02 3.e-02
 3.e-02 3.e-02 3.e-02 3.e-02 3.e-02 3.e-02 3.e-02 3.e-02 3.e-02 3.e-02
 3.e-02 3.e-02 3.e-02 3.e-02 3.e-02 3.e-02 3.e-02 3.e-02 3.e-02 3.e-02
 2.e-02 1.e-06 3.e-02 3.e-02]
order = 5
gene ranges = [(-0.03, 0.03), (-0.03, 0.03), (-0.03, 0.03), (-0.03, 0.03), (-0.03, 0.03), (-0.03, 0.03), (-0.03, 0.03), (-0.03, 0.03), (-0.03, 0.03), (-0.03, 0.03), (-0.03, 0.03), (-0.03, 0.03), (-0.03, 0.03), (-0.03, 0.03), (-0.03, 0.03), (-0.03, 0.03), (-0.03, 0.03), (-0.03, 0.03), (-0.03, 0.03), (-0.03, 0.03), (-0.03, 0.03), (-0.03, 0.03), (-0.03, 0.03), (-0.03, 0.03), (-0.03, 0.03), (-0.03, 0.03), (-0.03, 0.03), (-0.03, 0.03), (-0.03, 0.03), (-0.03, 0.03), (-0.03, 0.03), (-0.03, 0.03), (-0.03, 0.03), (-0.03, 0.03), (-0.03, 0.03), (-0.03, 0.03), (-0.03, 0.03), (-0.03, 0.03), (-0.03, 0.03), (-0.03, 0.03), (-0.03, 0.03), (-0.03, 0.03), (-0.03, 0.03), (-0.03, 0.03), (-0.03, 0.03), (-0.03, 0.03), (-0.03, 0.03), (-0.03, 0.03), (-0.03, 0.03), (-0.03, 0.03), (-0.03, 0.03), (-0.03, 0.03), (-0.03, 0.03), (-0.03, 0.03), (-0.03, 0.03), (-0.03, 0.03), (-0.03, 0.03), (-0.03, 0.03), (-0.03, 0.03), (-0.03, 0.03), (-0.03, 0.03), (-0.03, 0.03), (-0.03, 0.03), (-0.03, 0.03), (-0.03, 0.03), (-0.03, 0.03), (-0.03, 0.03), (-0.03, 0.03), (-0.03, 0.03), (-0.03, 0.03), (-0.03, 0.03), (-0.03, 0.03), (-0.03, 0.03), (-0.03, 0.03), (-0.03, 0.03), (-0.03, 0.03), (-0.03, 0.03), (-0.03, 0.03), (-0.03, 0.03), (-0.03, 0.03), (-0.03, 0.03), (-0.03, 0.03), (-0.03, 0.03), (-0.03, 0.03), (-0.03, 0.03), (-0.03, 0.03), (-0.03, 0.03), (-0.03, 0.03), (-0.03, 0.03), (-0.03, 0.03), (-0.03, 0.03), (-0.03, 0.03), (-0.03, 0.03), (-0.03, 0.03), (-0.03, 0.03), (-0.03, 0.03), (-0.03, 0.03), (-0.03, 0.03), (-0.03, 0.03), (-0.03, 0.03), (-0.03, 0.03), (-0.03, 0.03), (-0.03, 0.03), (-0.03, 0.03), (-0.03, 0.03), (-0.03, 0.03), (-0.03, 0.03), (-0.03, 0.03), (-0.03, 0.03), (-0.03, 0.03), (-0.03, 0.03), (-0.03, 0.03), (-0.03, 0.03), (-0.03, 0.03), (-0.03, 0.03), (-0.03, 0.03), (-0.03, 0.03), (-0.03, 0.03), (-0.03, 0.03), (-0.03, 0.03), (0.98, 1.02), (-1e-05, 1e-05), (0.75, 0.81), (0.36, 0.42)]