Best in last gen:
[ 5.83780123e-02 -4.51951740e-02 -4.28413550e-03 -1.80581087e-03
  1.20590386e-02  3.32931615e-02 -2.83113358e-02  2.25572009e-02
  6.81703647e-04  2.59058506e-02 -3.10600463e-02 -2.58266513e-02
  1.02684619e-01  2.74374546e-02 -9.61796130e-03  4.96212414e-02
  8.68371455e-03  8.15561465e-03  2.84490977e-02  1.09682138e-02
  8.36515898e-03  7.18291701e-02  4.22741765e-02 -6.18553741e-02
 -3.53155770e-02  2.49736988e-02  4.03477454e-02  2.88822621e-03
 -2.25711661e-02  9.56633233e-03  3.43861749e-02  4.96405930e-02
  4.75584255e-02  6.34100017e-03  1.35948974e-02 -1.64550378e-02
  1.24477537e-02  4.63697437e-04  1.10552727e-02  2.60361922e-02
 -1.12641977e-02 -5.58580525e-03 -1.03238474e-02  1.56477446e-03
  2.58122464e-02 -2.34480590e-02 -2.59160995e-03  1.44420741e-02
  9.94927771e-01  1.26357455e-06  1.44901325e+00  5.49380906e-01]
Best fitness in last gen:
1.555997788983306e-06
GA calculation time:
362.7766559123993

Initial parameters
population size = 100
number of generations = 2000
Real number of generations = 2000
elitism = 2
crossover_rate = 0.95
mutation rate = 0.01
mutation range = [4.e-02 4.e-02 4.e-02 4.e-02 4.e-02 4.e-02 4.e-02 4.e-02 4.e-02 4.e-02
 4.e-02 4.e-02 4.e-02 4.e-02 4.e-02 4.e-02 4.e-02 4.e-02 4.e-02 4.e-02
 4.e-02 4.e-02 4.e-02 4.e-02 4.e-02 4.e-02 4.e-02 4.e-02 4.e-02 4.e-02
 4.e-02 4.e-02 4.e-02 4.e-02 4.e-02 4.e-02 4.e-02 4.e-02 4.e-02 4.e-02
 4.e-02 4.e-02 4.e-02 4.e-02 4.e-02 4.e-02 4.e-02 4.e-02 2.e-02 1.e-06
 2.e-02 2.e-02]
order = 3
gene ranges = [(-0.1, 0.1), (-0.1, 0.1), (-0.1, 0.1), (-0.1, 0.1), (-0.1, 0.1), (-0.1, 0.1), (-0.1, 0.1), (-0.1, 0.1), (-0.1, 0.1), (-0.1, 0.1), (-0.1, 0.1), (-0.1, 0.1), (-0.1, 0.1), (-0.1, 0.1), (-0.1, 0.1), (-0.1, 0.1), (-0.1, 0.1), (-0.1, 0.1), (-0.1, 0.1), (-0.1, 0.1), (-0.1, 0.1), (-0.1, 0.1), (-0.1, 0.1), (-0.1, 0.1), (-0.1, 0.1), (-0.1, 0.1), (-0.1, 0.1), (-0.1, 0.1), (-0.1, 0.1), (-0.1, 0.1), (-0.1, 0.1), (-0.1, 0.1), (-0.1, 0.1), (-0.1, 0.1), (-0.1, 0.1), (-0.1, 0.1), (-0.1, 0.1), (-0.1, 0.1), (-0.1, 0.1), (-0.1, 0.1), (-0.1, 0.1), (-0.1, 0.1), (-0.1, 0.1), (-0.1, 0.1), (-0.1, 0.1), (-0.1, 0.1), (-0.1, 0.1), (-0.1, 0.1), (0.98, 1.02), (-1e-05, 1e-05), (1.43, 1.47), (0.55, 0.59)]
