Best in last gen:
[ 5.40525721e-02 -1.39691940e-03 -4.15457275e-02 -2.30700367e-02
  1.49481081e-01  1.21606683e-02 -7.77261682e-02 -2.15067781e-02
  2.37166829e-02  4.58204175e-03  1.05934406e-01 -4.30992372e-03
 -4.32320234e-02  2.29385837e-02  3.71108808e-02  3.89168290e-02
 -3.68786091e-02  5.36828990e-02  1.23497745e-02  7.27644842e-03
  3.53214968e-02 -1.40014247e-02  1.54857905e-02 -4.04561993e-02
  1.13883554e-02  3.12248793e-03  2.86073438e-02 -8.89338373e-03
  4.04436043e-02  3.75687825e-02  4.11562392e-03 -4.65042717e-02
 -4.23583561e-02  1.15540461e-03 -3.20832755e-02  6.86494304e-02
 -8.21067702e-03  1.82343451e-02 -4.80932981e-03 -1.16748083e-03
 -9.39782286e-03  3.08575925e-02  2.17100836e-02 -3.06485545e-02
 -1.35658687e-02  2.08439314e-02 -1.02497236e-02 -1.23747720e-02
  1.02246216e+00 -9.31572534e-01  5.78105437e-01  1.23119825e+00]
Best fitness in last gen:
1.645189975498572e-06

Best in all:
[ 5.40525721e-02 -1.39691940e-03 -4.15457275e-02 -2.30700367e-02
  1.49481081e-01  1.21606683e-02 -7.77261682e-02 -2.15067781e-02
  2.37166829e-02  4.58204175e-03  1.05934406e-01 -4.30992372e-03
 -4.32320234e-02  2.29385837e-02  3.71108808e-02  3.89168290e-02
 -3.68786091e-02  5.36828990e-02  1.23497745e-02  7.27644842e-03
  3.53214968e-02 -1.40014247e-02  1.54857905e-02 -4.04561993e-02
  1.13883554e-02  3.12248793e-03  2.86073438e-02 -8.89338373e-03
  4.04436043e-02  3.75687825e-02  4.11562392e-03 -4.65042717e-02
 -4.23583561e-02  1.15540461e-03 -3.20832755e-02  6.86494304e-02
 -8.21067702e-03  1.82343451e-02 -4.80932981e-03 -1.16748083e-03
 -9.39782286e-03  3.08575925e-02  2.17100836e-02 -3.06485545e-02
 -1.35658687e-02  2.08439314e-02 -1.02497236e-02 -1.23747720e-02
  1.02246216e+00 -9.31572534e-01  5.78105437e-01  1.23119825e+00]
Best fitness in all:
1.645189975498572e-06
GA calculation time:
27.178990840911865

Initial parameters
population size = 15
number of generations = 1000
Real number of generations = 1000
elitism = 2
crossover_rate = 0.95
mutation rate = 0.007
mutation range = 0.1
order = 3
gene ranges = ((-0.1, 0.1), (0.98, 1.02), (-2, 2), (0.57, 0.59), (1.25, 1.27))
