Best in last gen:
[ 4.16511711e-03 -1.75825651e-02  5.81136453e-03 -4.92954366e-02
  2.60960702e-03 -1.17903618e-02  1.64879481e-02 -7.05448711e-03
  1.20896057e-02  1.42161503e-02 -5.02149831e-02  3.17677617e-02
  3.06257472e-02  2.03333559e-02 -6.00957581e-02  4.23096850e-03
  2.58815421e-02  7.93296188e-03  3.42677411e-02 -4.46173245e-02
 -1.28289836e-03  1.97010094e-02 -1.49744907e-02 -1.80077289e-03
  1.74656619e-02  3.27700949e-03 -1.60369334e-02 -2.43513908e-02
  3.39520716e-02  7.75303059e-04 -2.58362047e-03 -3.65856291e-02
 -3.32610880e-02 -3.49355426e-02  5.36748251e-02 -3.06788545e-02
  1.79594056e-02 -2.47125542e-02 -3.01655786e-02 -2.83071700e-02
 -7.51768194e-03 -5.71061406e-03  2.44186616e-02 -4.54979116e-03
 -3.11831786e-02 -3.88889758e-02 -2.17508010e-03 -1.99597411e-02
  9.99212599e-01  2.12420892e-06  6.44860836e-01  7.41804645e-01]
Best fitness in last gen:
8.993885110572654e-06
GA calculation time:
6192.182661771774

Initial parameters
population size = 250
number of generations = 20000
Real number of generations = 20000
elitism = 2
crossover_rate = 0.95
mutation rate = 0.01
mutation range = [4.e-02 4.e-02 4.e-02 4.e-02 4.e-02 4.e-02 4.e-02 4.e-02 4.e-02 4.e-02
 4.e-02 4.e-02 4.e-02 4.e-02 4.e-02 4.e-02 4.e-02 4.e-02 4.e-02 4.e-02
 4.e-02 4.e-02 4.e-02 4.e-02 4.e-02 4.e-02 4.e-02 4.e-02 4.e-02 4.e-02
 4.e-02 4.e-02 4.e-02 4.e-02 4.e-02 4.e-02 4.e-02 4.e-02 4.e-02 4.e-02
 4.e-02 4.e-02 4.e-02 4.e-02 4.e-02 4.e-02 4.e-02 4.e-02 2.e-02 1.e-06
 2.e-02 2.e-02]
order = 3
gene ranges = [(-0.04, 0.04), (-0.04, 0.04), (-0.04, 0.04), (-0.04, 0.04), (-0.04, 0.04), (-0.04, 0.04), (-0.04, 0.04), (-0.04, 0.04), (-0.04, 0.04), (-0.04, 0.04), (-0.04, 0.04), (-0.04, 0.04), (-0.04, 0.04), (-0.04, 0.04), (-0.04, 0.04), (-0.04, 0.04), (-0.04, 0.04), (-0.04, 0.04), (-0.04, 0.04), (-0.04, 0.04), (-0.04, 0.04), (-0.04, 0.04), (-0.04, 0.04), (-0.04, 0.04), (-0.04, 0.04), (-0.04, 0.04), (-0.04, 0.04), (-0.04, 0.04), (-0.04, 0.04), (-0.04, 0.04), (-0.04, 0.04), (-0.04, 0.04), (-0.04, 0.04), (-0.04, 0.04), (-0.04, 0.04), (-0.04, 0.04), (-0.04, 0.04), (-0.04, 0.04), (-0.04, 0.04), (-0.04, 0.04), (-0.04, 0.04), (-0.04, 0.04), (-0.04, 0.04), (-0.04, 0.04), (-0.04, 0.04), (-0.04, 0.04), (-0.04, 0.04), (-0.04, 0.04), (0.98, 1.02), (-1e-05, 1e-05), (0.63, 0.67), (0.73, 0.77)]
