Best in last gen:
[ 1.95138712e-02 -1.35103216e-02  9.17257910e-03  1.17899334e-02
 -9.82959254e-03  9.05261202e-02  2.97537686e-02 -1.17478626e-02
  1.26798239e-02 -5.78963529e-02  1.79245093e-02 -1.24807653e-02
 -9.84720762e-03  3.40590782e-02 -2.33809725e-02  1.27242431e-02
  1.71526353e-03 -4.57788978e-02  1.39996346e-02  2.55983072e-02
  4.95288760e-02 -4.24881615e-03  3.25636705e-02 -3.60090546e-02
  4.96645198e-02  6.60000834e-02  3.13350054e-02 -1.18882370e-03
 -1.21542895e-03 -6.20226691e-02 -4.10269561e-02 -6.95764954e-02
 -7.55008452e-03  3.64613666e-02 -3.48851084e-02  1.15465457e-02
 -1.81300121e-02  5.53120078e-03  6.80759922e-03 -3.45582785e-04
 -2.96005429e-02  5.71325686e-03 -6.56837995e-02  1.12945624e-02
  5.14203479e-03 -3.52209693e-02  2.32191856e-02 -1.75887905e-02
  9.99423326e-01  1.32590714e-01  6.32432801e-01  1.30140567e+00]
Best fitness in last gen:
0.00019953203604951237

Best in all:
[ 1.95138712e-02 -1.35103216e-02  9.17257910e-03  1.17899334e-02
 -9.82959254e-03  9.05261202e-02  2.97537686e-02 -1.17478626e-02
  1.26798239e-02 -5.78963529e-02  1.79245093e-02 -1.24807653e-02
 -9.84720762e-03  3.40590782e-02 -2.33809725e-02  1.27242431e-02
  1.71526353e-03 -4.57788978e-02  1.39996346e-02  2.55983072e-02
  4.95288760e-02 -4.24881615e-03  3.25636705e-02 -3.60090546e-02
  4.96645198e-02  6.60000834e-02  3.13350054e-02 -1.18882370e-03
 -1.21542895e-03 -6.20226691e-02 -4.10269561e-02 -6.95764954e-02
 -7.55008452e-03  3.64613666e-02 -3.48851084e-02  1.15465457e-02
 -1.81300121e-02  5.53120078e-03  6.80759922e-03 -3.45582785e-04
 -2.96005429e-02  5.71325686e-03 -6.56837995e-02  1.12945624e-02
  5.14203479e-03 -3.52209693e-02  2.32191856e-02 -1.75887905e-02
  9.99423326e-01  1.32590714e-01  6.32432801e-01  1.30140567e+00]
Best fitness in all:
0.00019953203604951237
GA calculation time:
15043.36816072464

Initial parameters
population size = 500
number of generations = 100000
Real number of generations = 27001
elitism = 2
crossover_rate = 0.95
mutation rate = 0.007
mutation range = 0.1
order = 3
gene ranges = ((-0.1, 0.1), (0.98, 1.02), (-2, 2), (0.55, 0.65), (1.2, 1.3))
