Best in last gen:
[ 4.76400663e-02  1.70301226e-02  2.71921370e-02  6.46769853e-04
 -1.37756437e-02 -1.00425078e-02  1.53681490e-02  1.70099203e-02
  8.13734595e-03  8.89184045e-03 -2.46764557e-02 -7.52711263e-03
  6.97085838e-02 -3.98465364e-02  2.78452387e-03  1.86718449e-02
  5.42337521e-02 -4.43075727e-04  1.94982866e-02  1.10952806e-02
  1.39925980e-03  4.39257227e-02  4.57179830e-02 -4.07626556e-02
 -3.33125204e-02  3.25388469e-02 -4.40488238e-02 -1.28624896e-02
  1.04971061e-03 -2.99871179e-02  2.93446158e-02 -5.58153028e-02
 -3.55638370e-02  5.57230445e-03  7.05871195e-04  1.73221631e-03
  4.21206488e-03 -1.48179874e-02  2.41181114e-02 -1.25759254e-03
 -1.07530962e-02 -4.68473754e-03 -1.04993156e-01 -2.73555541e-02
  4.77840406e-03  3.83465791e-02  3.47865468e-02  5.42706147e-03
  9.96699542e-01  1.13564866e-06  3.44116987e-01  7.64295971e-01]
Best fitness in last gen:
2.2907611565488504e-05
GA calculation time:
7585.569767713547

Initial parameters
population size = 300
number of generations = 20000
Real number of generations = 20000
elitism = 2
crossover_rate = 0.95
mutation rate = 0.01
mutation range = [4.e-02 4.e-02 4.e-02 4.e-02 4.e-02 4.e-02 4.e-02 4.e-02 4.e-02 4.e-02
 4.e-02 4.e-02 4.e-02 4.e-02 4.e-02 4.e-02 4.e-02 4.e-02 4.e-02 4.e-02
 4.e-02 4.e-02 4.e-02 4.e-02 4.e-02 4.e-02 4.e-02 4.e-02 4.e-02 4.e-02
 4.e-02 4.e-02 4.e-02 4.e-02 4.e-02 4.e-02 4.e-02 4.e-02 4.e-02 4.e-02
 4.e-02 4.e-02 4.e-02 4.e-02 4.e-02 4.e-02 4.e-02 4.e-02 2.e-02 1.e-06
 2.e-02 2.e-02]
order = 3
gene ranges = [(-0.1, 0.1), (-0.1, 0.1), (-0.1, 0.1), (-0.1, 0.1), (-0.1, 0.1), (-0.1, 0.1), (-0.1, 0.1), (-0.1, 0.1), (-0.1, 0.1), (-0.1, 0.1), (-0.1, 0.1), (-0.1, 0.1), (-0.1, 0.1), (-0.1, 0.1), (-0.1, 0.1), (-0.1, 0.1), (-0.1, 0.1), (-0.1, 0.1), (-0.1, 0.1), (-0.1, 0.1), (-0.1, 0.1), (-0.1, 0.1), (-0.1, 0.1), (-0.1, 0.1), (-0.1, 0.1), (-0.1, 0.1), (-0.1, 0.1), (-0.1, 0.1), (-0.1, 0.1), (-0.1, 0.1), (-0.1, 0.1), (-0.1, 0.1), (-0.1, 0.1), (-0.1, 0.1), (-0.1, 0.1), (-0.1, 0.1), (-0.1, 0.1), (-0.1, 0.1), (-0.1, 0.1), (-0.1, 0.1), (-0.1, 0.1), (-0.1, 0.1), (-0.1, 0.1), (-0.1, 0.1), (-0.1, 0.1), (-0.1, 0.1), (-0.1, 0.1), (-0.1, 0.1), (0.98, 1.02), (-1e-05, 1e-05), (0.28, 0.38), (0.72, 0.82)]
