Best in last gen:
[ 2.61785356e-02  2.38679794e-03 -2.07947450e-02  7.78373425e-03
 -6.13694092e-03 -3.19036939e-03  1.20771529e-02 -2.75006364e-02
 -2.12288291e-03  4.78582260e-02  1.46110022e-02 -1.58501801e-02
  1.72343649e-02  2.48511974e-02 -2.18784971e-02  6.52216799e-03
  3.19589180e-03 -4.17686665e-03  4.19611475e-02 -1.54788896e-02
 -1.18544522e-02  2.74657798e-02  1.53359227e-02  2.00353050e-02
 -3.96840631e-03  9.06968322e-03 -1.72102157e-02 -4.20856499e-03
  2.92353409e-02 -1.87804960e-03  1.99836986e-02  3.88315066e-03
 -3.06943376e-03  7.50874062e-03 -1.75941175e-03 -1.83598873e-04
 -2.37339856e-02  4.59757153e-02  9.90966888e-03 -8.14010020e-03
 -1.62482697e-02  2.56078887e-02  1.30072252e-02  1.55872881e-02
  3.43132155e-02  8.14333899e-03  5.27350172e-02  5.51214070e-04
  9.95595963e-01 -1.32207002e-06  2.02328478e+00  5.66281554e-01]
Best fitness in last gen:
6.281548750296421e-07
GA calculation time:
537.887585401535

Initial parameters
population size = 250
number of generations = 2000
Real number of generations = 2000
elitism = 2
crossover_rate = 0.95
mutation rate = 0.01
mutation range = [4.e-02 4.e-02 4.e-02 4.e-02 4.e-02 4.e-02 4.e-02 4.e-02 4.e-02 4.e-02
 4.e-02 4.e-02 4.e-02 4.e-02 4.e-02 4.e-02 4.e-02 4.e-02 4.e-02 4.e-02
 4.e-02 4.e-02 4.e-02 4.e-02 4.e-02 4.e-02 4.e-02 4.e-02 4.e-02 4.e-02
 4.e-02 4.e-02 4.e-02 4.e-02 4.e-02 4.e-02 4.e-02 4.e-02 4.e-02 4.e-02
 4.e-02 4.e-02 4.e-02 4.e-02 4.e-02 4.e-02 4.e-02 4.e-02 2.e-02 1.e-06
 2.e-02 2.e-02]
order = 3
gene ranges = [(-0.04, 0.04), (-0.04, 0.04), (-0.04, 0.04), (-0.04, 0.04), (-0.04, 0.04), (-0.04, 0.04), (-0.04, 0.04), (-0.04, 0.04), (-0.04, 0.04), (-0.04, 0.04), (-0.04, 0.04), (-0.04, 0.04), (-0.04, 0.04), (-0.04, 0.04), (-0.04, 0.04), (-0.04, 0.04), (-0.04, 0.04), (-0.04, 0.04), (-0.04, 0.04), (-0.04, 0.04), (-0.04, 0.04), (-0.04, 0.04), (-0.04, 0.04), (-0.04, 0.04), (-0.04, 0.04), (-0.04, 0.04), (-0.04, 0.04), (-0.04, 0.04), (-0.04, 0.04), (-0.04, 0.04), (-0.04, 0.04), (-0.04, 0.04), (-0.04, 0.04), (-0.04, 0.04), (-0.04, 0.04), (-0.04, 0.04), (-0.04, 0.04), (-0.04, 0.04), (-0.04, 0.04), (-0.04, 0.04), (-0.04, 0.04), (-0.04, 0.04), (-0.04, 0.04), (-0.04, 0.04), (-0.04, 0.04), (-0.04, 0.04), (-0.04, 0.04), (-0.04, 0.04), (0.98, 1.02), (-1e-05, 1e-05), (2.0, 2.04), (0.55, 0.59)]
