Best in last gen:
[ 2.13443683e-02  2.58140211e-02  1.27867846e-02  4.37566704e-03
  3.92563104e-03  1.40427803e-02  1.33308059e-02 -7.85725066e-03
 -7.22434598e-03 -9.59688070e-03  1.51069886e-02 -2.11563504e-02
  4.32978787e-02 -1.98002685e-02  1.49307909e-02 -1.09400995e-02
  4.64545977e-02  8.06739248e-03  5.37906208e-02  4.52782219e-02
  1.38136152e-02  5.88601824e-03  6.12643414e-03  1.25829376e-02
  3.55317374e-03  2.66683161e-02  4.73379188e-03  1.26012045e-02
 -1.97030641e-02 -7.07756923e-02  2.70325921e-02 -2.69188613e-02
 -3.93046190e-04 -5.03881167e-02  6.34730849e-03 -1.05546481e-01
 -1.98130657e-02 -3.33828439e-02  3.16471364e-02 -4.37579613e-04
 -7.26887131e-03  1.39942721e-02  1.83737521e-02 -7.44347794e-03
 -3.46501724e-03 -1.65638989e-02  1.12880288e-02 -2.05178746e-02
  9.99720705e-01  4.19289294e-06  3.01732331e-01  3.37633350e-01]
Best fitness in last gen:
0.00033228402748574205
GA calculation time:
5597.206111431122

Initial parameters
population size = 250
number of generations = 20000
Real number of generations = 20000
elitism = 2
crossover_rate = 0.95
mutation rate = 0.01
mutation range = [4.e-02 4.e-02 4.e-02 4.e-02 4.e-02 4.e-02 4.e-02 4.e-02 4.e-02 4.e-02
 4.e-02 4.e-02 4.e-02 4.e-02 4.e-02 4.e-02 4.e-02 4.e-02 4.e-02 4.e-02
 4.e-02 4.e-02 4.e-02 4.e-02 4.e-02 4.e-02 4.e-02 4.e-02 4.e-02 4.e-02
 4.e-02 4.e-02 4.e-02 4.e-02 4.e-02 4.e-02 4.e-02 4.e-02 4.e-02 4.e-02
 4.e-02 4.e-02 4.e-02 4.e-02 4.e-02 4.e-02 4.e-02 4.e-02 2.e-02 1.e-06
 2.e-02 2.e-02]
order = 3
gene ranges = [(-0.04, 0.04), (-0.04, 0.04), (-0.04, 0.04), (-0.04, 0.04), (-0.04, 0.04), (-0.04, 0.04), (-0.04, 0.04), (-0.04, 0.04), (-0.04, 0.04), (-0.04, 0.04), (-0.04, 0.04), (-0.04, 0.04), (-0.04, 0.04), (-0.04, 0.04), (-0.04, 0.04), (-0.04, 0.04), (-0.04, 0.04), (-0.04, 0.04), (-0.04, 0.04), (-0.04, 0.04), (-0.04, 0.04), (-0.04, 0.04), (-0.04, 0.04), (-0.04, 0.04), (-0.04, 0.04), (-0.04, 0.04), (-0.04, 0.04), (-0.04, 0.04), (-0.04, 0.04), (-0.04, 0.04), (-0.04, 0.04), (-0.04, 0.04), (-0.04, 0.04), (-0.04, 0.04), (-0.04, 0.04), (-0.04, 0.04), (-0.04, 0.04), (-0.04, 0.04), (-0.04, 0.04), (-0.04, 0.04), (-0.04, 0.04), (-0.04, 0.04), (-0.04, 0.04), (-0.04, 0.04), (-0.04, 0.04), (-0.04, 0.04), (-0.04, 0.04), (-0.04, 0.04), (0.98, 1.02), (-1e-05, 1e-05), (0.27, 0.31), (0.32, 0.36)]