Best in last gen:
[ 2.33329101e-03  6.42258665e-03 -1.89200468e-02  6.68648616e-03
 -2.01539693e-02  5.02847751e-03  1.32532723e-02  3.40952133e-03
  3.43864019e-02 -5.90505948e-02  7.64336019e-03  1.83093718e-02
  1.30416236e-02 -7.90415156e-04 -1.35650466e-03  9.35369740e-03
  3.41958804e-02 -5.05615486e-03  1.36623818e-02 -3.09481887e-03
 -1.01865223e-02 -1.45555078e-02  3.36124558e-02 -1.06443189e-02
  2.91507019e-02 -2.79381850e-02 -3.52480770e-02  1.40377810e-02
 -9.51330322e-03 -2.99325426e-03  6.47027845e-03  2.14754608e-02
 -8.44842780e-04  7.50471694e-03 -1.00178988e-05  1.35809737e-02
 -2.03602474e-02 -9.46269541e-03  9.54056862e-03  1.84438835e-02
  2.10445396e-02 -1.47084128e-02 -3.45598597e-03  4.44693378e-03
  4.30027461e-03 -1.20456549e-02  1.02579419e-02  7.79168253e-03
 -1.70263205e-02  1.72343540e-02 -1.16178088e-02 -1.98137612e-02
 -3.53686950e-03  4.28256181e-03  4.22831588e-03 -1.29759107e-02
  2.08087325e-03 -1.37466236e-02 -1.56994213e-03 -1.09351520e-03
  1.48137810e-02 -2.62960201e-03 -2.01505999e-02  5.42644958e-03
  1.04304358e-02  1.44457470e-02 -3.68407070e-03  8.56698106e-03
  2.61635678e-03  2.30467562e-02  2.14947164e-03  3.75405221e-02
  1.15639131e-03  2.23732571e-02 -4.94926853e-03 -4.09448115e-02
 -2.17121289e-02 -4.68826006e-02  6.39447719e-03 -2.91220826e-03
 -8.92311189e-02  1.82262714e-03  9.01329937e-03  3.74323850e-03
  2.42262022e-03 -5.71874141e-04  4.66778383e-03 -4.79029956e-03
  8.31990714e-03  2.94515094e-03  8.96551607e-03 -6.09078082e-03
 -8.94924396e-03  1.60463794e-02 -1.83387773e-02  7.96261456e-03
 -2.71989261e-03  9.01171722e-03  1.16363431e-02 -5.43694416e-03
  1.49745826e-02  1.17540437e-02 -5.05299860e-03  1.02091585e-02
 -4.86310940e-04 -1.59350270e-02 -5.74987545e-04  9.66542984e-03
 -7.94449611e-03 -6.65531129e-03  2.80795133e-02  1.01167469e-02
  3.52877654e-04 -9.52302735e-03 -4.10184783e-03  7.24378088e-02
  1.46521072e-02  1.38252937e-03 -1.53124160e-02 -1.91721888e-02
  1.01468701e+00  8.63964955e-06  6.92959726e-01  1.20886328e+00]
Best fitness in last gen:
4.681789213786364e-06
GA calculation time:
176724.7843091488

Initial parameters
population size = 500
number of generations = 100000
Real number of generations = 100000
elitism = 2
crossover_rate = 0.95
mutation rate = 0.01
mutation range = [3.e-02 3.e-02 3.e-02 3.e-02 3.e-02 3.e-02 3.e-02 3.e-02 3.e-02 3.e-02
 3.e-02 3.e-02 3.e-02 3.e-02 3.e-02 3.e-02 3.e-02 3.e-02 3.e-02 3.e-02
 3.e-02 3.e-02 3.e-02 3.e-02 3.e-02 3.e-02 3.e-02 3.e-02 3.e-02 3.e-02
 3.e-02 3.e-02 3.e-02 3.e-02 3.e-02 3.e-02 3.e-02 3.e-02 3.e-02 3.e-02
 3.e-02 3.e-02 3.e-02 3.e-02 3.e-02 3.e-02 3.e-02 3.e-02 3.e-02 3.e-02
 3.e-02 3.e-02 3.e-02 3.e-02 3.e-02 3.e-02 3.e-02 3.e-02 3.e-02 3.e-02
 3.e-02 3.e-02 3.e-02 3.e-02 3.e-02 3.e-02 3.e-02 3.e-02 3.e-02 3.e-02
 3.e-02 3.e-02 3.e-02 3.e-02 3.e-02 3.e-02 3.e-02 3.e-02 3.e-02 3.e-02
 3.e-02 3.e-02 3.e-02 3.e-02 3.e-02 3.e-02 3.e-02 3.e-02 3.e-02 3.e-02
 3.e-02 3.e-02 3.e-02 3.e-02 3.e-02 3.e-02 3.e-02 3.e-02 3.e-02 3.e-02
 3.e-02 3.e-02 3.e-02 3.e-02 3.e-02 3.e-02 3.e-02 3.e-02 3.e-02 3.e-02
 3.e-02 3.e-02 3.e-02 3.e-02 3.e-02 3.e-02 3.e-02 3.e-02 3.e-02 3.e-02
 2.e-02 1.e-06 2.e-02 2.e-02]
order = 5
gene ranges = [(-0.03, 0.03), (-0.03, 0.03), (-0.03, 0.03), (-0.03, 0.03), (-0.03, 0.03), (-0.03, 0.03), (-0.03, 0.03), (-0.03, 0.03), (-0.03, 0.03), (-0.03, 0.03), (-0.03, 0.03), (-0.03, 0.03), (-0.03, 0.03), (-0.03, 0.03), (-0.03, 0.03), (-0.03, 0.03), (-0.03, 0.03), (-0.03, 0.03), (-0.03, 0.03), (-0.03, 0.03), (-0.03, 0.03), (-0.03, 0.03), (-0.03, 0.03), (-0.03, 0.03), (-0.03, 0.03), (-0.03, 0.03), (-0.03, 0.03), (-0.03, 0.03), (-0.03, 0.03), (-0.03, 0.03), (-0.03, 0.03), (-0.03, 0.03), (-0.03, 0.03), (-0.03, 0.03), (-0.03, 0.03), (-0.03, 0.03), (-0.03, 0.03), (-0.03, 0.03), (-0.03, 0.03), (-0.03, 0.03), (-0.03, 0.03), (-0.03, 0.03), (-0.03, 0.03), (-0.03, 0.03), (-0.03, 0.03), (-0.03, 0.03), (-0.03, 0.03), (-0.03, 0.03), (-0.03, 0.03), (-0.03, 0.03), (-0.03, 0.03), (-0.03, 0.03), (-0.03, 0.03), (-0.03, 0.03), (-0.03, 0.03), (-0.03, 0.03), (-0.03, 0.03), (-0.03, 0.03), (-0.03, 0.03), (-0.03, 0.03), (-0.03, 0.03), (-0.03, 0.03), (-0.03, 0.03), (-0.03, 0.03), (-0.03, 0.03), (-0.03, 0.03), (-0.03, 0.03), (-0.03, 0.03), (-0.03, 0.03), (-0.03, 0.03), (-0.03, 0.03), (-0.03, 0.03), (-0.03, 0.03), (-0.03, 0.03), (-0.03, 0.03), (-0.03, 0.03), (-0.03, 0.03), (-0.03, 0.03), (-0.03, 0.03), (-0.03, 0.03), (-0.03, 0.03), (-0.03, 0.03), (-0.03, 0.03), (-0.03, 0.03), (-0.03, 0.03), (-0.03, 0.03), (-0.03, 0.03), (-0.03, 0.03), (-0.03, 0.03), (-0.03, 0.03), (-0.03, 0.03), (-0.03, 0.03), (-0.03, 0.03), (-0.03, 0.03), (-0.03, 0.03), (-0.03, 0.03), (-0.03, 0.03), (-0.03, 0.03), (-0.03, 0.03), (-0.03, 0.03), (-0.03, 0.03), (-0.03, 0.03), (-0.03, 0.03), (-0.03, 0.03), (-0.03, 0.03), (-0.03, 0.03), (-0.03, 0.03), (-0.03, 0.03), (-0.03, 0.03), (-0.03, 0.03), (-0.03, 0.03), (-0.03, 0.03), (-0.03, 0.03), (-0.03, 0.03), (-0.03, 0.03), (-0.03, 0.03), (-0.03, 0.03), (-0.03, 0.03), (-0.03, 0.03), (-0.03, 0.03), (0.98, 1.02), (-1e-05, 1e-05), (0.66, 0.7), (1.19, 1.23)]