Best in last gen:
[ 4.41858365e-02  4.63884936e-02  8.02778496e-02 -6.22504658e-02
 -1.26070477e-02  7.16665419e-03  1.06903425e-02 -2.26664895e-02
  3.89669254e-05  2.04285740e-02  2.98844288e-02 -1.94443429e-03
 -6.65200545e-02 -4.81921324e-03  3.61084769e-02  3.37677003e-02
 -9.96102316e-02 -1.48531808e-02  2.44591494e-02  2.27345349e-03
  6.01783505e-04  2.59023190e-02  5.39886835e-02  2.38869702e-02
 -2.07951884e-02 -7.25947339e-02 -8.23665490e-02  2.96866851e-02
  4.23686715e-02  1.22664576e-03  4.42111194e-02 -1.82301793e-02
 -3.27855484e-02 -2.72983163e-02  3.23749766e-02 -3.62171220e-02
 -3.53863943e-02  9.89309205e-03 -9.88030181e-03 -2.10684767e-02
  4.44551044e-02  1.22038652e-03  8.27039202e-03  4.86059563e-02
 -5.74634801e-02 -9.32883891e-03  2.21618383e-02  2.62339421e-02
  9.99461647e-01 -1.98543427e-06  7.49235332e-01  5.73495689e-01]
Best fitness in last gen:
8.217221005950887e-06
GA calculation time:
1400.6197645664215

Initial parameters
population size = 100
number of generations = 10000
Real number of generations = 10000
elitism = 2
crossover_rate = 0.95
mutation rate = 0.01
mutation range = [4.e-02 4.e-02 4.e-02 4.e-02 4.e-02 4.e-02 4.e-02 4.e-02 4.e-02 4.e-02
 4.e-02 4.e-02 4.e-02 4.e-02 4.e-02 4.e-02 4.e-02 4.e-02 4.e-02 4.e-02
 4.e-02 4.e-02 4.e-02 4.e-02 4.e-02 4.e-02 4.e-02 4.e-02 4.e-02 4.e-02
 4.e-02 4.e-02 4.e-02 4.e-02 4.e-02 4.e-02 4.e-02 4.e-02 4.e-02 4.e-02
 4.e-02 4.e-02 4.e-02 4.e-02 4.e-02 4.e-02 4.e-02 4.e-02 2.e-02 1.e-06
 2.e-02 2.e-02]
order = 3
gene ranges = [(-0.1, 0.1), (-0.1, 0.1), (-0.1, 0.1), (-0.1, 0.1), (-0.1, 0.1), (-0.1, 0.1), (-0.1, 0.1), (-0.1, 0.1), (-0.1, 0.1), (-0.1, 0.1), (-0.1, 0.1), (-0.1, 0.1), (-0.1, 0.1), (-0.1, 0.1), (-0.1, 0.1), (-0.1, 0.1), (-0.1, 0.1), (-0.1, 0.1), (-0.1, 0.1), (-0.1, 0.1), (-0.1, 0.1), (-0.1, 0.1), (-0.1, 0.1), (-0.1, 0.1), (-0.1, 0.1), (-0.1, 0.1), (-0.1, 0.1), (-0.1, 0.1), (-0.1, 0.1), (-0.1, 0.1), (-0.1, 0.1), (-0.1, 0.1), (-0.1, 0.1), (-0.1, 0.1), (-0.1, 0.1), (-0.1, 0.1), (-0.1, 0.1), (-0.1, 0.1), (-0.1, 0.1), (-0.1, 0.1), (-0.1, 0.1), (-0.1, 0.1), (-0.1, 0.1), (-0.1, 0.1), (-0.1, 0.1), (-0.1, 0.1), (-0.1, 0.1), (-0.1, 0.1), (0.98, 1.02), (-1e-05, 1e-05), (0.71, 0.75), (0.55, 0.59)]
