Best in last gen:
[-8.93240956e-03  6.38664020e-04  1.99976874e-02  1.85287287e-02
  1.14364277e-02  5.67271208e-05  2.10530352e-03  1.54196463e-02
  1.35822128e-02 -2.21030984e-03 -4.85005059e-03 -1.09278100e-02
  2.46336551e-02 -3.94938872e-03  2.39538118e-03 -1.04909842e-02
  1.56878668e-02  7.79589657e-03 -8.28459710e-03 -1.45127104e-02
 -9.22084620e-03  1.75753859e-02 -2.77573057e-02  1.41948839e-03
 -2.96392463e-02  2.07156549e-02  4.04465019e-03  2.30224889e-03
 -1.72433989e-02 -2.84029033e-02  2.45093215e-02  7.13632452e-03
  1.75399565e-05  1.86627894e-02 -8.86000568e-03  4.67471290e-03
  8.08300240e-03  1.22146391e-02 -1.51619834e-02 -3.13694703e-03
  9.43240009e-03 -1.09707420e-02  1.17840851e-02 -8.57888376e-03
 -4.86339988e-03 -1.47179790e-02 -9.46546565e-03 -1.69897932e-02
  1.22991449e-02 -1.55229430e-02 -3.05959910e-04  5.01811813e-02
 -7.21083316e-03  1.48431694e-02  2.62745212e-03 -1.68525771e-02
  5.63635586e-03 -1.65829677e-02 -4.67041668e-03 -2.50756736e-02
 -3.68463353e-03 -1.85782242e-02  2.54666251e-02 -3.42695354e-02
  4.65428279e-03  8.60122759e-03 -3.64729547e-02 -1.51802370e-02
 -4.92696047e-03 -2.24524330e-03 -8.05925354e-05  1.91591384e-03
 -6.76328237e-03 -8.61198787e-03  1.31339140e-02  1.37093748e-02
  2.70652493e-02 -7.46906082e-03  9.16043321e-03  1.13726729e-02
  2.12018778e-02 -1.91478028e-02 -1.20005317e-02  9.50734672e-03
 -1.61765545e-03  3.29314020e-05  3.00912517e-02  3.16738139e-02
 -1.58510036e-02 -4.64350616e-03 -3.76885202e-02  2.44348268e-03
 -1.17096995e-02  3.04575536e-03  8.75494637e-03  1.32508098e-02
 -2.02771816e-04 -4.62757465e-03  5.34989840e-04  2.64248416e-02
 -5.69875968e-03  4.40454806e-03 -4.34034598e-02 -4.07295475e-03
  8.58849661e-03 -3.05166936e-02 -1.75225043e-02  1.36114468e-02
  1.30704858e-02  1.35024654e-02  4.88249679e-03 -4.79643487e-03
 -5.80531532e-03  3.03299405e-02  1.28896983e-02  2.05207697e-05
 -3.01583190e-02  2.61142532e-02  1.67663850e-03 -5.12424684e-03
  1.00038934e+00  5.89600515e-06  9.43008296e-01  1.86830870e-01]
Best fitness in last gen:
7.067082257855632e-06
GA calculation time:
35369.3308134079

Initial parameters
population size = 500
number of generations = 20000
Real number of generations = 20000
elitism = 2
crossover_rate = 0.95
mutation rate = 0.01
mutation range = [3.e-02 3.e-02 3.e-02 3.e-02 3.e-02 3.e-02 3.e-02 3.e-02 3.e-02 3.e-02
 3.e-02 3.e-02 3.e-02 3.e-02 3.e-02 3.e-02 3.e-02 3.e-02 3.e-02 3.e-02
 3.e-02 3.e-02 3.e-02 3.e-02 3.e-02 3.e-02 3.e-02 3.e-02 3.e-02 3.e-02
 3.e-02 3.e-02 3.e-02 3.e-02 3.e-02 3.e-02 3.e-02 3.e-02 3.e-02 3.e-02
 3.e-02 3.e-02 3.e-02 3.e-02 3.e-02 3.e-02 3.e-02 3.e-02 3.e-02 3.e-02
 3.e-02 3.e-02 3.e-02 3.e-02 3.e-02 3.e-02 3.e-02 3.e-02 3.e-02 3.e-02
 3.e-02 3.e-02 3.e-02 3.e-02 3.e-02 3.e-02 3.e-02 3.e-02 3.e-02 3.e-02
 3.e-02 3.e-02 3.e-02 3.e-02 3.e-02 3.e-02 3.e-02 3.e-02 3.e-02 3.e-02
 3.e-02 3.e-02 3.e-02 3.e-02 3.e-02 3.e-02 3.e-02 3.e-02 3.e-02 3.e-02
 3.e-02 3.e-02 3.e-02 3.e-02 3.e-02 3.e-02 3.e-02 3.e-02 3.e-02 3.e-02
 3.e-02 3.e-02 3.e-02 3.e-02 3.e-02 3.e-02 3.e-02 3.e-02 3.e-02 3.e-02
 3.e-02 3.e-02 3.e-02 3.e-02 3.e-02 3.e-02 3.e-02 3.e-02 3.e-02 3.e-02
 2.e-02 1.e-06 3.e-02 3.e-02]
order = 5
gene ranges = [(-0.03, 0.03), (-0.03, 0.03), (-0.03, 0.03), (-0.03, 0.03), (-0.03, 0.03), (-0.03, 0.03), (-0.03, 0.03), (-0.03, 0.03), (-0.03, 0.03), (-0.03, 0.03), (-0.03, 0.03), (-0.03, 0.03), (-0.03, 0.03), (-0.03, 0.03), (-0.03, 0.03), (-0.03, 0.03), (-0.03, 0.03), (-0.03, 0.03), (-0.03, 0.03), (-0.03, 0.03), (-0.03, 0.03), (-0.03, 0.03), (-0.03, 0.03), (-0.03, 0.03), (-0.03, 0.03), (-0.03, 0.03), (-0.03, 0.03), (-0.03, 0.03), (-0.03, 0.03), (-0.03, 0.03), (-0.03, 0.03), (-0.03, 0.03), (-0.03, 0.03), (-0.03, 0.03), (-0.03, 0.03), (-0.03, 0.03), (-0.03, 0.03), (-0.03, 0.03), (-0.03, 0.03), (-0.03, 0.03), (-0.03, 0.03), (-0.03, 0.03), (-0.03, 0.03), (-0.03, 0.03), (-0.03, 0.03), (-0.03, 0.03), (-0.03, 0.03), (-0.03, 0.03), (-0.03, 0.03), (-0.03, 0.03), (-0.03, 0.03), (-0.03, 0.03), (-0.03, 0.03), (-0.03, 0.03), (-0.03, 0.03), (-0.03, 0.03), (-0.03, 0.03), (-0.03, 0.03), (-0.03, 0.03), (-0.03, 0.03), (-0.03, 0.03), (-0.03, 0.03), (-0.03, 0.03), (-0.03, 0.03), (-0.03, 0.03), (-0.03, 0.03), (-0.03, 0.03), (-0.03, 0.03), (-0.03, 0.03), (-0.03, 0.03), (-0.03, 0.03), (-0.03, 0.03), (-0.03, 0.03), (-0.03, 0.03), (-0.03, 0.03), (-0.03, 0.03), (-0.03, 0.03), (-0.03, 0.03), (-0.03, 0.03), (-0.03, 0.03), (-0.03, 0.03), (-0.03, 0.03), (-0.03, 0.03), (-0.03, 0.03), (-0.03, 0.03), (-0.03, 0.03), (-0.03, 0.03), (-0.03, 0.03), (-0.03, 0.03), (-0.03, 0.03), (-0.03, 0.03), (-0.03, 0.03), (-0.03, 0.03), (-0.03, 0.03), (-0.03, 0.03), (-0.03, 0.03), (-0.03, 0.03), (-0.03, 0.03), (-0.03, 0.03), (-0.03, 0.03), (-0.03, 0.03), (-0.03, 0.03), (-0.03, 0.03), (-0.03, 0.03), (-0.03, 0.03), (-0.03, 0.03), (-0.03, 0.03), (-0.03, 0.03), (-0.03, 0.03), (-0.03, 0.03), (-0.03, 0.03), (-0.03, 0.03), (-0.03, 0.03), (-0.03, 0.03), (-0.03, 0.03), (-0.03, 0.03), (-0.03, 0.03), (-0.03, 0.03), (-0.03, 0.03), (-0.03, 0.03), (0.98, 1.02), (-1e-05, 1e-05), (0.9, 0.96), (0.18, 0.24)]
