Best in last gen:
[ 1.76188989e-02  8.44811898e-02  8.85259603e-02  2.82979491e-02
  3.17770207e-02  4.57897944e-02  5.21900047e-02  5.62844141e-03
 -1.36997050e-02  1.15708934e-02 -2.14484732e-02  4.46059446e-02
  5.67662795e-02 -3.40006463e-02  1.71607750e-02  2.17947405e-02
  4.42224958e-02  1.56958548e-02  1.09464280e-02 -1.56481938e-02
 -1.09894918e-02  2.89650147e-02 -3.46026903e-03  4.16948957e-02
 -1.15157052e-02  1.31162085e-02  6.79241761e-02 -5.35309668e-02
 -1.92957064e-02  1.31039358e-02  1.49322906e-02  1.61499168e-02
 -1.36689018e-02  1.95344543e-02 -1.01179726e-02 -1.05386955e-02
 -1.61812624e-02  2.23026304e-02  3.37524002e-02 -4.49120156e-02
 -2.32379193e-02 -1.60636910e-02  1.91948381e-02 -2.95253467e-02
 -2.19198690e-02 -4.04282178e-03  4.01890531e-02  2.94066550e-02
 -1.74341922e-02  3.13907632e-03 -1.48152139e-03 -6.56987741e-03
  6.37504388e-03  5.89582294e-03 -2.12882039e-03  4.87989545e-02
 -2.48450829e-03 -4.93051376e-02 -2.20312640e-02 -4.98773421e-02
 -1.60260079e-02  7.78514734e-02 -1.11315457e-02  2.15878639e-02
  4.97776783e-02  2.44908501e-02  1.30540324e-03  6.39431124e-03
 -8.08617544e-03  1.03661498e-02 -6.76325395e-02  1.13097785e-02
  2.77082420e-02  3.46340622e-02 -9.51819054e-03 -1.06670234e-01
 -3.67020659e-03 -3.51008630e-02  9.74915762e-03 -1.09246320e-02
 -2.12926682e-02  1.90056688e-02  1.60092690e-04  2.11103860e-02
  4.36105319e-02 -2.97206445e-02  2.20419873e-02 -9.23939349e-03
  1.15485994e-02 -1.47304162e-02  2.42441727e-02  4.24130920e-02
 -2.16732491e-02  2.51704355e-02  1.16723872e-02 -4.02284905e-02
  6.20723707e-03 -8.67690957e-03  6.16323424e-03 -8.52330932e-02
  3.01167278e-02 -9.24990510e-03 -2.13103847e-03  4.35760618e-03
  1.44360006e-02 -4.78369310e-02 -4.89736981e-02 -2.98142482e-03
 -5.04890605e-02 -4.05290095e-02 -1.48717548e-02  1.57856892e-02
  1.70833578e-02  9.07627944e-03 -4.91838979e-02  6.60603390e-02
  3.43651261e-03 -1.90127737e-02 -2.36623697e-02  1.56123410e-02
  8.13459270e-01  9.91383409e-01  1.16881818e+00  7.02369297e-01]
Best fitness in last gen:
8.100348434276587e-07
GA calculation time:
52764.32790517807

Initial parameters
population size = 500
number of generations = 30000
Real number of generations = 30000
elitism = 2
crossover_rate = 0.95
mutation rate = 0.01
mutation range = [0.1  0.1  0.1  0.1  0.1  0.1  0.1  0.1  0.1  0.1  0.1  0.1  0.1  0.1
 0.1  0.1  0.1  0.1  0.1  0.1  0.1  0.1  0.1  0.1  0.1  0.1  0.1  0.1
 0.1  0.1  0.1  0.1  0.1  0.1  0.1  0.1  0.1  0.1  0.1  0.1  0.1  0.1
 0.1  0.1  0.1  0.1  0.1  0.1  0.1  0.1  0.1  0.1  0.1  0.1  0.1  0.1
 0.1  0.1  0.1  0.1  0.1  0.1  0.1  0.1  0.1  0.1  0.1  0.1  0.1  0.1
 0.1  0.1  0.1  0.1  0.1  0.1  0.1  0.1  0.1  0.1  0.1  0.1  0.1  0.1
 0.1  0.1  0.1  0.1  0.1  0.1  0.1  0.1  0.1  0.1  0.1  0.1  0.1  0.1
 0.1  0.1  0.1  0.1  0.1  0.1  0.1  0.1  0.1  0.1  0.1  0.1  0.1  0.1
 0.1  0.1  0.1  0.1  0.1  0.1  0.1  0.1  0.2  0.02 0.01 0.01]
order = 5
gene ranges = [(-0.1, 0.1), (-0.1, 0.1), (-0.1, 0.1), (-0.1, 0.1), (-0.1, 0.1), (-0.1, 0.1), (-0.1, 0.1), (-0.1, 0.1), (-0.1, 0.1), (-0.1, 0.1), (-0.1, 0.1), (-0.1, 0.1), (-0.1, 0.1), (-0.1, 0.1), (-0.1, 0.1), (-0.1, 0.1), (-0.1, 0.1), (-0.1, 0.1), (-0.1, 0.1), (-0.1, 0.1), (-0.1, 0.1), (-0.1, 0.1), (-0.1, 0.1), (-0.1, 0.1), (-0.1, 0.1), (-0.1, 0.1), (-0.1, 0.1), (-0.1, 0.1), (-0.1, 0.1), (-0.1, 0.1), (-0.1, 0.1), (-0.1, 0.1), (-0.1, 0.1), (-0.1, 0.1), (-0.1, 0.1), (-0.1, 0.1), (-0.1, 0.1), (-0.1, 0.1), (-0.1, 0.1), (-0.1, 0.1), (-0.1, 0.1), (-0.1, 0.1), (-0.1, 0.1), (-0.1, 0.1), (-0.1, 0.1), (-0.1, 0.1), (-0.1, 0.1), (-0.1, 0.1), (-0.1, 0.1), (-0.1, 0.1), (-0.1, 0.1), (-0.1, 0.1), (-0.1, 0.1), (-0.1, 0.1), (-0.1, 0.1), (-0.1, 0.1), (-0.1, 0.1), (-0.1, 0.1), (-0.1, 0.1), (-0.1, 0.1), (-0.1, 0.1), (-0.1, 0.1), (-0.1, 0.1), (-0.1, 0.1), (-0.1, 0.1), (-0.1, 0.1), (-0.1, 0.1), (-0.1, 0.1), (-0.1, 0.1), (-0.1, 0.1), (-0.1, 0.1), (-0.1, 0.1), (-0.1, 0.1), (-0.1, 0.1), (-0.1, 0.1), (-0.1, 0.1), (-0.1, 0.1), (-0.1, 0.1), (-0.1, 0.1), (-0.1, 0.1), (-0.1, 0.1), (-0.1, 0.1), (-0.1, 0.1), (-0.1, 0.1), (-0.1, 0.1), (-0.1, 0.1), (-0.1, 0.1), (-0.1, 0.1), (-0.1, 0.1), (-0.1, 0.1), (-0.1, 0.1), (-0.1, 0.1), (-0.1, 0.1), (-0.1, 0.1), (-0.1, 0.1), (-0.1, 0.1), (-0.1, 0.1), (-0.1, 0.1), (-0.1, 0.1), (-0.1, 0.1), (-0.1, 0.1), (-0.1, 0.1), (-0.1, 0.1), (-0.1, 0.1), (-0.1, 0.1), (-0.1, 0.1), (-0.1, 0.1), (-0.1, 0.1), (-0.1, 0.1), (-0.1, 0.1), (-0.1, 0.1), (-0.1, 0.1), (-0.1, 0.1), (-0.1, 0.1), (-0.1, 0.1), (-0.1, 0.1), (-0.1, 0.1), (-0.1, 0.1), (-0.1, 0.1), (-0.1, 0.1), (-0.2, 0.2), (0.98, 1.02), (1.16, 1.18), (0.69, 0.71)]