Best in last gen:
[ 1.82510471e-02 -1.40830361e-02  7.47726845e-02  2.86084921e-02
  1.12448069e-01  6.42209807e-02 -1.07890037e-02 -2.34099180e-02
  7.54202474e-02  3.90288200e-02  3.74773512e-02 -1.55957896e-02
 -2.35593068e-03  1.16427534e-02  6.69736422e-02  4.79471027e-02
 -9.18769559e-04 -5.64825961e-02  3.84217616e-02 -3.37001599e-03
 -4.12490526e-03 -4.55063050e-02 -8.44430997e-03  6.07358867e-02
 -3.33387676e-02 -7.96977079e-03 -4.78529346e-02  5.88398737e-02
  2.97562637e-02 -1.09197906e-03  3.91496230e-02 -3.31236156e-02
  1.39981208e-02 -5.52484641e-02 -2.22955410e-02  2.58372386e-03
 -2.74051073e-02  2.43798049e-02 -3.71550519e-02 -5.92929667e-03
 -6.79933813e-03  1.66741264e-03 -2.77864535e-03 -6.14368610e-02
  1.56461110e-02 -9.51819316e-03  3.10540518e-02  3.89453708e-02
  1.00024189e+00  1.76923746e+00  7.83203818e-01  1.35797154e+00]
Best fitness in last gen:
8.837037565073673e-07

Best in all:
[ 1.82510471e-02 -1.40830361e-02  7.47726845e-02  2.86084921e-02
  1.12448069e-01  6.42209807e-02 -1.07890037e-02 -2.34099180e-02
  7.54202474e-02  3.90288200e-02  3.74773512e-02 -1.55957896e-02
 -2.35593068e-03  1.16427534e-02  6.69736422e-02  4.79471027e-02
 -9.18769559e-04 -5.64825961e-02  3.84217616e-02 -3.37001599e-03
 -4.12490526e-03 -4.55063050e-02 -8.44430997e-03  6.07358867e-02
 -3.33387676e-02 -7.96977079e-03 -4.78529346e-02  5.88398737e-02
  2.97562637e-02 -1.09197906e-03  3.91496230e-02 -3.31236156e-02
  1.39981208e-02 -5.52484641e-02 -2.22955410e-02  2.58372386e-03
 -2.74051073e-02  2.43798049e-02 -3.71550519e-02 -5.92929667e-03
 -6.79933813e-03  1.66741264e-03 -2.77864535e-03 -6.14368610e-02
  1.56461110e-02 -9.51819316e-03  3.10540518e-02  3.89453708e-02
  1.00024189e+00  1.76923746e+00  7.83203818e-01  1.35797154e+00]
Best fitness in all:
8.837037565073673e-07
GA calculation time:
189.8815634250641

Initial parameters
population size = 10
number of generations = 10000
Real number of generations = 10000
elitism = 2
crossover_rate = 0.95
mutation rate = 0.007
mutation range = 0.1
order = 3
gene ranges = ((-0.1, 0.1), (0.98, 1.02), (-2, 2), (0.65, 1.05), (1.1, 1.5))
