Best in last gen:
[ 6.05693335e-02  1.27566254e-02  2.22453592e-02  3.42036028e-04
 -1.78339385e-02 -6.56505639e-03 -4.99044763e-03  1.42580873e-02
  8.17938039e-03  1.39158777e-02  1.58973945e-02  2.14221946e-02
  4.62093914e-03  9.40059084e-03  7.28717424e-03  4.66924408e-03
  2.61845407e-02  1.61632422e-02 -1.65920748e-02  5.92163144e-03
 -1.44296442e-02  3.56155043e-03  1.20518063e-02 -1.29611679e-02
 -1.36523613e-02 -7.21243802e-03  1.38282976e-02  2.20247490e-02
  4.19937198e-04  8.45349398e-03  2.48100539e-02  1.51263949e-02
 -1.02174601e-02  1.75519176e-02  2.47803887e-02  2.69258822e-02
 -2.97677941e-03 -7.20216446e-03  9.34902766e-03 -1.01527431e-02
  9.23244080e-03  3.29391582e-05 -1.90750293e-02 -3.12025622e-02
 -3.22770361e-02  4.27288392e-02  1.62796268e-02  1.27215737e-02
 -1.23629859e-02 -7.21677195e-03 -1.45423429e-02 -3.97284903e-03
  1.42504137e-02  1.81227230e-02  6.84498598e-03 -7.27054496e-03
 -1.56706522e-02  2.66815184e-02  3.56517773e-03  8.36958877e-03
  7.41085760e-02 -3.23986040e-03 -1.41795730e-02 -3.00372766e-03
  1.12218150e-03  9.64961802e-03  1.16511940e-02 -2.54852700e-03
 -2.06385266e-02 -5.33981277e-03  1.73414172e-02 -1.09039106e-02
 -1.77504051e-02 -2.04287665e-02  2.51868202e-03 -6.43912459e-03
  5.26484431e-03  8.30019434e-03 -9.32389802e-03 -4.89610233e-03
  3.33022617e-03 -1.90521890e-02  1.07038741e-02 -4.38217361e-03
 -1.03102837e-02  3.35402493e-02 -1.17683078e-03  1.26205392e-02
  1.69821612e-03 -2.96652987e-02 -3.75067441e-03 -3.00796361e-02
 -4.18187520e-03  5.59930936e-03 -9.71710861e-03 -3.10232640e-02
  2.08672562e-04  4.22190920e-03 -9.89488562e-03  2.02196874e-03
  2.24221278e-03 -7.94670644e-03  2.04117412e-02  3.43095300e-03
  1.37185948e-02 -2.53628593e-03 -8.71903725e-04 -3.65366859e-03
  8.41500507e-03  2.93226047e-02  6.18525246e-03 -8.96720719e-02
 -2.82065752e-02  6.43505657e-03 -2.10806038e-04  4.37026103e-03
 -4.45089823e-03  1.54737666e-02 -6.08278366e-02  2.22019035e-03
  9.96329138e-01 -3.90372442e-06  7.75337408e-01  3.71203746e-01]
Best fitness in last gen:
3.0689023695797928e-06
GA calculation time:
35368.07047319412

Initial parameters
population size = 500
number of generations = 20000
Real number of generations = 20000
elitism = 2
crossover_rate = 0.95
mutation rate = 0.01
mutation range = [4.e-02 4.e-02 4.e-02 4.e-02 4.e-02 4.e-02 4.e-02 4.e-02 4.e-02 4.e-02
 4.e-02 4.e-02 4.e-02 4.e-02 4.e-02 4.e-02 4.e-02 4.e-02 4.e-02 4.e-02
 4.e-02 4.e-02 4.e-02 4.e-02 4.e-02 4.e-02 4.e-02 4.e-02 4.e-02 4.e-02
 4.e-02 4.e-02 4.e-02 4.e-02 4.e-02 4.e-02 4.e-02 4.e-02 4.e-02 4.e-02
 4.e-02 4.e-02 4.e-02 4.e-02 4.e-02 4.e-02 4.e-02 4.e-02 4.e-02 4.e-02
 4.e-02 4.e-02 4.e-02 4.e-02 4.e-02 4.e-02 4.e-02 4.e-02 4.e-02 4.e-02
 4.e-02 4.e-02 4.e-02 4.e-02 4.e-02 4.e-02 4.e-02 4.e-02 4.e-02 4.e-02
 4.e-02 4.e-02 4.e-02 4.e-02 4.e-02 4.e-02 4.e-02 4.e-02 4.e-02 4.e-02
 4.e-02 4.e-02 4.e-02 4.e-02 4.e-02 4.e-02 4.e-02 4.e-02 4.e-02 4.e-02
 4.e-02 4.e-02 4.e-02 4.e-02 4.e-02 4.e-02 4.e-02 4.e-02 4.e-02 4.e-02
 4.e-02 4.e-02 4.e-02 4.e-02 4.e-02 4.e-02 4.e-02 4.e-02 4.e-02 4.e-02
 4.e-02 4.e-02 4.e-02 4.e-02 4.e-02 4.e-02 4.e-02 4.e-02 4.e-02 4.e-02
 2.e-02 1.e-06 2.e-02 2.e-02]
order = 5
gene ranges = [(-0.04, 0.04), (-0.04, 0.04), (-0.04, 0.04), (-0.04, 0.04), (-0.04, 0.04), (-0.04, 0.04), (-0.04, 0.04), (-0.04, 0.04), (-0.04, 0.04), (-0.04, 0.04), (-0.04, 0.04), (-0.04, 0.04), (-0.04, 0.04), (-0.04, 0.04), (-0.04, 0.04), (-0.04, 0.04), (-0.04, 0.04), (-0.04, 0.04), (-0.04, 0.04), (-0.04, 0.04), (-0.04, 0.04), (-0.04, 0.04), (-0.04, 0.04), (-0.04, 0.04), (-0.04, 0.04), (-0.04, 0.04), (-0.04, 0.04), (-0.04, 0.04), (-0.04, 0.04), (-0.04, 0.04), (-0.04, 0.04), (-0.04, 0.04), (-0.04, 0.04), (-0.04, 0.04), (-0.04, 0.04), (-0.04, 0.04), (-0.04, 0.04), (-0.04, 0.04), (-0.04, 0.04), (-0.04, 0.04), (-0.04, 0.04), (-0.04, 0.04), (-0.04, 0.04), (-0.04, 0.04), (-0.04, 0.04), (-0.04, 0.04), (-0.04, 0.04), (-0.04, 0.04), (-0.04, 0.04), (-0.04, 0.04), (-0.04, 0.04), (-0.04, 0.04), (-0.04, 0.04), (-0.04, 0.04), (-0.04, 0.04), (-0.04, 0.04), (-0.04, 0.04), (-0.04, 0.04), (-0.04, 0.04), (-0.04, 0.04), (-0.04, 0.04), (-0.04, 0.04), (-0.04, 0.04), (-0.04, 0.04), (-0.04, 0.04), (-0.04, 0.04), (-0.04, 0.04), (-0.04, 0.04), (-0.04, 0.04), (-0.04, 0.04), (-0.04, 0.04), (-0.04, 0.04), (-0.04, 0.04), (-0.04, 0.04), (-0.04, 0.04), (-0.04, 0.04), (-0.04, 0.04), (-0.04, 0.04), (-0.04, 0.04), (-0.04, 0.04), (-0.04, 0.04), (-0.04, 0.04), (-0.04, 0.04), (-0.04, 0.04), (-0.04, 0.04), (-0.04, 0.04), (-0.04, 0.04), (-0.04, 0.04), (-0.04, 0.04), (-0.04, 0.04), (-0.04, 0.04), (-0.04, 0.04), (-0.04, 0.04), (-0.04, 0.04), (-0.04, 0.04), (-0.04, 0.04), (-0.04, 0.04), (-0.04, 0.04), (-0.04, 0.04), (-0.04, 0.04), (-0.04, 0.04), (-0.04, 0.04), (-0.04, 0.04), (-0.04, 0.04), (-0.04, 0.04), (-0.04, 0.04), (-0.04, 0.04), (-0.04, 0.04), (-0.04, 0.04), (-0.04, 0.04), (-0.04, 0.04), (-0.04, 0.04), (-0.04, 0.04), (-0.04, 0.04), (-0.04, 0.04), (-0.04, 0.04), (-0.04, 0.04), (-0.04, 0.04), (-0.04, 0.04), (-0.04, 0.04), (0.98, 1.02), (-1e-05, 1e-05), (0.76, 0.8), (0.37, 0.41)]