Best in last gen:
[ 1.72182100e-02 -3.17331230e-02 -8.97671693e-03 -5.71834430e-02
  3.12181219e-02  3.17342219e-02  2.26841217e-02  1.07824619e-02
  2.52637105e-02  2.93866129e-02 -4.01606866e-02 -2.67574985e-02
  5.60007589e-02 -4.78427153e-02  1.40124076e-02  2.12189560e-02
  5.56912439e-02  6.66489148e-02 -9.16470743e-04 -3.79755486e-03
 -7.33897706e-03 -2.82055277e-02 -9.97366115e-04  3.08916634e-02
 -1.84159856e-02 -5.25369188e-02 -3.38777657e-02  4.02841700e-02
  3.22651953e-02 -5.99140690e-02 -2.86311903e-02 -6.78221059e-02
 -4.33428840e-02 -1.29905239e-02  1.22029266e-02  6.72582194e-02
  3.82168440e-02  2.86351294e-02 -3.17677377e-02  4.42235593e-02
 -8.19833305e-03 -6.75836920e-02  4.56693987e-02 -4.28861784e-02
 -4.54917441e-02  5.10110725e-02  2.52721383e-02  4.12611957e-02
  1.00417798e+00  2.60745035e-06  7.37066394e-01  3.35051155e-01]
Best fitness in last gen:
4.960116671837644e-07
GA calculation time:
556.825891494751

Initial parameters
population size = 300
number of generations = 2000
Real number of generations = 2000
elitism = 2
crossover_rate = 0.95
mutation rate = 0.01
mutation range = [4.e-02 4.e-02 4.e-02 4.e-02 4.e-02 4.e-02 4.e-02 4.e-02 4.e-02 4.e-02
 4.e-02 4.e-02 4.e-02 4.e-02 4.e-02 4.e-02 4.e-02 4.e-02 4.e-02 4.e-02
 4.e-02 4.e-02 4.e-02 4.e-02 4.e-02 4.e-02 4.e-02 4.e-02 4.e-02 4.e-02
 4.e-02 4.e-02 4.e-02 4.e-02 4.e-02 4.e-02 4.e-02 4.e-02 4.e-02 4.e-02
 4.e-02 4.e-02 4.e-02 4.e-02 4.e-02 4.e-02 4.e-02 4.e-02 2.e-02 1.e-06
 2.e-02 2.e-02]
order = 3
gene ranges = [(-0.1, 0.1), (-0.1, 0.1), (-0.1, 0.1), (-0.1, 0.1), (-0.1, 0.1), (-0.1, 0.1), (-0.1, 0.1), (-0.1, 0.1), (-0.1, 0.1), (-0.1, 0.1), (-0.1, 0.1), (-0.1, 0.1), (-0.1, 0.1), (-0.1, 0.1), (-0.1, 0.1), (-0.1, 0.1), (-0.1, 0.1), (-0.1, 0.1), (-0.1, 0.1), (-0.1, 0.1), (-0.1, 0.1), (-0.1, 0.1), (-0.1, 0.1), (-0.1, 0.1), (-0.1, 0.1), (-0.1, 0.1), (-0.1, 0.1), (-0.1, 0.1), (-0.1, 0.1), (-0.1, 0.1), (-0.1, 0.1), (-0.1, 0.1), (-0.1, 0.1), (-0.1, 0.1), (-0.1, 0.1), (-0.1, 0.1), (-0.1, 0.1), (-0.1, 0.1), (-0.1, 0.1), (-0.1, 0.1), (-0.1, 0.1), (-0.1, 0.1), (-0.1, 0.1), (-0.1, 0.1), (-0.1, 0.1), (-0.1, 0.1), (-0.1, 0.1), (-0.1, 0.1), (0.98, 1.02), (-1e-05, 1e-05), (0.72, 0.82), (0.28, 0.38)]
