Best in last gen:
[-6.00207987e-04  8.09886372e-03 -8.41048977e-03 -7.25426632e-03
  2.30176152e-02  1.76526610e-03  5.33917009e-03  1.46274346e-03
 -1.16685557e-03 -2.33687089e-03 -2.58980176e-02 -3.04305574e-03
  5.06964890e-03  1.21770279e-02  2.47673312e-04 -2.39050911e-02
 -2.82239217e-02 -1.13193408e-02  1.79979742e-02 -1.56313300e-03
  1.47136682e-02  2.01199022e-02  9.95561241e-03 -1.17185786e-02
  7.88099223e-03 -5.79869507e-03 -1.05354523e-02 -1.65118624e-02
  7.84523850e-03  9.13894520e-03  9.95702747e-03 -1.12544214e-02
  1.55025641e-02 -5.53617238e-03 -2.31280343e-02  1.66127309e-02
  5.95689507e-03  8.60041630e-03  5.29255307e-03  5.82236793e-03
 -2.72069862e-02  2.52067462e-03  1.97731153e-02  1.79064357e-02
 -2.88624853e-03  1.02066501e-03  9.39537639e-03  6.04705357e-03
  5.20278555e-03  7.99272517e-03  6.77311269e-03 -2.10336444e-03
  9.43904357e-03  1.06158997e-02 -1.76656648e-02 -7.36837288e-03
 -3.12778911e-02 -2.89000499e-02 -1.25228150e-02  8.00396526e-03
 -2.25599777e-03  5.00773537e-03 -1.97868542e-03  1.43213144e-02
  3.32888630e-02 -1.41152890e-03  1.34912103e-02 -2.72880816e-02
 -7.56248923e-04  5.84148414e-03  1.20238225e-03 -1.01690262e-02
 -2.21582114e-03 -1.26363695e-02 -3.57841409e-02 -6.65728824e-04
  1.04466052e-02 -1.01167211e-02  1.25004471e-02  6.47450360e-03
 -3.80916898e-02 -1.29648729e-02  4.08295249e-04  3.08556225e-02
  1.30688402e-02  2.86490328e-02 -3.04061725e-03 -5.71697071e-03
 -3.42572266e-03  1.19804733e-02  1.39585387e-02  1.45911919e-02
 -3.83226404e-02  9.31080343e-03 -3.85986320e-03 -8.06482273e-03
  1.62784926e-02 -1.42742162e-02 -6.52985104e-03 -9.39161567e-03
  8.34359267e-03  1.73755996e-02 -1.40406775e-02  7.96569352e-03
 -1.59144232e-03  6.12476276e-03  3.22685596e-03 -2.38971248e-03
 -2.76624250e-03  1.87740674e-02 -1.14501985e-03  1.23632187e-02
  2.85499397e-03  1.51651936e-02 -2.21552975e-02  2.79072331e-02
 -3.17465486e-02 -1.56412308e-02  9.91119336e-03 -2.98009509e-03
  9.94593294e-01  1.19049377e-06  1.36232150e+00  7.24920259e-01]
Best fitness in last gen:
1.0914261174345925e-06
GA calculation time:
120.23800706863403

Initial parameters
population size = 50
number of generations = 1000
Real number of generations = 1000
elitism = 2
crossover_rate = 0.95
mutation rate = 0.01
mutation range = [4.e-02 4.e-02 4.e-02 4.e-02 4.e-02 4.e-02 4.e-02 4.e-02 4.e-02 4.e-02
 4.e-02 4.e-02 4.e-02 4.e-02 4.e-02 4.e-02 4.e-02 4.e-02 4.e-02 4.e-02
 4.e-02 4.e-02 4.e-02 4.e-02 4.e-02 4.e-02 4.e-02 4.e-02 4.e-02 4.e-02
 4.e-02 4.e-02 4.e-02 4.e-02 4.e-02 4.e-02 4.e-02 4.e-02 4.e-02 4.e-02
 4.e-02 4.e-02 4.e-02 4.e-02 4.e-02 4.e-02 4.e-02 4.e-02 4.e-02 4.e-02
 4.e-02 4.e-02 4.e-02 4.e-02 4.e-02 4.e-02 4.e-02 4.e-02 4.e-02 4.e-02
 4.e-02 4.e-02 4.e-02 4.e-02 4.e-02 4.e-02 4.e-02 4.e-02 4.e-02 4.e-02
 4.e-02 4.e-02 4.e-02 4.e-02 4.e-02 4.e-02 4.e-02 4.e-02 4.e-02 4.e-02
 4.e-02 4.e-02 4.e-02 4.e-02 4.e-02 4.e-02 4.e-02 4.e-02 4.e-02 4.e-02
 4.e-02 4.e-02 4.e-02 4.e-02 4.e-02 4.e-02 4.e-02 4.e-02 4.e-02 4.e-02
 4.e-02 4.e-02 4.e-02 4.e-02 4.e-02 4.e-02 4.e-02 4.e-02 4.e-02 4.e-02
 4.e-02 4.e-02 4.e-02 4.e-02 4.e-02 4.e-02 4.e-02 4.e-02 4.e-02 4.e-02
 2.e-02 1.e-06 2.e-02 2.e-02]
order = 5
gene ranges = [(-0.04, 0.04), (-0.04, 0.04), (-0.04, 0.04), (-0.04, 0.04), (-0.04, 0.04), (-0.04, 0.04), (-0.04, 0.04), (-0.04, 0.04), (-0.04, 0.04), (-0.04, 0.04), (-0.04, 0.04), (-0.04, 0.04), (-0.04, 0.04), (-0.04, 0.04), (-0.04, 0.04), (-0.04, 0.04), (-0.04, 0.04), (-0.04, 0.04), (-0.04, 0.04), (-0.04, 0.04), (-0.04, 0.04), (-0.04, 0.04), (-0.04, 0.04), (-0.04, 0.04), (-0.04, 0.04), (-0.04, 0.04), (-0.04, 0.04), (-0.04, 0.04), (-0.04, 0.04), (-0.04, 0.04), (-0.04, 0.04), (-0.04, 0.04), (-0.04, 0.04), (-0.04, 0.04), (-0.04, 0.04), (-0.04, 0.04), (-0.04, 0.04), (-0.04, 0.04), (-0.04, 0.04), (-0.04, 0.04), (-0.04, 0.04), (-0.04, 0.04), (-0.04, 0.04), (-0.04, 0.04), (-0.04, 0.04), (-0.04, 0.04), (-0.04, 0.04), (-0.04, 0.04), (-0.04, 0.04), (-0.04, 0.04), (-0.04, 0.04), (-0.04, 0.04), (-0.04, 0.04), (-0.04, 0.04), (-0.04, 0.04), (-0.04, 0.04), (-0.04, 0.04), (-0.04, 0.04), (-0.04, 0.04), (-0.04, 0.04), (-0.04, 0.04), (-0.04, 0.04), (-0.04, 0.04), (-0.04, 0.04), (-0.04, 0.04), (-0.04, 0.04), (-0.04, 0.04), (-0.04, 0.04), (-0.04, 0.04), (-0.04, 0.04), (-0.04, 0.04), (-0.04, 0.04), (-0.04, 0.04), (-0.04, 0.04), (-0.04, 0.04), (-0.04, 0.04), (-0.04, 0.04), (-0.04, 0.04), (-0.04, 0.04), (-0.04, 0.04), (-0.04, 0.04), (-0.04, 0.04), (-0.04, 0.04), (-0.04, 0.04), (-0.04, 0.04), (-0.04, 0.04), (-0.04, 0.04), (-0.04, 0.04), (-0.04, 0.04), (-0.04, 0.04), (-0.04, 0.04), (-0.04, 0.04), (-0.04, 0.04), (-0.04, 0.04), (-0.04, 0.04), (-0.04, 0.04), (-0.04, 0.04), (-0.04, 0.04), (-0.04, 0.04), (-0.04, 0.04), (-0.04, 0.04), (-0.04, 0.04), (-0.04, 0.04), (-0.04, 0.04), (-0.04, 0.04), (-0.04, 0.04), (-0.04, 0.04), (-0.04, 0.04), (-0.04, 0.04), (-0.04, 0.04), (-0.04, 0.04), (-0.04, 0.04), (-0.04, 0.04), (-0.04, 0.04), (-0.04, 0.04), (-0.04, 0.04), (-0.04, 0.04), (-0.04, 0.04), (-0.04, 0.04), (-0.04, 0.04), (0.98, 1.02), (-1e-05, 1e-05), (1.35, 1.39), (0.71, 0.75)]
