Best in last gen:
[ 7.48096290e-03  3.03692346e-03  3.91656643e-02  4.73547949e-02
 -4.41152643e-02  1.73553064e-02 -2.62296657e-02 -6.71625378e-03
 -3.81011970e-02 -2.46415136e-02  1.24309908e-02  2.28931076e-02
  3.82447607e-02 -3.92374180e-02  2.02681372e-02 -8.88043580e-03
  6.94284852e-03 -2.82306821e-02  1.30950153e-02  4.55545364e-02
 -2.58952064e-02 -9.84917492e-03  4.35638195e-02  2.05414293e-02
 -9.80765196e-03 -4.79984531e-02  1.65167661e-02  4.67876218e-04
 -6.56714692e-03 -4.16752923e-04  3.60434013e-02 -7.72760823e-03
 -2.04183910e-02  3.98395950e-02  9.58464774e-03  4.91012772e-02
  4.85870893e-02 -1.01388502e-02 -3.98530528e-02  3.56799744e-02
 -4.04310483e-02 -3.56101474e-02  2.46363966e-02 -7.28124331e-03
  6.95049728e-04 -4.28954228e-02 -1.26479704e-02  1.17989946e-03
  2.93778568e-02  4.57877478e-02 -4.47079584e-02 -3.40527140e-03
  2.37200091e-02 -1.41233974e-02 -2.33581675e-02  1.99940971e-02
 -2.60622747e-02  1.02390473e-02  1.62962187e-02  1.25647557e-02
  1.21654520e-02  1.69134715e-02  1.75745329e-02  4.69660378e-02
  9.78285206e-03 -3.23444361e-02  2.88660284e-02  4.13481292e-02
 -1.40922567e-02 -3.62798506e-02 -4.45323560e-02 -1.50472742e-02
 -3.22437045e-02  2.92910831e-02 -4.91820814e-03 -1.33521186e-02
  1.78906331e-03 -1.36156983e-02  4.35941202e-02 -4.28664744e-02
  3.14542747e-02  4.69848206e-02 -4.20566724e-03 -3.50647526e-02
  2.97685696e-02 -4.62886558e-02  1.79862354e-02 -4.02325789e-02
 -7.37990128e-03  1.68104886e-02  1.11006567e-02 -6.77381640e-03
 -2.53402614e-02 -4.47889991e-02  2.83895817e-03  1.57706144e-02
  4.30471444e-02 -1.35059632e-02 -1.69883122e-02  2.30011843e-02
 -1.01077253e-02 -2.62245660e-02  3.59260723e-02  2.51082614e-02
 -4.21032131e-02  7.06461101e-03  4.95732300e-02 -1.65624467e-02
  4.88749807e-02  1.38616562e-02  1.78553670e-02 -2.47237635e-02
  7.82827825e-03 -1.05930892e-02  2.21211042e-04  5.42110303e-03
  2.14135475e-02 -4.15876691e-02  3.94864321e-02 -5.49649058e-03
  1.00391224e+00 -2.92154084e-01  5.69365707e-01  1.21793373e+00]
Best fitness in last gen:
1.5457051712263777e-06

Best in all:
[ 7.48096290e-03  3.03692346e-03  3.91656643e-02  4.73547949e-02
 -4.41152643e-02  1.73553064e-02 -2.62296657e-02 -6.71625378e-03
 -3.81011970e-02 -2.46415136e-02  1.24309908e-02  2.28931076e-02
  3.82447607e-02 -3.92374180e-02  2.02681372e-02 -8.88043580e-03
  6.94284852e-03 -2.82306821e-02  1.30950153e-02  4.55545364e-02
 -2.58952064e-02 -9.84917492e-03  4.35638195e-02  2.05414293e-02
 -9.80765196e-03 -4.79984531e-02  1.65167661e-02  4.67876218e-04
 -6.56714692e-03 -4.16752923e-04  3.60434013e-02 -7.72760823e-03
 -2.04183910e-02  3.98395950e-02  9.58464774e-03  4.91012772e-02
  4.85870893e-02 -1.01388502e-02 -3.98530528e-02  3.56799744e-02
 -4.04310483e-02 -3.56101474e-02  2.46363966e-02 -7.28124331e-03
  6.95049728e-04 -4.28954228e-02 -1.26479704e-02  1.17989946e-03
  2.93778568e-02  4.57877478e-02 -4.47079584e-02 -3.40527140e-03
  2.37200091e-02 -1.41233974e-02 -2.33581675e-02  1.99940971e-02
 -2.60622747e-02  1.02390473e-02  1.62962187e-02  1.25647557e-02
  1.21654520e-02  1.69134715e-02  1.75745329e-02  4.69660378e-02
  9.78285206e-03 -3.23444361e-02  2.88660284e-02  4.13481292e-02
 -1.40922567e-02 -3.62798506e-02 -4.45323560e-02 -1.50472742e-02
 -3.22437045e-02  2.92910831e-02 -4.91820814e-03 -1.33521186e-02
  1.78906331e-03 -1.36156983e-02  4.35941202e-02 -4.28664744e-02
  3.14542747e-02  4.69848206e-02 -4.20566724e-03 -3.50647526e-02
  2.97685696e-02 -4.62886558e-02  1.79862354e-02 -4.02325789e-02
 -7.37990128e-03  1.68104886e-02  1.11006567e-02 -6.77381640e-03
 -2.53402614e-02 -4.47889991e-02  2.83895817e-03  1.57706144e-02
  4.30471444e-02 -1.35059632e-02 -1.69883122e-02  2.30011843e-02
 -1.01077253e-02 -2.62245660e-02  3.59260723e-02  2.51082614e-02
 -4.21032131e-02  7.06461101e-03  4.95732300e-02 -1.65624467e-02
  4.88749807e-02  1.38616562e-02  1.78553670e-02 -2.47237635e-02
  7.82827825e-03 -1.05930892e-02  2.21211042e-04  5.42110303e-03
  2.14135475e-02 -4.15876691e-02  3.94864321e-02 -5.49649058e-03
  1.00391224e+00 -2.92154084e-01  5.69365707e-01  1.21793373e+00]
Best fitness in all:
1.5457051712263777e-06
GA calculation time:
11.270383834838867

Initial parameters
population size = 500
number of generations = 10
Real number of generations = 10
elitism = 2
crossover_rate = 0.95
mutation rate = 0.007
mutation range = 0.1
order = 5
gene ranges = ((-0.05, 0.05), (0.98, 1.02), (-2, 2), (0.55, 0.65), (1.2, 1.3))
