Best in last gen:
[-7.41770902e-03 -2.06333554e-02  9.39037198e-03 -1.28130422e-02
  1.63436583e-02 -4.26412997e-03 -1.15103073e-02  2.44440126e-03
  1.35164205e-02  1.28565835e-03 -1.75707979e-02 -2.68461530e-02
 -6.77550807e-03 -1.42744008e-02 -6.49085338e-03  9.64881375e-03
  6.07283617e-03  1.32895284e-04  1.99246702e-02  1.06219385e-02
  1.02971062e-02 -1.58162079e-02 -2.14436530e-02 -1.18017784e-02
  1.31783543e-02  9.80363101e-03  1.65103531e-02  1.04036583e-02
 -4.05017409e-05  7.30779047e-03 -1.67472692e-03  5.47855247e-03
  2.96415956e-02  2.56639939e-03 -1.56944541e-02 -1.31950193e-02
  1.56981070e-02  8.78734075e-03 -9.94063763e-03  1.06259130e-02
 -5.58538182e-03 -4.22256645e-03  1.34607028e-02  8.03379597e-04
 -1.41490140e-03 -1.18526003e-02 -2.63663100e-02 -1.10678396e-02
 -1.91789283e-03 -3.91325219e-03  6.15223079e-02 -8.12125491e-03
 -4.62402189e-03  3.15031762e-03 -2.59216118e-04 -9.85807497e-03
  1.04367201e-02  1.96110505e-02 -1.36055876e-02 -2.07352746e-03
 -6.05949835e-04  5.04721188e-03  7.52455097e-03  1.24541263e-03
 -5.51340509e-04  2.12763400e-02 -1.38603188e-03 -2.51417793e-02
 -6.90108149e-03 -1.07135980e-02 -9.64770344e-03  2.47261686e-02
 -1.00773775e-03 -3.07181140e-02 -1.41975574e-04 -5.23894503e-04
  9.79180772e-03  3.06656523e-02 -1.71904881e-03 -1.41408249e-02
  7.17913994e-03 -8.32014374e-03 -1.74989704e-02  1.73802079e-02
  2.81558178e-03 -2.11687169e-02  8.49551314e-03  3.64491875e-03
  1.13087428e-02 -2.65764868e-03 -6.01573320e-02 -8.94176807e-03
  3.38623393e-02 -9.86692778e-03  5.50582591e-04 -5.87637009e-03
  1.34208318e-02 -9.86258758e-03 -1.47005288e-02  1.61071438e-02
 -1.44358788e-02 -2.99294126e-02 -4.82611377e-03  8.63635358e-03
 -2.29198276e-03 -5.64688051e-03  1.13891606e-02  7.11616776e-03
  1.14498441e-02 -8.88619709e-03 -2.51002385e-02  6.50610769e-03
 -1.45410835e-02  1.41821646e-02 -1.20886081e-02 -2.78891561e-03
  2.82977440e-02  1.75455779e-02  1.87621173e-02 -6.85100464e-03
  9.87164579e-01  1.09814006e-06  9.38802665e-01  2.08252258e-01]
Best fitness in last gen:
2.3283097510990697e-05
GA calculation time:
35545.081993579865

Initial parameters
population size = 500
number of generations = 20000
Real number of generations = 20000
elitism = 2
crossover_rate = 0.95
mutation rate = 0.01
mutation range = [3.e-02 3.e-02 3.e-02 3.e-02 3.e-02 3.e-02 3.e-02 3.e-02 3.e-02 3.e-02
 3.e-02 3.e-02 3.e-02 3.e-02 3.e-02 3.e-02 3.e-02 3.e-02 3.e-02 3.e-02
 3.e-02 3.e-02 3.e-02 3.e-02 3.e-02 3.e-02 3.e-02 3.e-02 3.e-02 3.e-02
 3.e-02 3.e-02 3.e-02 3.e-02 3.e-02 3.e-02 3.e-02 3.e-02 3.e-02 3.e-02
 3.e-02 3.e-02 3.e-02 3.e-02 3.e-02 3.e-02 3.e-02 3.e-02 3.e-02 3.e-02
 3.e-02 3.e-02 3.e-02 3.e-02 3.e-02 3.e-02 3.e-02 3.e-02 3.e-02 3.e-02
 3.e-02 3.e-02 3.e-02 3.e-02 3.e-02 3.e-02 3.e-02 3.e-02 3.e-02 3.e-02
 3.e-02 3.e-02 3.e-02 3.e-02 3.e-02 3.e-02 3.e-02 3.e-02 3.e-02 3.e-02
 3.e-02 3.e-02 3.e-02 3.e-02 3.e-02 3.e-02 3.e-02 3.e-02 3.e-02 3.e-02
 3.e-02 3.e-02 3.e-02 3.e-02 3.e-02 3.e-02 3.e-02 3.e-02 3.e-02 3.e-02
 3.e-02 3.e-02 3.e-02 3.e-02 3.e-02 3.e-02 3.e-02 3.e-02 3.e-02 3.e-02
 3.e-02 3.e-02 3.e-02 3.e-02 3.e-02 3.e-02 3.e-02 3.e-02 3.e-02 3.e-02
 2.e-02 1.e-06 3.e-02 3.e-02]
order = 5
gene ranges = [(-0.03, 0.03), (-0.03, 0.03), (-0.03, 0.03), (-0.03, 0.03), (-0.03, 0.03), (-0.03, 0.03), (-0.03, 0.03), (-0.03, 0.03), (-0.03, 0.03), (-0.03, 0.03), (-0.03, 0.03), (-0.03, 0.03), (-0.03, 0.03), (-0.03, 0.03), (-0.03, 0.03), (-0.03, 0.03), (-0.03, 0.03), (-0.03, 0.03), (-0.03, 0.03), (-0.03, 0.03), (-0.03, 0.03), (-0.03, 0.03), (-0.03, 0.03), (-0.03, 0.03), (-0.03, 0.03), (-0.03, 0.03), (-0.03, 0.03), (-0.03, 0.03), (-0.03, 0.03), (-0.03, 0.03), (-0.03, 0.03), (-0.03, 0.03), (-0.03, 0.03), (-0.03, 0.03), (-0.03, 0.03), (-0.03, 0.03), (-0.03, 0.03), (-0.03, 0.03), (-0.03, 0.03), (-0.03, 0.03), (-0.03, 0.03), (-0.03, 0.03), (-0.03, 0.03), (-0.03, 0.03), (-0.03, 0.03), (-0.03, 0.03), (-0.03, 0.03), (-0.03, 0.03), (-0.03, 0.03), (-0.03, 0.03), (-0.03, 0.03), (-0.03, 0.03), (-0.03, 0.03), (-0.03, 0.03), (-0.03, 0.03), (-0.03, 0.03), (-0.03, 0.03), (-0.03, 0.03), (-0.03, 0.03), (-0.03, 0.03), (-0.03, 0.03), (-0.03, 0.03), (-0.03, 0.03), (-0.03, 0.03), (-0.03, 0.03), (-0.03, 0.03), (-0.03, 0.03), (-0.03, 0.03), (-0.03, 0.03), (-0.03, 0.03), (-0.03, 0.03), (-0.03, 0.03), (-0.03, 0.03), (-0.03, 0.03), (-0.03, 0.03), (-0.03, 0.03), (-0.03, 0.03), (-0.03, 0.03), (-0.03, 0.03), (-0.03, 0.03), (-0.03, 0.03), (-0.03, 0.03), (-0.03, 0.03), (-0.03, 0.03), (-0.03, 0.03), (-0.03, 0.03), (-0.03, 0.03), (-0.03, 0.03), (-0.03, 0.03), (-0.03, 0.03), (-0.03, 0.03), (-0.03, 0.03), (-0.03, 0.03), (-0.03, 0.03), (-0.03, 0.03), (-0.03, 0.03), (-0.03, 0.03), (-0.03, 0.03), (-0.03, 0.03), (-0.03, 0.03), (-0.03, 0.03), (-0.03, 0.03), (-0.03, 0.03), (-0.03, 0.03), (-0.03, 0.03), (-0.03, 0.03), (-0.03, 0.03), (-0.03, 0.03), (-0.03, 0.03), (-0.03, 0.03), (-0.03, 0.03), (-0.03, 0.03), (-0.03, 0.03), (-0.03, 0.03), (-0.03, 0.03), (-0.03, 0.03), (-0.03, 0.03), (-0.03, 0.03), (-0.03, 0.03), (-0.03, 0.03), (0.98, 1.02), (-1e-05, 1e-05), (0.9, 0.96), (0.18, 0.24)]