Best in last gen:
[-2.94847140e-02  2.29039477e-02  3.05367416e-02  4.72135063e-03
 -1.20096109e-02  9.72965551e-03  1.64286656e-02 -1.54596768e-02
  2.81155931e-03  4.15116943e-03  2.00955284e-02 -2.13609268e-02
 -5.92362415e-02  2.44152414e-02  4.40239737e-02  4.15908360e-03
 -4.57979977e-02  5.13533285e-03  2.31610594e-02  5.76692721e-03
  2.14107605e-02  4.37704067e-03  1.50731786e-02 -1.67373055e-02
  3.62541745e-02  1.09998248e-02 -7.80758459e-03 -3.12031753e-02
  8.27648557e-03  9.38124181e-03  3.09030929e-03  1.39771070e-02
  1.12975014e-02 -6.25589069e-02  4.92205595e-02 -4.82640541e-02
 -4.60590554e-02  1.70682058e-02 -2.19339345e-02  2.03521433e-02
  3.01525915e-02 -4.27188024e-03 -4.20218735e-03  2.92494268e-02
 -2.48581011e-02  2.63291586e-02  3.76582592e-02  3.86462458e-03
  1.00408485e+00  8.55222513e-08  7.29948978e-01  5.86728443e-01]
Best fitness in last gen:
8.987793277410444e-06
GA calculation time:
5926.490669727325

Initial parameters
population size = 200
number of generations = 15000
Real number of generations = 15000
elitism = 2
crossover_rate = 0.95
mutation rate = 0.01
mutation range = [4.e-02 4.e-02 4.e-02 4.e-02 4.e-02 4.e-02 4.e-02 4.e-02 4.e-02 4.e-02
 4.e-02 4.e-02 4.e-02 4.e-02 4.e-02 4.e-02 4.e-02 4.e-02 4.e-02 4.e-02
 4.e-02 4.e-02 4.e-02 4.e-02 4.e-02 4.e-02 4.e-02 4.e-02 4.e-02 4.e-02
 4.e-02 4.e-02 4.e-02 4.e-02 4.e-02 4.e-02 4.e-02 4.e-02 4.e-02 4.e-02
 4.e-02 4.e-02 4.e-02 4.e-02 4.e-02 4.e-02 4.e-02 4.e-02 2.e-02 1.e-06
 2.e-02 2.e-02]
order = 3
gene ranges = [(-0.1, 0.1), (-0.1, 0.1), (-0.1, 0.1), (-0.1, 0.1), (-0.1, 0.1), (-0.1, 0.1), (-0.1, 0.1), (-0.1, 0.1), (-0.1, 0.1), (-0.1, 0.1), (-0.1, 0.1), (-0.1, 0.1), (-0.1, 0.1), (-0.1, 0.1), (-0.1, 0.1), (-0.1, 0.1), (-0.1, 0.1), (-0.1, 0.1), (-0.1, 0.1), (-0.1, 0.1), (-0.1, 0.1), (-0.1, 0.1), (-0.1, 0.1), (-0.1, 0.1), (-0.1, 0.1), (-0.1, 0.1), (-0.1, 0.1), (-0.1, 0.1), (-0.1, 0.1), (-0.1, 0.1), (-0.1, 0.1), (-0.1, 0.1), (-0.1, 0.1), (-0.1, 0.1), (-0.1, 0.1), (-0.1, 0.1), (-0.1, 0.1), (-0.1, 0.1), (-0.1, 0.1), (-0.1, 0.1), (-0.1, 0.1), (-0.1, 0.1), (-0.1, 0.1), (-0.1, 0.1), (-0.1, 0.1), (-0.1, 0.1), (-0.1, 0.1), (-0.1, 0.1), (0.98, 1.02), (-1e-05, 1e-05), (0.71, 0.75), (0.55, 0.59)]
