Best in last gen:
[-1.62497559e-02  3.27317097e-02 -4.68517748e-02 -1.73693187e-02
 -3.10657789e-02  3.04327261e-03  3.40899046e-02 -1.83328513e-02
 -9.24250224e-05  1.06717081e-02 -8.21367811e-03 -1.71570756e-02
  1.99400087e-02  2.09804563e-02  6.31181838e-03 -6.84183687e-03
 -1.80134200e-02  7.30749692e-03  1.60916596e-02 -1.61100884e-02
  1.06492304e-02  2.55802890e-02 -8.45682538e-03 -1.74514315e-03
 -1.36321160e-02  2.85502977e-02  2.00246502e-02  4.70938912e-03
 -8.65823498e-03  2.97849763e-03 -1.52707672e-03  1.03558010e-02
  4.74283717e-03  1.60934278e-02 -7.25519255e-03 -4.50822365e-03
 -1.07708262e-02  1.15941445e-03  1.04932562e-02  4.61010794e-03
 -2.98893585e-02 -4.02179287e-02 -1.10042054e-03  8.46284436e-03
  9.45554188e-03  7.47160745e-03 -1.16571284e-02 -1.24010634e-02
 -1.59539167e-02  2.77020452e-02  4.08777668e-03 -1.37194509e-02
  1.28349290e-02 -1.34404471e-02 -9.08204540e-03  1.47489039e-03
  3.49081140e-02 -4.06730358e-02 -2.82190455e-02  1.19260478e-03
  1.32026668e-02  9.31432697e-03  4.20209935e-03 -1.13910614e-03
  1.88352634e-02 -5.40189540e-02 -5.02638741e-03  3.30594394e-03
  7.55563291e-03 -3.75476331e-02 -2.22577140e-02 -2.64231065e-02
  1.65540409e-02  7.19893542e-03  1.15308122e-03  1.34795732e-02
 -1.58634534e-02 -1.78775953e-04  2.23154054e-03  9.51959937e-03
 -1.28698548e-02 -1.25486982e-02  3.24308565e-02 -1.62390657e-02
  7.74587519e-03 -3.08641151e-02 -2.99989231e-03  1.15970551e-02
 -7.15013335e-03  2.47434664e-03  3.05846461e-02  1.90689592e-02
 -9.70769827e-03  9.66827104e-03  1.13526334e-02 -1.78071322e-02
  2.49166554e-02  9.93745793e-04 -1.53965284e-02 -6.06454719e-03
  1.45754623e-02  5.97747735e-03  6.14839748e-03 -1.90577685e-02
 -1.54791637e-02  1.59016186e-02 -6.01884157e-03  5.51020442e-03
 -6.54269727e-03  2.26006446e-02 -3.97689917e-03  6.19284714e-03
  2.44394598e-02  8.14528903e-04 -4.46307929e-03  1.64655099e-02
  1.99170542e-02 -1.96622072e-02  1.61614011e-02 -2.97305542e-03
  1.01160373e+00  4.15840733e-06  1.16348160e+00  8.01624568e-01]
Best fitness in last gen:
1.2750512014531554e-06
GA calculation time:
122.11980032920837

Initial parameters
population size = 50
number of generations = 1000
Real number of generations = 1000
elitism = 2
crossover_rate = 0.95
mutation rate = 0.01
mutation range = [4.e-02 4.e-02 4.e-02 4.e-02 4.e-02 4.e-02 4.e-02 4.e-02 4.e-02 4.e-02
 4.e-02 4.e-02 4.e-02 4.e-02 4.e-02 4.e-02 4.e-02 4.e-02 4.e-02 4.e-02
 4.e-02 4.e-02 4.e-02 4.e-02 4.e-02 4.e-02 4.e-02 4.e-02 4.e-02 4.e-02
 4.e-02 4.e-02 4.e-02 4.e-02 4.e-02 4.e-02 4.e-02 4.e-02 4.e-02 4.e-02
 4.e-02 4.e-02 4.e-02 4.e-02 4.e-02 4.e-02 4.e-02 4.e-02 4.e-02 4.e-02
 4.e-02 4.e-02 4.e-02 4.e-02 4.e-02 4.e-02 4.e-02 4.e-02 4.e-02 4.e-02
 4.e-02 4.e-02 4.e-02 4.e-02 4.e-02 4.e-02 4.e-02 4.e-02 4.e-02 4.e-02
 4.e-02 4.e-02 4.e-02 4.e-02 4.e-02 4.e-02 4.e-02 4.e-02 4.e-02 4.e-02
 4.e-02 4.e-02 4.e-02 4.e-02 4.e-02 4.e-02 4.e-02 4.e-02 4.e-02 4.e-02
 4.e-02 4.e-02 4.e-02 4.e-02 4.e-02 4.e-02 4.e-02 4.e-02 4.e-02 4.e-02
 4.e-02 4.e-02 4.e-02 4.e-02 4.e-02 4.e-02 4.e-02 4.e-02 4.e-02 4.e-02
 4.e-02 4.e-02 4.e-02 4.e-02 4.e-02 4.e-02 4.e-02 4.e-02 4.e-02 4.e-02
 2.e-02 1.e-06 2.e-02 2.e-02]
order = 5
gene ranges = [(-0.04, 0.04), (-0.04, 0.04), (-0.04, 0.04), (-0.04, 0.04), (-0.04, 0.04), (-0.04, 0.04), (-0.04, 0.04), (-0.04, 0.04), (-0.04, 0.04), (-0.04, 0.04), (-0.04, 0.04), (-0.04, 0.04), (-0.04, 0.04), (-0.04, 0.04), (-0.04, 0.04), (-0.04, 0.04), (-0.04, 0.04), (-0.04, 0.04), (-0.04, 0.04), (-0.04, 0.04), (-0.04, 0.04), (-0.04, 0.04), (-0.04, 0.04), (-0.04, 0.04), (-0.04, 0.04), (-0.04, 0.04), (-0.04, 0.04), (-0.04, 0.04), (-0.04, 0.04), (-0.04, 0.04), (-0.04, 0.04), (-0.04, 0.04), (-0.04, 0.04), (-0.04, 0.04), (-0.04, 0.04), (-0.04, 0.04), (-0.04, 0.04), (-0.04, 0.04), (-0.04, 0.04), (-0.04, 0.04), (-0.04, 0.04), (-0.04, 0.04), (-0.04, 0.04), (-0.04, 0.04), (-0.04, 0.04), (-0.04, 0.04), (-0.04, 0.04), (-0.04, 0.04), (-0.04, 0.04), (-0.04, 0.04), (-0.04, 0.04), (-0.04, 0.04), (-0.04, 0.04), (-0.04, 0.04), (-0.04, 0.04), (-0.04, 0.04), (-0.04, 0.04), (-0.04, 0.04), (-0.04, 0.04), (-0.04, 0.04), (-0.04, 0.04), (-0.04, 0.04), (-0.04, 0.04), (-0.04, 0.04), (-0.04, 0.04), (-0.04, 0.04), (-0.04, 0.04), (-0.04, 0.04), (-0.04, 0.04), (-0.04, 0.04), (-0.04, 0.04), (-0.04, 0.04), (-0.04, 0.04), (-0.04, 0.04), (-0.04, 0.04), (-0.04, 0.04), (-0.04, 0.04), (-0.04, 0.04), (-0.04, 0.04), (-0.04, 0.04), (-0.04, 0.04), (-0.04, 0.04), (-0.04, 0.04), (-0.04, 0.04), (-0.04, 0.04), (-0.04, 0.04), (-0.04, 0.04), (-0.04, 0.04), (-0.04, 0.04), (-0.04, 0.04), (-0.04, 0.04), (-0.04, 0.04), (-0.04, 0.04), (-0.04, 0.04), (-0.04, 0.04), (-0.04, 0.04), (-0.04, 0.04), (-0.04, 0.04), (-0.04, 0.04), (-0.04, 0.04), (-0.04, 0.04), (-0.04, 0.04), (-0.04, 0.04), (-0.04, 0.04), (-0.04, 0.04), (-0.04, 0.04), (-0.04, 0.04), (-0.04, 0.04), (-0.04, 0.04), (-0.04, 0.04), (-0.04, 0.04), (-0.04, 0.04), (-0.04, 0.04), (-0.04, 0.04), (-0.04, 0.04), (-0.04, 0.04), (-0.04, 0.04), (-0.04, 0.04), (-0.04, 0.04), (-0.04, 0.04), (0.98, 1.02), (-1e-05, 1e-05), (1.16, 1.18), (0.8, 0.82)]
