Best in last gen:
[ 1.20404666e-02 -1.40959881e-02 -2.48678988e-02 -3.83805722e-02
 -4.49811843e-02 -2.54779064e-02  6.76728715e-02 -3.65125976e-02
  6.95569106e-04  6.98003515e-02  4.44243935e-02  6.53588032e-02
  2.08776983e-02 -7.52035202e-03  3.84351941e-02  4.44277375e-02
 -3.97910401e-02  4.66326414e-02 -2.99328260e-02 -1.17699963e-02
  3.19252533e-02  3.43294898e-02  2.33290905e-02  2.43500587e-02
  2.71133351e-02 -2.65276033e-02  7.43213433e-02 -2.27522808e-02
 -3.41775401e-03  1.27540669e-02  7.49215073e-03 -1.96179372e-02
  8.40183194e-03 -2.76535389e-02 -1.25781705e-02 -2.06891255e-03
  1.04199559e-02  2.50332096e-02 -2.67242978e-02 -3.99821231e-02
  1.98641954e-02 -4.75120884e-02 -1.10035413e-02  5.30348246e-02
 -2.95698140e-02  6.60214008e-02  4.59096703e-02  7.29037660e-03
  9.81723570e-01 -1.74654773e+00  5.70626157e-01  1.25730047e+00]
Best fitness in last gen:
2.9560174382268403e-05

Best in all:
[ 1.20404666e-02 -1.40959881e-02 -2.48678988e-02 -3.83805722e-02
 -4.49811843e-02 -2.54779064e-02  6.76728715e-02 -3.65125976e-02
  6.95569106e-04  6.98003515e-02  4.44243935e-02  6.53588032e-02
  2.08776983e-02 -7.52035202e-03  3.84351941e-02  4.44277375e-02
 -3.97910401e-02  4.66326414e-02 -2.99328260e-02 -1.17699963e-02
  3.19252533e-02  3.43294898e-02  2.33290905e-02  2.43500587e-02
  2.71133351e-02 -2.65276033e-02  7.43213433e-02 -2.27522808e-02
 -3.41775401e-03  1.27540669e-02  7.49215073e-03 -1.96179372e-02
  8.40183194e-03 -2.76535389e-02 -1.25781705e-02 -2.06891255e-03
  1.04199559e-02  2.50332096e-02 -2.67242978e-02 -3.99821231e-02
  1.98641954e-02 -4.75120884e-02 -1.10035413e-02  5.30348246e-02
 -2.95698140e-02  6.60214008e-02  4.59096703e-02  7.29037660e-03
  9.81723570e-01 -1.74654773e+00  5.70626157e-01  1.25730047e+00]
Best fitness in all:
2.9560174382268403e-05
GA calculation time:
20.259483098983765

Initial parameters
population size = 10
number of generations = 1000
Real number of generations = 1000
elitism = 2
crossover_rate = 0.95
mutation rate = 0.02
mutation range = [0.05 0.05 0.05 0.05 0.05 0.05 0.05 0.05 0.05 0.05 0.05 0.05 0.05 0.05
 0.05 0.05 0.05 0.05 0.05 0.05 0.05 0.05 0.05 0.05 0.05 0.05 0.05 0.05
 0.05 0.05 0.05 0.05 0.05 0.05 0.05 0.05 0.05 0.05 0.05 0.05 0.05 0.05
 0.05 0.05 0.05 0.05 0.05 0.05 0.02 1.   0.05 0.05]
order = 3
gene ranges = ((-0.05, 0.05), (0.98, 1.02), (-2, 2), (0.55, 0.65), (1.2, 1.3))
