Best in last gen:
[-5.84367500e-03  5.35157208e-02 -2.29753179e-02 -1.86903783e-02
  3.49774098e-02 -2.70958135e-02 -1.05125938e-02 -4.18714419e-02
  7.61117483e-04 -5.69244841e-02 -1.41539069e-02 -2.74461898e-03
 -3.27000947e-02 -9.90807658e-02 -2.75807189e-02 -3.84814310e-03
  8.59922116e-03  4.67686951e-02  6.49823816e-03  4.20925207e-02
 -3.19537132e-02 -1.62606567e-02 -3.64062442e-02 -4.91196090e-02
 -2.92686999e-03  4.93321538e-02 -7.37652473e-02  1.65946092e-02
 -5.89350747e-02 -2.42423918e-03  1.78905903e-02  2.02762645e-03
  3.03959868e-03 -6.90776238e-02  6.15367894e-03 -1.33760539e-02
  4.70541986e-02  2.38166842e-02  4.11039836e-02 -5.89159132e-03
  2.19574595e-02 -5.10216871e-02 -2.47251769e-02  6.75171843e-03
 -1.25052668e-02  6.62741145e-03 -2.42516630e-02  3.07020926e-02
  4.79695410e-02  3.65401078e-02 -2.20508674e-02 -1.41636360e-02
 -8.62886510e-03  1.63241862e-02  1.59339093e-02 -7.85244867e-02
  2.02792345e-02  1.19530558e-02 -2.74352784e-02  7.54635931e-03
  9.51404618e-02  2.82636600e-02  6.61273587e-03 -9.20299704e-03
  2.88492695e-02  2.55587074e-02  6.59498257e-02 -1.68954180e-02
 -4.59157305e-02 -3.54176999e-02 -2.42338560e-02  5.39298648e-02
 -5.69535413e-02 -7.78939482e-02 -4.36390259e-02 -1.42896510e-02
 -1.20965998e-01  7.21455196e-02 -1.70225740e-02 -9.62357351e-03
  3.76451045e-02 -4.64236682e-03 -4.20367920e-03  2.72016948e-02
  1.42752596e-02 -2.62229688e-03 -1.36003116e-02  2.10855109e-02
  2.81258297e-02 -8.11740391e-03 -2.27959036e-02 -2.10020149e-02
  1.65283724e-02  1.40887879e-02 -1.09815205e-02  5.81349745e-02
  2.38977935e-02  1.26854451e-02  1.26270476e-02  2.00592405e-02
 -3.54243959e-02  1.96500110e-02 -2.82326346e-02  1.25105685e-03
  5.60792038e-03  2.99340817e-03 -1.34445512e-02  4.16991593e-03
 -3.28557372e-02  5.25049682e-03 -9.59501187e-04 -1.21782900e-04
 -1.16308679e-02 -1.67322461e-02 -5.03859912e-02  1.49797160e-02
  2.43840653e-02  4.66254627e-02  1.69595380e-02  2.91261953e-02
  1.01067965e+00  1.02764318e+00  6.27206986e-01  1.22874769e+00]
Best fitness in last gen:
7.126526407550262e-05

Best in all:
[-5.84367500e-03  5.35157208e-02 -2.29753179e-02 -1.86903783e-02
  3.49774098e-02 -2.70958135e-02 -1.05125938e-02 -4.18714419e-02
  7.61117483e-04 -5.69244841e-02 -1.41539069e-02 -2.74461898e-03
 -3.27000947e-02 -9.90807658e-02 -2.75807189e-02 -3.84814310e-03
  8.59922116e-03  4.67686951e-02  6.49823816e-03  4.20925207e-02
 -3.19537132e-02 -1.62606567e-02 -3.64062442e-02 -4.91196090e-02
 -2.92686999e-03  4.93321538e-02 -7.37652473e-02  1.65946092e-02
 -5.89350747e-02 -2.42423918e-03  1.78905903e-02  2.02762645e-03
  3.03959868e-03 -6.90776238e-02  6.15367894e-03 -1.33760539e-02
  4.70541986e-02  2.38166842e-02  4.11039836e-02 -5.89159132e-03
  2.19574595e-02 -5.10216871e-02 -2.47251769e-02  6.75171843e-03
 -1.25052668e-02  6.62741145e-03 -2.42516630e-02  3.07020926e-02
  4.79695410e-02  3.65401078e-02 -2.20508674e-02 -1.41636360e-02
 -8.62886510e-03  1.63241862e-02  1.59339093e-02 -7.85244867e-02
  2.02792345e-02  1.19530558e-02 -2.74352784e-02  7.54635931e-03
  9.51404618e-02  2.82636600e-02  6.61273587e-03 -9.20299704e-03
  2.88492695e-02  2.55587074e-02  6.59498257e-02 -1.68954180e-02
 -4.59157305e-02 -3.54176999e-02 -2.42338560e-02  5.39298648e-02
 -5.69535413e-02 -7.78939482e-02 -4.36390259e-02 -1.42896510e-02
 -1.20965998e-01  7.21455196e-02 -1.70225740e-02 -9.62357351e-03
  3.76451045e-02 -4.64236682e-03 -4.20367920e-03  2.72016948e-02
  1.42752596e-02 -2.62229688e-03 -1.36003116e-02  2.10855109e-02
  2.81258297e-02 -8.11740391e-03 -2.27959036e-02 -2.10020149e-02
  1.65283724e-02  1.40887879e-02 -1.09815205e-02  5.81349745e-02
  2.38977935e-02  1.26854451e-02  1.26270476e-02  2.00592405e-02
 -3.54243959e-02  1.96500110e-02 -2.82326346e-02  1.25105685e-03
  5.60792038e-03  2.99340817e-03 -1.34445512e-02  4.16991593e-03
 -3.28557372e-02  5.25049682e-03 -9.59501187e-04 -1.21782900e-04
 -1.16308679e-02 -1.67322461e-02 -5.03859912e-02  1.49797160e-02
  2.43840653e-02  4.66254627e-02  1.69595380e-02  2.91261953e-02
  1.01067965e+00  1.02764318e+00  6.27206986e-01  1.22874769e+00]
Best fitness in all:
7.126526407550262e-05
GA calculation time:
438.3191430568695

Initial parameters
population size = 20
number of generations = 10000
Real number of generations = 10000
elitism = 2
crossover_rate = 0.95
mutation rate = 0.007
mutation range = 0.1
order = 5
gene ranges = ((-0.05, 0.05), (0.98, 1.02), (-2, 2), (0.55, 0.65), (1.2, 1.3))
