Best in last gen:
[-0.00205873  0.01243046 -0.01939549 -0.05346642  0.04627502  0.04102371
 -0.02379189 -0.00966851 -0.0148656   0.07485337  0.01438699  0.03411413
  0.0393668  -0.01216925  0.04452868 -0.004642   -0.04238526  0.02204657
  0.01072795 -0.01225786  0.02087353 -0.01679734 -0.0072174   0.07136743
 -0.00713018 -0.05114838 -0.0652637  -0.08034841  0.01986012 -0.09064797
 -0.03128394 -0.03252638 -0.06666679 -0.00347268  0.02192898 -0.03532816
 -0.02992301 -0.01557416  0.01076326 -0.03671208 -0.01025474  0.01098687
 -0.00153385 -0.01440446 -0.00183562  0.08707132  0.05820398  0.00602475
  0.96709027  0.97746456  1.17441279  0.6906385 ]
Best fitness in last gen:
1.7120167117860818e-06
GA calculation time:
25298.534937143326

Initial parameters
population size = 1000
number of generations = 30000
Real number of generations = 30000
elitism = 2
crossover_rate = 0.95
mutation rate = 0.01
mutation range = [0.1  0.1  0.1  0.1  0.1  0.1  0.1  0.1  0.1  0.1  0.1  0.1  0.1  0.1
 0.1  0.1  0.1  0.1  0.1  0.1  0.1  0.1  0.1  0.1  0.1  0.1  0.1  0.1
 0.1  0.1  0.1  0.1  0.1  0.1  0.1  0.1  0.1  0.1  0.1  0.1  0.1  0.1
 0.1  0.1  0.1  0.1  0.1  0.1  0.2  0.02 0.01 0.01]
order = 3
gene ranges = [(-0.1, 0.1), (-0.1, 0.1), (-0.1, 0.1), (-0.1, 0.1), (-0.1, 0.1), (-0.1, 0.1), (-0.1, 0.1), (-0.1, 0.1), (-0.1, 0.1), (-0.1, 0.1), (-0.1, 0.1), (-0.1, 0.1), (-0.1, 0.1), (-0.1, 0.1), (-0.1, 0.1), (-0.1, 0.1), (-0.1, 0.1), (-0.1, 0.1), (-0.1, 0.1), (-0.1, 0.1), (-0.1, 0.1), (-0.1, 0.1), (-0.1, 0.1), (-0.1, 0.1), (-0.1, 0.1), (-0.1, 0.1), (-0.1, 0.1), (-0.1, 0.1), (-0.1, 0.1), (-0.1, 0.1), (-0.1, 0.1), (-0.1, 0.1), (-0.1, 0.1), (-0.1, 0.1), (-0.1, 0.1), (-0.1, 0.1), (-0.1, 0.1), (-0.1, 0.1), (-0.1, 0.1), (-0.1, 0.1), (-0.1, 0.1), (-0.1, 0.1), (-0.1, 0.1), (-0.1, 0.1), (-0.1, 0.1), (-0.1, 0.1), (-0.1, 0.1), (-0.1, 0.1), (-0.2, 0.2), (0.98, 1.02), (1.16, 1.18), (0.69, 0.71)]
