Best in last gen:
[ 2.76706607e-02 -6.13961937e-03  1.70319539e-02 -2.40283766e-02
 -1.34300841e-02  2.12457589e-02  1.06341096e-02  1.82203431e-03
 -5.73249345e-03  1.22148439e-02 -7.20711771e-03 -3.14861567e-02
  3.88956746e-02  2.42224261e-02  2.44457937e-02 -8.14813792e-03
  1.91086715e-02 -6.69158225e-03  1.03829077e-01  4.79041850e-02
  7.97992918e-03 -2.25617258e-02  6.73217714e-03  2.69944222e-02
 -2.90212006e-02 -7.54811902e-03 -1.90810023e-03 -2.49700288e-02
 -2.20037320e-02 -6.07236277e-02  9.32487694e-03 -3.60222073e-02
  3.27249986e-02 -2.46830362e-02 -5.44075481e-03 -6.33645764e-02
  6.79055175e-04 -2.68106175e-02 -4.41520768e-03 -2.52601342e-02
 -2.15593689e-05 -8.97873730e-03 -2.06373573e-02  7.02094642e-03
 -5.55757763e-02 -1.70568487e-02  2.52364684e-02 -1.94140931e-03
  9.95982820e-01  5.57536349e-06  2.88359071e-01  3.58979621e-01]
Best fitness in last gen:
2.6191940168830287e-05
GA calculation time:
5612.924813508987

Initial parameters
population size = 250
number of generations = 20000
Real number of generations = 20000
elitism = 2
crossover_rate = 0.95
mutation rate = 0.01
mutation range = [4.e-02 4.e-02 4.e-02 4.e-02 4.e-02 4.e-02 4.e-02 4.e-02 4.e-02 4.e-02
 4.e-02 4.e-02 4.e-02 4.e-02 4.e-02 4.e-02 4.e-02 4.e-02 4.e-02 4.e-02
 4.e-02 4.e-02 4.e-02 4.e-02 4.e-02 4.e-02 4.e-02 4.e-02 4.e-02 4.e-02
 4.e-02 4.e-02 4.e-02 4.e-02 4.e-02 4.e-02 4.e-02 4.e-02 4.e-02 4.e-02
 4.e-02 4.e-02 4.e-02 4.e-02 4.e-02 4.e-02 4.e-02 4.e-02 2.e-02 1.e-06
 2.e-02 2.e-02]
order = 3
gene ranges = [(-0.04, 0.04), (-0.04, 0.04), (-0.04, 0.04), (-0.04, 0.04), (-0.04, 0.04), (-0.04, 0.04), (-0.04, 0.04), (-0.04, 0.04), (-0.04, 0.04), (-0.04, 0.04), (-0.04, 0.04), (-0.04, 0.04), (-0.04, 0.04), (-0.04, 0.04), (-0.04, 0.04), (-0.04, 0.04), (-0.04, 0.04), (-0.04, 0.04), (-0.04, 0.04), (-0.04, 0.04), (-0.04, 0.04), (-0.04, 0.04), (-0.04, 0.04), (-0.04, 0.04), (-0.04, 0.04), (-0.04, 0.04), (-0.04, 0.04), (-0.04, 0.04), (-0.04, 0.04), (-0.04, 0.04), (-0.04, 0.04), (-0.04, 0.04), (-0.04, 0.04), (-0.04, 0.04), (-0.04, 0.04), (-0.04, 0.04), (-0.04, 0.04), (-0.04, 0.04), (-0.04, 0.04), (-0.04, 0.04), (-0.04, 0.04), (-0.04, 0.04), (-0.04, 0.04), (-0.04, 0.04), (-0.04, 0.04), (-0.04, 0.04), (-0.04, 0.04), (-0.04, 0.04), (0.98, 1.02), (-1e-05, 1e-05), (0.27, 0.31), (0.32, 0.36)]