Best in last gen:
[-1.87103330e-02  7.23528806e-02  1.84402684e-01  6.04882725e-02
  3.97989705e-02 -6.74477200e-03 -7.19077257e-03  3.62738461e-02
  1.17087898e-02  9.47843906e-03  1.35675701e-02  4.31843147e-02
 -7.22919285e-03 -3.07382966e-02 -8.29598423e-04  3.53049016e-03
  3.81793586e-02  2.45313947e-02 -7.90061606e-02 -7.52520486e-03
  6.99255162e-02 -1.72207834e-02 -2.08972843e-02  2.18523782e-03
 -1.84379790e-02 -3.25443601e-02 -1.73130611e-02 -5.62054586e-03
 -2.86626815e-02 -2.44635168e-02  1.75444427e-03  7.27724527e-02
 -2.84441845e-02 -4.30990797e-02 -1.98682091e-02  3.71721570e-02
  9.06017767e-03 -1.56534331e-02  2.95194071e-02  1.98913135e-02
  4.36639339e-02  2.10030849e-02  2.51073168e-02  1.06793719e-02
 -5.00187839e-02 -2.13300897e-02  6.12400882e-02  2.61186865e-02
 -8.87192261e-03  1.62945786e-02 -1.01040698e-02  4.11935023e-02
 -4.38030362e-02  7.08021479e-03  5.25579601e-02 -3.85552671e-04
  3.20318512e-02 -2.12845715e-02 -2.40122926e-02  1.94361637e-02
  1.34007916e-02  7.69039590e-03 -6.88917307e-03  1.19494133e-02
  3.04828801e-02  4.20291448e-02 -7.76212093e-03 -5.71478531e-03
  1.37005974e-02 -3.72359320e-03 -8.09391404e-02  1.10995993e-02
 -9.41813648e-03 -1.46928003e-02 -6.26570810e-03 -1.05244959e-01
 -1.54242543e-02 -1.92330969e-02 -5.77429458e-02 -2.31087240e-02
 -1.21126011e-02 -3.89487431e-02  1.22767400e-02  1.31712153e-02
  2.79151133e-02  1.66783364e-02  2.04908543e-02  2.90346510e-04
 -2.09962250e-02  3.92405255e-03 -1.17872987e-02  6.26062517e-03
  2.44099856e-02  5.39494943e-02  2.96040870e-02 -4.76982549e-02
  3.93983208e-03  2.83783293e-02  2.47004581e-02 -4.95783497e-02
  2.80508170e-02 -1.46888143e-02  2.83852032e-02 -2.58280284e-02
  2.00391878e-02 -3.24165748e-02 -5.74047450e-02  1.41606216e-02
  3.96515246e-02  1.44889533e-02 -2.65015127e-02  2.57258056e-02
 -6.54033855e-02  5.24494848e-03  8.02704933e-03  1.07695516e-02
  5.78773981e-02 -6.67469870e-03  1.09455012e-02 -7.69323981e-03
  7.26114711e-01  9.95736704e-01  1.17513804e+00  7.01981075e-01]
Best fitness in last gen:
7.578395605661261e-07
GA calculation time:
52851.53395938873

Initial parameters
population size = 500
number of generations = 30000
Real number of generations = 30000
elitism = 2
crossover_rate = 0.95
mutation rate = 0.01
mutation range = [0.1  0.1  0.1  0.1  0.1  0.1  0.1  0.1  0.1  0.1  0.1  0.1  0.1  0.1
 0.1  0.1  0.1  0.1  0.1  0.1  0.1  0.1  0.1  0.1  0.1  0.1  0.1  0.1
 0.1  0.1  0.1  0.1  0.1  0.1  0.1  0.1  0.1  0.1  0.1  0.1  0.1  0.1
 0.1  0.1  0.1  0.1  0.1  0.1  0.1  0.1  0.1  0.1  0.1  0.1  0.1  0.1
 0.1  0.1  0.1  0.1  0.1  0.1  0.1  0.1  0.1  0.1  0.1  0.1  0.1  0.1
 0.1  0.1  0.1  0.1  0.1  0.1  0.1  0.1  0.1  0.1  0.1  0.1  0.1  0.1
 0.1  0.1  0.1  0.1  0.1  0.1  0.1  0.1  0.1  0.1  0.1  0.1  0.1  0.1
 0.1  0.1  0.1  0.1  0.1  0.1  0.1  0.1  0.1  0.1  0.1  0.1  0.1  0.1
 0.1  0.1  0.1  0.1  0.1  0.1  0.1  0.1  0.2  0.02 0.01 0.01]
order = 5
gene ranges = [(-0.1, 0.1), (-0.1, 0.1), (-0.1, 0.1), (-0.1, 0.1), (-0.1, 0.1), (-0.1, 0.1), (-0.1, 0.1), (-0.1, 0.1), (-0.1, 0.1), (-0.1, 0.1), (-0.1, 0.1), (-0.1, 0.1), (-0.1, 0.1), (-0.1, 0.1), (-0.1, 0.1), (-0.1, 0.1), (-0.1, 0.1), (-0.1, 0.1), (-0.1, 0.1), (-0.1, 0.1), (-0.1, 0.1), (-0.1, 0.1), (-0.1, 0.1), (-0.1, 0.1), (-0.1, 0.1), (-0.1, 0.1), (-0.1, 0.1), (-0.1, 0.1), (-0.1, 0.1), (-0.1, 0.1), (-0.1, 0.1), (-0.1, 0.1), (-0.1, 0.1), (-0.1, 0.1), (-0.1, 0.1), (-0.1, 0.1), (-0.1, 0.1), (-0.1, 0.1), (-0.1, 0.1), (-0.1, 0.1), (-0.1, 0.1), (-0.1, 0.1), (-0.1, 0.1), (-0.1, 0.1), (-0.1, 0.1), (-0.1, 0.1), (-0.1, 0.1), (-0.1, 0.1), (-0.1, 0.1), (-0.1, 0.1), (-0.1, 0.1), (-0.1, 0.1), (-0.1, 0.1), (-0.1, 0.1), (-0.1, 0.1), (-0.1, 0.1), (-0.1, 0.1), (-0.1, 0.1), (-0.1, 0.1), (-0.1, 0.1), (-0.1, 0.1), (-0.1, 0.1), (-0.1, 0.1), (-0.1, 0.1), (-0.1, 0.1), (-0.1, 0.1), (-0.1, 0.1), (-0.1, 0.1), (-0.1, 0.1), (-0.1, 0.1), (-0.1, 0.1), (-0.1, 0.1), (-0.1, 0.1), (-0.1, 0.1), (-0.1, 0.1), (-0.1, 0.1), (-0.1, 0.1), (-0.1, 0.1), (-0.1, 0.1), (-0.1, 0.1), (-0.1, 0.1), (-0.1, 0.1), (-0.1, 0.1), (-0.1, 0.1), (-0.1, 0.1), (-0.1, 0.1), (-0.1, 0.1), (-0.1, 0.1), (-0.1, 0.1), (-0.1, 0.1), (-0.1, 0.1), (-0.1, 0.1), (-0.1, 0.1), (-0.1, 0.1), (-0.1, 0.1), (-0.1, 0.1), (-0.1, 0.1), (-0.1, 0.1), (-0.1, 0.1), (-0.1, 0.1), (-0.1, 0.1), (-0.1, 0.1), (-0.1, 0.1), (-0.1, 0.1), (-0.1, 0.1), (-0.1, 0.1), (-0.1, 0.1), (-0.1, 0.1), (-0.1, 0.1), (-0.1, 0.1), (-0.1, 0.1), (-0.1, 0.1), (-0.1, 0.1), (-0.1, 0.1), (-0.1, 0.1), (-0.1, 0.1), (-0.1, 0.1), (-0.1, 0.1), (-0.1, 0.1), (-0.1, 0.1), (-0.2, 0.2), (0.98, 1.02), (1.16, 1.18), (0.69, 0.71)]