Best in last gen:
[-3.59016224e-02 -4.27644163e-02  1.51595821e-02 -3.47326705e-02
  6.27746012e-02 -3.24084797e-02  1.52293087e-02 -2.27421603e-02
 -1.93035653e-02  1.08760444e-01 -1.15069637e-02  3.51394395e-02
  2.14206415e-02  2.35003510e-03 -2.13302943e-02 -1.65169971e-03
 -6.48913189e-03 -3.25410806e-02 -3.10046594e-02  6.76742383e-02
  2.03643866e-02 -1.15956939e-01  3.80769139e-02 -3.43892367e-02
  8.88661928e-03 -2.21470366e-02 -2.16791111e-02  1.88074726e-02
  2.32216434e-02  2.69934276e-02  4.16340504e-02  8.72754634e-03
 -4.09615594e-02 -8.37996407e-03  4.35725067e-02 -3.98235206e-02
  1.05684291e-03  1.15496286e-02 -6.90818910e-04 -3.63940965e-02
  3.04893224e-02  3.73050101e-02 -3.29991674e-03 -6.26697284e-03
 -4.18393569e-03 -4.35115765e-02 -2.22132996e-03 -2.69416101e-02
  1.01571614e+00  2.85765336e-01  2.76635711e+00  1.36331601e+00]
Best fitness in last gen:
1.122780878369033e-06

Best in all:
[-3.59016224e-02 -4.27644163e-02  1.51595821e-02 -3.47326705e-02
  6.27746012e-02 -3.24084797e-02  1.52293087e-02 -2.27421603e-02
 -1.93035653e-02  1.08760444e-01 -1.15069637e-02  3.51394395e-02
  2.14206415e-02  2.35003510e-03 -2.13302943e-02 -1.65169971e-03
 -6.48913189e-03 -3.25410806e-02 -3.10046594e-02  6.76742383e-02
  2.03643866e-02 -1.15956939e-01  3.80769139e-02 -3.43892367e-02
  8.88661928e-03 -2.21470366e-02 -2.16791111e-02  1.88074726e-02
  2.32216434e-02  2.69934276e-02  4.16340504e-02  8.72754634e-03
 -4.09615594e-02 -8.37996407e-03  4.35725067e-02 -3.98235206e-02
  1.05684291e-03  1.15496286e-02 -6.90818910e-04 -3.63940965e-02
  3.04893224e-02  3.73050101e-02 -3.29991674e-03 -6.26697284e-03
 -4.18393569e-03 -4.35115765e-02 -2.22132996e-03 -2.69416101e-02
  1.01571614e+00  2.85765336e-01  2.76635711e+00  1.36331601e+00]
Best fitness in all:
1.122780878369033e-06
GA calculation time:
450.32135558128357

Initial parameters
population size = 25
number of generations = 10000
Real number of generations = 10000
elitism = 2
crossover_rate = 0.95
mutation rate = 0.007
mutation range = 0.1
order = 3
gene ranges = ((-0.1, 0.1), (0.98, 1.02), (-2, 2), (2.7, 2.8), (1.3, 1.4))
