Best in last gen:
[ 1.81475776e-02 -8.43609053e-03 -4.37240507e-02  6.70003476e-02
  2.82406505e-02 -4.36923130e-02 -8.73136271e-03  1.98719430e-04
 -5.59883881e-02 -1.53468627e-02 -3.84479115e-05 -3.70860203e-02
 -1.51228150e-02  4.80994989e-02  6.31591570e-02 -2.30251373e-02
 -9.34843236e-03 -1.72592479e-02  3.95782507e-02  7.61684592e-03
 -6.41162384e-03  4.17401258e-02  3.83668978e-02  5.19158622e-02
  1.98367648e-02 -7.18168169e-02  2.22448189e-02  1.82901838e-02
  8.11986216e-03  3.91085292e-02 -8.56461723e-03  1.04723435e-01
  5.17222290e-02 -2.96177064e-03 -9.23535067e-03 -2.22091663e-02
  7.72716797e-03 -2.83749106e-02  1.83675681e-02 -2.99338863e-02
  2.45630905e-02 -4.41504878e-02  1.97211378e-02  1.03526461e-02
  4.16993175e-02  6.54866078e-02 -5.83996686e-02  3.21686006e-02
  9.97629335e-01  5.73312854e-01  5.75372957e-01  1.25949844e+00]
Best fitness in last gen:
9.945242403457978e-07

Best in all:
[ 1.81475776e-02 -8.43609053e-03 -4.37240507e-02  6.70003476e-02
  2.82406505e-02 -4.36923130e-02 -8.73136271e-03  1.98719430e-04
 -5.59883881e-02 -1.53468627e-02 -3.84479115e-05 -3.70860203e-02
 -1.51228150e-02  4.80994989e-02  6.31591570e-02 -2.30251373e-02
 -9.34843236e-03 -1.72592479e-02  3.95782507e-02  7.61684592e-03
 -6.41162384e-03  4.17401258e-02  3.83668978e-02  5.19158622e-02
  1.98367648e-02 -7.18168169e-02  2.22448189e-02  1.82901838e-02
  8.11986216e-03  3.91085292e-02 -8.56461723e-03  1.04723435e-01
  5.17222290e-02 -2.96177064e-03 -9.23535067e-03 -2.22091663e-02
  7.72716797e-03 -2.83749106e-02  1.83675681e-02 -2.99338863e-02
  2.45630905e-02 -4.41504878e-02  1.97211378e-02  1.03526461e-02
  4.16993175e-02  6.54866078e-02 -5.83996686e-02  3.21686006e-02
  9.97629335e-01  5.73312854e-01  5.75372957e-01  1.25949844e+00]
Best fitness in all:
9.945242403457978e-07
GA calculation time:
33.487640142440796

Initial parameters
population size = 15
number of generations = 1000
Real number of generations = 1000
elitism = 2
crossover_rate = 0.95
mutation rate = 0.007
mutation range = 0.1
order = 3
gene ranges = ((-0.1, 0.1), (0.98, 1.02), (-2, 2), (0.57, 0.59), (1.25, 1.27))
