Best in last gen:
[ 9.88901426e-03 -3.24287986e-02 -5.00730110e-04 -5.77372212e-03
  1.02122756e-01  2.88685717e-02 -5.96223099e-02 -2.95098914e-02
 -4.77217220e-02  5.05488176e-02  6.10280308e-02 -7.29791931e-03
 -1.54277570e-03 -2.36337316e-03  9.84858314e-03  6.56499374e-03
  3.36449373e-02  8.07098257e-03  1.13187965e-02  1.15389313e-02
  4.39272243e-03 -1.09699352e-02 -6.07191235e-02  2.28480628e-02
 -5.84951250e-03  5.90082373e-03  6.33034457e-03  1.23493472e-02
 -4.04804229e-02  2.96383706e-02  1.80632152e-02  3.41844806e-03
  2.21990437e-02  7.66520430e-02 -2.87275288e-02  1.46368412e-02
 -3.23662144e-02  3.85028070e-02  1.13127060e-02 -7.11305451e-02
  1.42050876e-02  9.43163568e-03  5.72512551e-03 -8.64774479e-02
 -1.56384423e-02  6.33320336e-02 -4.62690333e-02 -9.33128225e-03
  9.93680298e-01 -2.51619652e-06  9.10465699e-01  3.34669629e-01]
Best fitness in last gen:
1.3392953926405969e-05
GA calculation time:
465.87563943862915

Initial parameters
population size = 30
number of generations = 10000
Real number of generations = 10000
elitism = 2
crossover_rate = 0.95
mutation rate = 0.01
mutation range = [4.e-02 4.e-02 4.e-02 4.e-02 4.e-02 4.e-02 4.e-02 4.e-02 4.e-02 4.e-02
 4.e-02 4.e-02 4.e-02 4.e-02 4.e-02 4.e-02 4.e-02 4.e-02 4.e-02 4.e-02
 4.e-02 4.e-02 4.e-02 4.e-02 4.e-02 4.e-02 4.e-02 4.e-02 4.e-02 4.e-02
 4.e-02 4.e-02 4.e-02 4.e-02 4.e-02 4.e-02 4.e-02 4.e-02 4.e-02 4.e-02
 4.e-02 4.e-02 4.e-02 4.e-02 4.e-02 4.e-02 4.e-02 4.e-02 2.e-02 1.e-06
 2.e-02 2.e-02]
order = 3
gene ranges = [(-0.1, 0.1), (-0.1, 0.1), (-0.1, 0.1), (-0.1, 0.1), (-0.1, 0.1), (-0.1, 0.1), (-0.1, 0.1), (-0.1, 0.1), (-0.1, 0.1), (-0.1, 0.1), (-0.1, 0.1), (-0.1, 0.1), (-0.1, 0.1), (-0.1, 0.1), (-0.1, 0.1), (-0.1, 0.1), (-0.1, 0.1), (-0.1, 0.1), (-0.1, 0.1), (-0.1, 0.1), (-0.1, 0.1), (-0.1, 0.1), (-0.1, 0.1), (-0.1, 0.1), (-0.1, 0.1), (-0.1, 0.1), (-0.1, 0.1), (-0.1, 0.1), (-0.1, 0.1), (-0.1, 0.1), (-0.1, 0.1), (-0.1, 0.1), (-0.1, 0.1), (-0.1, 0.1), (-0.1, 0.1), (-0.1, 0.1), (-0.1, 0.1), (-0.1, 0.1), (-0.1, 0.1), (-0.1, 0.1), (-0.1, 0.1), (-0.1, 0.1), (-0.1, 0.1), (-0.1, 0.1), (-0.1, 0.1), (-0.1, 0.1), (-0.1, 0.1), (-0.1, 0.1), (0.98, 1.02), (-1e-05, 1e-05), (0.88, 0.98), (0.28, 0.38)]
