Best in last gen:
[-2.50987328e-02  9.65244480e-03  4.56175442e-02 -1.14843828e-02
 -2.23771932e-02 -3.76865507e-02 -1.43506781e-02  9.58256791e-03
 -1.10119293e-02  2.21706774e-02  1.47771400e-02 -2.39228575e-02
  1.64717631e-02  1.04145369e-02  3.02754322e-02  4.32181583e-02
 -6.59221400e-03 -1.72971513e-04 -1.50865094e-02  8.40303226e-03
  2.05856430e-02 -3.02076283e-02  2.99221282e-02  3.25363253e-03
  3.35938412e-02  6.24561737e-04 -5.18419199e-05  2.92563508e-02
 -2.27681513e-03  1.23821851e-02  1.63826769e-02 -8.28322905e-03
 -1.87953020e-02 -1.83442628e-02  3.06831277e-02  3.00781611e-03
 -4.67455446e-03 -4.23562822e-02  1.33195912e-02  7.85853094e-03
 -1.91618126e-02 -8.36727096e-03  3.80176831e-03 -1.22733893e-02
 -2.07802158e-02 -6.28970612e-03 -2.67209372e-02  1.48305831e-02
  9.95117739e-01  4.62392443e-06  7.22061769e-01  6.41285444e-01]
Best fitness in last gen:
2.3891422409476952e-06
GA calculation time:
515.4751062393188

Initial parameters
population size = 250
number of generations = 2000
Real number of generations = 2000
elitism = 2
crossover_rate = 0.95
mutation rate = 0.01
mutation range = [4.e-02 4.e-02 4.e-02 4.e-02 4.e-02 4.e-02 4.e-02 4.e-02 4.e-02 4.e-02
 4.e-02 4.e-02 4.e-02 4.e-02 4.e-02 4.e-02 4.e-02 4.e-02 4.e-02 4.e-02
 4.e-02 4.e-02 4.e-02 4.e-02 4.e-02 4.e-02 4.e-02 4.e-02 4.e-02 4.e-02
 4.e-02 4.e-02 4.e-02 4.e-02 4.e-02 4.e-02 4.e-02 4.e-02 4.e-02 4.e-02
 4.e-02 4.e-02 4.e-02 4.e-02 4.e-02 4.e-02 4.e-02 4.e-02 2.e-02 1.e-06
 2.e-02 2.e-02]
order = 3
gene ranges = [(-0.04, 0.04), (-0.04, 0.04), (-0.04, 0.04), (-0.04, 0.04), (-0.04, 0.04), (-0.04, 0.04), (-0.04, 0.04), (-0.04, 0.04), (-0.04, 0.04), (-0.04, 0.04), (-0.04, 0.04), (-0.04, 0.04), (-0.04, 0.04), (-0.04, 0.04), (-0.04, 0.04), (-0.04, 0.04), (-0.04, 0.04), (-0.04, 0.04), (-0.04, 0.04), (-0.04, 0.04), (-0.04, 0.04), (-0.04, 0.04), (-0.04, 0.04), (-0.04, 0.04), (-0.04, 0.04), (-0.04, 0.04), (-0.04, 0.04), (-0.04, 0.04), (-0.04, 0.04), (-0.04, 0.04), (-0.04, 0.04), (-0.04, 0.04), (-0.04, 0.04), (-0.04, 0.04), (-0.04, 0.04), (-0.04, 0.04), (-0.04, 0.04), (-0.04, 0.04), (-0.04, 0.04), (-0.04, 0.04), (-0.04, 0.04), (-0.04, 0.04), (-0.04, 0.04), (-0.04, 0.04), (-0.04, 0.04), (-0.04, 0.04), (-0.04, 0.04), (-0.04, 0.04), (0.98, 1.02), (-1e-05, 1e-05), (0.71, 0.75), (0.63, 0.67)]
