Best in last gen:
[-6.58057174e-02  8.05514096e-02  1.75620533e-03 -3.21837651e-02
 -6.27122276e-02  4.29835058e-02  7.46038156e-02 -2.64200722e-02
  1.96223731e-02  1.21370704e-01 -1.34035441e-01 -3.07803906e-02
  2.82901982e-03 -6.59490850e-02  6.42318594e-03 -1.00079196e-02
  8.00119769e-02 -6.21090187e-02 -1.26921954e-02 -1.43769543e-02
 -1.00488697e-01  1.94425576e-02 -5.87635903e-03  9.11124381e-03
  8.16447035e-02 -4.51075725e-02 -1.43406346e-02  1.63800679e-02
 -1.03353266e-02 -1.72225753e-02 -1.04796330e-02  1.23889354e-02
 -3.60880792e-03 -1.72883170e-03  1.53408558e-02 -1.23454214e-02
 -4.14474386e-02 -1.27242296e-02  8.95976679e-03  5.89695552e-03
  2.78781736e-02  7.68849764e-02 -5.77505157e-02  6.87148862e-02
  1.83869670e-02 -1.37453188e-03 -3.33568118e-02  2.19602983e-02
  3.60834880e-02  8.76593263e-05 -1.13487045e-01  2.41811208e-02
 -2.41307572e-02  6.05750715e-02 -1.16710335e-03  2.19895936e-02
 -2.39697075e-02 -2.59797803e-02 -8.53452010e-03  1.80993977e-02
 -3.41801948e-02  3.77505864e-04  5.80945444e-03  2.52263053e-02
  1.75246959e-02  3.26712854e-02 -1.93945292e-02  2.05829979e-02
 -2.51472552e-02  3.05657634e-02 -9.32294640e-03 -2.81811272e-03
 -1.21468928e-02  1.40701309e-01 -3.44833307e-02  9.24025916e-03
 -1.46472141e-02 -5.57309967e-02  7.26274361e-03  7.93931766e-02
  1.00658841e+00 -1.49659576e+00  1.01763213e+00  1.49705065e+00]
Best fitness in last gen:
0.0003298875569939142

Best in all:
[-6.58057174e-02  8.05514096e-02  1.75620533e-03 -3.21837651e-02
 -6.27122276e-02  4.29835058e-02  7.46038156e-02 -2.64200722e-02
  1.96223731e-02  1.21370704e-01 -1.34035441e-01 -3.07803906e-02
  2.82901982e-03 -6.59490850e-02  6.42318594e-03 -1.00079196e-02
  8.00119769e-02 -6.21090187e-02 -1.26921954e-02 -1.43769543e-02
 -1.00488697e-01  1.94425576e-02 -5.87635903e-03  9.11124381e-03
  8.16447035e-02 -4.51075725e-02 -1.43406346e-02  1.63800679e-02
 -1.03353266e-02 -1.72225753e-02 -1.04796330e-02  1.23889354e-02
 -3.60880792e-03 -1.72883170e-03  1.53408558e-02 -1.23454214e-02
 -4.14474386e-02 -1.27242296e-02  8.95976679e-03  5.89695552e-03
  2.78781736e-02  7.68849764e-02 -5.77505157e-02  6.87148862e-02
  1.83869670e-02 -1.37453188e-03 -3.33568118e-02  2.19602983e-02
  3.60834880e-02  8.76593263e-05 -1.13487045e-01  2.41811208e-02
 -2.41307572e-02  6.05750715e-02 -1.16710335e-03  2.19895936e-02
 -2.39697075e-02 -2.59797803e-02 -8.53452010e-03  1.80993977e-02
 -3.41801948e-02  3.77505864e-04  5.80945444e-03  2.52263053e-02
  1.75246959e-02  3.26712854e-02 -1.93945292e-02  2.05829979e-02
 -2.51472552e-02  3.05657634e-02 -9.32294640e-03 -2.81811272e-03
 -1.21468928e-02  1.40701309e-01 -3.44833307e-02  9.24025916e-03
 -1.46472141e-02 -5.57309967e-02  7.26274361e-03  7.93931766e-02
  1.00658841e+00 -1.49659576e+00  1.01763213e+00  1.49705065e+00]
Best fitness in all:
0.0003298875569939142

Initial parameters
population size = 10
number of generations = 10000
Real number of generations = 10000
elitism = 2
crossover_rate = 0.95
mutation rate = 0.007
mutation range = 0.1
order = 4
gene ranges = ((-0.1, 0.1), (0.98, 1.02), (-2, 2), (0.65, 1.05), (1.2, 1.6))
