Best in last gen:
[-3.01059173e-02  4.96320631e-02 -8.24007649e-03 -3.44143518e-03
  2.96026117e-03  9.15157242e-03 -1.18135374e-02 -6.42196540e-03
  1.81082233e-02  6.41508330e-03 -4.66112343e-03 -1.51081191e-02
 -4.05764692e-02  5.03079103e-02 -2.41838806e-02  2.15426193e-02
  9.48411398e-03 -8.35682944e-03 -3.75194808e-02  1.39565183e-02
  2.89467204e-03  3.33183151e-02 -2.96172118e-02  3.24945493e-03
  4.46647350e-02  1.32987726e-03  1.22663343e-02 -1.35921990e-02
  1.89065691e-02 -1.04188935e-02  2.22190024e-02 -2.66749079e-02
  4.81493923e-03 -3.60270191e-02  3.28327185e-02 -3.20438202e-02
 -1.78339184e-02  1.70611252e-02 -6.46383290e-03 -3.06648721e-03
 -2.34999041e-02 -1.48537803e-02  2.61515841e-02  1.90863756e-02
  5.00376731e-03  2.47400490e-02  5.04204405e-02 -1.67465680e-02
  9.89575215e-01 -3.65470721e-07  7.16066402e-01  5.72845872e-01]
Best fitness in last gen:
2.014968415793837e-06
GA calculation time:
327.10891580581665

Initial parameters
population size = 100
number of generations = 2000
Real number of generations = 2000
elitism = 2
crossover_rate = 0.95
mutation rate = 0.01
mutation range = [4.e-02 4.e-02 4.e-02 4.e-02 4.e-02 4.e-02 4.e-02 4.e-02 4.e-02 4.e-02
 4.e-02 4.e-02 4.e-02 4.e-02 4.e-02 4.e-02 4.e-02 4.e-02 4.e-02 4.e-02
 4.e-02 4.e-02 4.e-02 4.e-02 4.e-02 4.e-02 4.e-02 4.e-02 4.e-02 4.e-02
 4.e-02 4.e-02 4.e-02 4.e-02 4.e-02 4.e-02 4.e-02 4.e-02 4.e-02 4.e-02
 4.e-02 4.e-02 4.e-02 4.e-02 4.e-02 4.e-02 4.e-02 4.e-02 2.e-02 1.e-06
 2.e-02 2.e-02]
order = 3
gene ranges = [(-0.1, 0.1), (-0.1, 0.1), (-0.1, 0.1), (-0.1, 0.1), (-0.1, 0.1), (-0.1, 0.1), (-0.1, 0.1), (-0.1, 0.1), (-0.1, 0.1), (-0.1, 0.1), (-0.1, 0.1), (-0.1, 0.1), (-0.1, 0.1), (-0.1, 0.1), (-0.1, 0.1), (-0.1, 0.1), (-0.1, 0.1), (-0.1, 0.1), (-0.1, 0.1), (-0.1, 0.1), (-0.1, 0.1), (-0.1, 0.1), (-0.1, 0.1), (-0.1, 0.1), (-0.1, 0.1), (-0.1, 0.1), (-0.1, 0.1), (-0.1, 0.1), (-0.1, 0.1), (-0.1, 0.1), (-0.1, 0.1), (-0.1, 0.1), (-0.1, 0.1), (-0.1, 0.1), (-0.1, 0.1), (-0.1, 0.1), (-0.1, 0.1), (-0.1, 0.1), (-0.1, 0.1), (-0.1, 0.1), (-0.1, 0.1), (-0.1, 0.1), (-0.1, 0.1), (-0.1, 0.1), (-0.1, 0.1), (-0.1, 0.1), (-0.1, 0.1), (-0.1, 0.1), (0.98, 1.02), (-1e-05, 1e-05), (0.71, 0.75), (0.55, 0.59)]
