Best in last gen:
[ 5.79122041e-03 -4.97346619e-03 -1.66518372e-03 -3.60197507e-02
 -3.95028549e-02  3.30590269e-02  3.46549287e-02  1.47033325e-02
 -2.80646111e-02 -6.85817710e-02 -1.10445019e-01  3.72878203e-03
  5.58919098e-03 -1.87339206e-02 -1.85062967e-02  1.97437316e-02
  1.03534497e-02 -2.35115373e-02  3.28300342e-02 -1.04066658e-02
  2.77780287e-03  4.33848868e-03 -5.59299773e-04 -1.13318628e-03
 -2.42031353e-03  6.75098002e-02  8.44992567e-03  5.66235856e-02
  3.48871989e-02 -4.35867224e-03 -5.72622786e-02 -1.09209470e-02
 -7.22586395e-03 -4.79504184e-02 -1.23428251e-02  7.60694922e-03
 -1.53269453e-02  1.91152288e-02  5.50000985e-03  1.63959778e-02
 -1.14155936e-02 -1.21524108e-02  1.52110227e-02  2.49545622e-02
 -2.07112418e-02 -4.95513822e-02  7.06863865e-03 -8.09491899e-03
  9.96363634e-01  2.30422511e-01  5.74906126e-01  1.25442998e+00]
Best fitness in last gen:
1.2155816865730593e-05

Best in all:
[ 5.79122041e-03 -4.97346619e-03 -1.66518372e-03 -3.60197507e-02
 -3.95028549e-02  3.30590269e-02  3.46549287e-02  1.47033325e-02
 -2.80646111e-02 -6.85817710e-02 -1.10445019e-01  3.72878203e-03
  5.58919098e-03 -1.87339206e-02 -1.85062967e-02  1.97437316e-02
  1.03534497e-02 -2.35115373e-02  3.28300342e-02 -1.04066658e-02
  2.77780287e-03  4.33848868e-03 -5.59299773e-04 -1.13318628e-03
 -2.42031353e-03  6.75098002e-02  8.44992567e-03  5.66235856e-02
  3.48871989e-02 -4.35867224e-03 -5.72622786e-02 -1.09209470e-02
 -7.22586395e-03 -4.79504184e-02 -1.23428251e-02  7.60694922e-03
 -1.53269453e-02  1.91152288e-02  5.50000985e-03  1.63959778e-02
 -1.14155936e-02 -1.21524108e-02  1.52110227e-02  2.49545622e-02
 -2.07112418e-02 -4.95513822e-02  7.06863865e-03 -8.09491899e-03
  9.96363634e-01  2.30422511e-01  5.74906126e-01  1.25442998e+00]
Best fitness in all:
1.2155816865730593e-05
GA calculation time:
390.4035482406616

Initial parameters
population size = 25
number of generations = 10000
Real number of generations = 10000
elitism = 2
crossover_rate = 0.95
mutation rate = 0.007
mutation range = 0.1
order = 3
gene ranges = ((-0.1, 0.1), (0.98, 1.02), (-2, 2), (0.55, 0.6), (1.2, 1.3))
