Best in last gen:
[ 2.28532601e-03  1.02189222e-02 -1.84155988e-02  4.73121965e-02
 -1.76862452e-02  1.52391023e-02 -5.45278964e-03 -2.61105757e-02
  9.48155270e-05  3.19198398e-03  6.87485139e-03  3.73323454e-03
  3.50596568e-02  2.27155997e-03 -1.72308227e-02  6.32617003e-03
  4.74817716e-03 -1.13146717e-02  8.01880844e-03 -1.54611921e-02
  1.34026851e-02  2.04371016e-02  8.17634775e-03 -3.67604607e-02
 -1.38484249e-02 -6.31435974e-03  1.81820832e-04  1.33346397e-02
 -1.32558806e-02  6.18369901e-03  2.64545901e-02  6.63784976e-03
 -4.97295066e-03  6.21628791e-03 -1.07838347e-02  2.81957733e-02
  1.75064473e-02 -8.09991646e-03  1.12963092e-02 -9.16493724e-03
  2.44223850e-02  7.97799901e-03 -5.01886443e-02 -1.71858027e-02
  1.05783267e-02 -3.69259342e-03  1.09985534e-03 -1.08504826e-02
 -1.82549685e-02  2.59367980e-02  1.55982077e-02 -3.19220269e-04
  3.75749017e-03 -4.75012102e-03  2.24420700e-02 -6.21788872e-03
  1.08798884e-02  1.59913793e-02 -9.94994672e-03 -1.69149902e-02
  2.73610835e-02 -6.91150354e-04  1.90899223e-03  1.60376882e-02
 -9.56699573e-03 -3.93113866e-03 -9.47190758e-03  2.42047366e-02
 -1.29509662e-02  1.13634078e-03  1.03221934e-02 -1.59626197e-02
 -1.78930608e-02 -4.80523949e-03 -1.81883257e-02  2.17288985e-02
  5.68208853e-03 -1.33503640e-02 -2.06884052e-02  1.48335101e-02
 -4.46340300e-02 -1.69924287e-02 -1.17051503e-03 -1.05676694e-02
  5.20661025e-03  1.14034503e-02  1.79526305e-02  2.65718628e-02
 -1.99038648e-02 -7.35066440e-03 -2.43692014e-03 -4.22129616e-04
  3.70523557e-02  1.68236861e-02  1.47843391e-02 -1.30579239e-02
 -1.45856161e-02  1.53358971e-02 -1.38056058e-02  5.32803514e-03
  2.93410856e-02 -5.45455676e-03  3.56657342e-02  3.44368566e-02
 -1.00348104e-02  8.72223703e-03  5.92790467e-03 -2.45342970e-03
  1.43376270e-02  8.58455229e-03  3.67557144e-03 -3.15507171e-02
 -1.62230917e-02 -2.25773646e-02 -1.17019235e-02  1.18429546e-02
  3.78918579e-02 -8.34828897e-03  5.50358357e-03 -8.25285256e-03
  9.99730480e-01  2.54865975e-07  7.56092524e-01  3.88869098e-01]
Best fitness in last gen:
8.560482729733078e-07
GA calculation time:
463.2920346260071

Initial parameters
population size = 100
number of generations = 1000
Real number of generations = 1000
elitism = 2
crossover_rate = 0.95
mutation rate = 0.01
mutation range = [4.e-02 4.e-02 4.e-02 4.e-02 4.e-02 4.e-02 4.e-02 4.e-02 4.e-02 4.e-02
 4.e-02 4.e-02 4.e-02 4.e-02 4.e-02 4.e-02 4.e-02 4.e-02 4.e-02 4.e-02
 4.e-02 4.e-02 4.e-02 4.e-02 4.e-02 4.e-02 4.e-02 4.e-02 4.e-02 4.e-02
 4.e-02 4.e-02 4.e-02 4.e-02 4.e-02 4.e-02 4.e-02 4.e-02 4.e-02 4.e-02
 4.e-02 4.e-02 4.e-02 4.e-02 4.e-02 4.e-02 4.e-02 4.e-02 4.e-02 4.e-02
 4.e-02 4.e-02 4.e-02 4.e-02 4.e-02 4.e-02 4.e-02 4.e-02 4.e-02 4.e-02
 4.e-02 4.e-02 4.e-02 4.e-02 4.e-02 4.e-02 4.e-02 4.e-02 4.e-02 4.e-02
 4.e-02 4.e-02 4.e-02 4.e-02 4.e-02 4.e-02 4.e-02 4.e-02 4.e-02 4.e-02
 4.e-02 4.e-02 4.e-02 4.e-02 4.e-02 4.e-02 4.e-02 4.e-02 4.e-02 4.e-02
 4.e-02 4.e-02 4.e-02 4.e-02 4.e-02 4.e-02 4.e-02 4.e-02 4.e-02 4.e-02
 4.e-02 4.e-02 4.e-02 4.e-02 4.e-02 4.e-02 4.e-02 4.e-02 4.e-02 4.e-02
 4.e-02 4.e-02 4.e-02 4.e-02 4.e-02 4.e-02 4.e-02 4.e-02 4.e-02 4.e-02
 2.e-02 1.e-06 2.e-02 2.e-02]
order = 5
gene ranges = [(-0.04, 0.04), (-0.04, 0.04), (-0.04, 0.04), (-0.04, 0.04), (-0.04, 0.04), (-0.04, 0.04), (-0.04, 0.04), (-0.04, 0.04), (-0.04, 0.04), (-0.04, 0.04), (-0.04, 0.04), (-0.04, 0.04), (-0.04, 0.04), (-0.04, 0.04), (-0.04, 0.04), (-0.04, 0.04), (-0.04, 0.04), (-0.04, 0.04), (-0.04, 0.04), (-0.04, 0.04), (-0.04, 0.04), (-0.04, 0.04), (-0.04, 0.04), (-0.04, 0.04), (-0.04, 0.04), (-0.04, 0.04), (-0.04, 0.04), (-0.04, 0.04), (-0.04, 0.04), (-0.04, 0.04), (-0.04, 0.04), (-0.04, 0.04), (-0.04, 0.04), (-0.04, 0.04), (-0.04, 0.04), (-0.04, 0.04), (-0.04, 0.04), (-0.04, 0.04), (-0.04, 0.04), (-0.04, 0.04), (-0.04, 0.04), (-0.04, 0.04), (-0.04, 0.04), (-0.04, 0.04), (-0.04, 0.04), (-0.04, 0.04), (-0.04, 0.04), (-0.04, 0.04), (-0.04, 0.04), (-0.04, 0.04), (-0.04, 0.04), (-0.04, 0.04), (-0.04, 0.04), (-0.04, 0.04), (-0.04, 0.04), (-0.04, 0.04), (-0.04, 0.04), (-0.04, 0.04), (-0.04, 0.04), (-0.04, 0.04), (-0.04, 0.04), (-0.04, 0.04), (-0.04, 0.04), (-0.04, 0.04), (-0.04, 0.04), (-0.04, 0.04), (-0.04, 0.04), (-0.04, 0.04), (-0.04, 0.04), (-0.04, 0.04), (-0.04, 0.04), (-0.04, 0.04), (-0.04, 0.04), (-0.04, 0.04), (-0.04, 0.04), (-0.04, 0.04), (-0.04, 0.04), (-0.04, 0.04), (-0.04, 0.04), (-0.04, 0.04), (-0.04, 0.04), (-0.04, 0.04), (-0.04, 0.04), (-0.04, 0.04), (-0.04, 0.04), (-0.04, 0.04), (-0.04, 0.04), (-0.04, 0.04), (-0.04, 0.04), (-0.04, 0.04), (-0.04, 0.04), (-0.04, 0.04), (-0.04, 0.04), (-0.04, 0.04), (-0.04, 0.04), (-0.04, 0.04), (-0.04, 0.04), (-0.04, 0.04), (-0.04, 0.04), (-0.04, 0.04), (-0.04, 0.04), (-0.04, 0.04), (-0.04, 0.04), (-0.04, 0.04), (-0.04, 0.04), (-0.04, 0.04), (-0.04, 0.04), (-0.04, 0.04), (-0.04, 0.04), (-0.04, 0.04), (-0.04, 0.04), (-0.04, 0.04), (-0.04, 0.04), (-0.04, 0.04), (-0.04, 0.04), (-0.04, 0.04), (-0.04, 0.04), (-0.04, 0.04), (-0.04, 0.04), (-0.04, 0.04), (0.98, 1.02), (-1e-05, 1e-05), (0.76, 0.8), (0.37, 0.41)]
