Best in last gen:
[ 1.80638350e-02 -1.01782040e-02 -1.42971420e-02 -1.98351922e-02
 -4.29388653e-02 -3.07373380e-02  2.01592957e-02  4.90420613e-02
 -4.68701977e-02 -1.85753450e-02  1.24330201e-02 -2.24116959e-02
 -1.59035582e-03  1.31204020e-02  3.87293405e-02 -1.24919862e-02
  4.47673389e-02  1.78099550e-02  3.87420631e-02  1.65298379e-02
 -1.96808042e-02 -1.55965438e-02 -3.84726034e-03 -2.70405365e-02
  1.63457278e-02 -2.09465894e-02  1.28963580e-03  2.92356086e-02
 -3.42906443e-02 -1.06987773e-02 -2.29501974e-02  5.90634311e-03
  2.61840991e-02  1.68509758e-04 -3.39360649e-03  5.18931252e-02
  3.50972915e-02 -3.90599493e-03 -9.84451097e-04  2.63577556e-02
 -7.33159798e-03 -1.62620372e-02 -1.26230407e-02  9.43481932e-03
  2.51187053e-02 -3.27685850e-02  1.63328623e-02  2.29494443e-02
  1.00537394e+00 -4.53296408e-01  9.14491126e-01  2.89285402e+00]
Best fitness in last gen:
9.377466562644511e-07

Best in all:
[ 1.80638350e-02 -1.01782040e-02 -1.42971420e-02 -1.98351922e-02
 -4.29388653e-02 -3.07373380e-02  2.01592957e-02  4.90420613e-02
 -4.68701977e-02 -1.85753450e-02  1.24330201e-02 -2.24116959e-02
 -1.59035582e-03  1.31204020e-02  3.87293405e-02 -1.24919862e-02
  4.47673389e-02  1.78099550e-02  3.87420631e-02  1.65298379e-02
 -1.96808042e-02 -1.55965438e-02 -3.84726034e-03 -2.70405365e-02
  1.63457278e-02 -2.09465894e-02  1.28963580e-03  2.92356086e-02
 -3.42906443e-02 -1.06987773e-02 -2.29501974e-02  5.90634311e-03
  2.61840991e-02  1.68509758e-04 -3.39360649e-03  5.18931252e-02
  3.50972915e-02 -3.90599493e-03 -9.84451097e-04  2.63577556e-02
 -7.33159798e-03 -1.62620372e-02 -1.26230407e-02  9.43481932e-03
  2.51187053e-02 -3.27685850e-02  1.63328623e-02  2.29494443e-02
  1.00537394e+00 -4.53296408e-01  9.14491126e-01  2.89285402e+00]
Best fitness in all:
9.377466562644511e-07
GA calculation time:
5.001182794570923

Initial parameters
population size = 20
number of generations = 100
Real number of generations = 100
elitism = 2
crossover_rate = 0.95
mutation rate = 0.02
mutation range = [0.05 0.05 0.05 0.05 0.05 0.05 0.05 0.05 0.05 0.05 0.05 0.05 0.05 0.05
 0.05 0.05 0.05 0.05 0.05 0.05 0.05 0.05 0.05 0.05 0.05 0.05 0.05 0.05
 0.05 0.05 0.05 0.05 0.05 0.05 0.05 0.05 0.05 0.05 0.05 0.05 0.05 0.05
 0.05 0.05 0.05 0.05 0.05 0.05 0.02 0.8  0.7  0.7 ]
order = 3
gene ranges = ((-0.05, 0.05), (0.98, 1.02), (-0.8, 0.8), (0.6, 2.0), (2.0, 3.5))
