Best in last gen:
[-2.56057260e-02  4.68577481e-02 -2.10665011e-03  2.30412955e-02
 -3.34251679e-02 -7.47295875e-04 -2.89391545e-02  1.20300264e-02
 -8.89587324e-03 -2.82704014e-02  6.96847628e-03 -4.97691667e-02
  5.47553437e-02 -2.38133716e-02 -2.52351627e-02 -7.23047916e-02
  8.10339792e-03  1.54633211e-02  2.27474479e-02 -6.92668553e-03
  1.64882706e-02  9.89496675e-03  3.22246356e-02  2.41202459e-02
  4.28620033e-02 -5.18689836e-03  6.85759356e-02  4.88155595e-03
 -4.80808517e-02  6.42339712e-02  5.53832451e-02  3.90470284e-02
 -3.77719993e-03  1.95123306e-02  9.11427694e-03 -7.82445271e-03
  3.10587177e-02 -1.21521483e-02 -2.49804560e-02 -7.68451088e-03
 -2.22618624e-02 -4.59356578e-02  1.33243172e-02  1.69675905e-02
  1.98557816e-02  7.15868013e-02  6.11784564e-02  5.99272174e-02
  9.93370067e-01 -2.13815335e-06  1.45420790e+00  5.79698132e-01]
Best fitness in last gen:
6.130612791583797e-07
GA calculation time:
214.93493747711182

Initial parameters
population size = 100
number of generations = 1000
Real number of generations = 1000
elitism = 2
crossover_rate = 0.95
mutation rate = 0.01
mutation range = [4.e-02 4.e-02 4.e-02 4.e-02 4.e-02 4.e-02 4.e-02 4.e-02 4.e-02 4.e-02
 4.e-02 4.e-02 4.e-02 4.e-02 4.e-02 4.e-02 4.e-02 4.e-02 4.e-02 4.e-02
 4.e-02 4.e-02 4.e-02 4.e-02 4.e-02 4.e-02 4.e-02 4.e-02 4.e-02 4.e-02
 4.e-02 4.e-02 4.e-02 4.e-02 4.e-02 4.e-02 4.e-02 4.e-02 4.e-02 4.e-02
 4.e-02 4.e-02 4.e-02 4.e-02 4.e-02 4.e-02 4.e-02 4.e-02 2.e-02 1.e-06
 2.e-02 2.e-02]
order = 3
gene ranges = [(-0.1, 0.1), (-0.1, 0.1), (-0.1, 0.1), (-0.1, 0.1), (-0.1, 0.1), (-0.1, 0.1), (-0.1, 0.1), (-0.1, 0.1), (-0.1, 0.1), (-0.1, 0.1), (-0.1, 0.1), (-0.1, 0.1), (-0.1, 0.1), (-0.1, 0.1), (-0.1, 0.1), (-0.1, 0.1), (-0.1, 0.1), (-0.1, 0.1), (-0.1, 0.1), (-0.1, 0.1), (-0.1, 0.1), (-0.1, 0.1), (-0.1, 0.1), (-0.1, 0.1), (-0.1, 0.1), (-0.1, 0.1), (-0.1, 0.1), (-0.1, 0.1), (-0.1, 0.1), (-0.1, 0.1), (-0.1, 0.1), (-0.1, 0.1), (-0.1, 0.1), (-0.1, 0.1), (-0.1, 0.1), (-0.1, 0.1), (-0.1, 0.1), (-0.1, 0.1), (-0.1, 0.1), (-0.1, 0.1), (-0.1, 0.1), (-0.1, 0.1), (-0.1, 0.1), (-0.1, 0.1), (-0.1, 0.1), (-0.1, 0.1), (-0.1, 0.1), (-0.1, 0.1), (0.98, 1.02), (-1e-05, 1e-05), (1.43, 1.47), (0.55, 0.59)]
