Best in last gen:
[ 3.50018617e-02 -3.00943513e-03 -1.04765191e-02 -1.37626443e-02
 -6.45751639e-03  2.20007181e-02 -2.94289332e-02 -1.00891873e-02
  5.01212255e-03  4.42391003e-03  1.06701187e-02 -8.33883123e-03
 -7.69007658e-03  1.42624330e-02 -7.68890504e-03  5.00433781e-03
  3.57900874e-03  4.33181927e-02 -1.24819416e-02 -7.42405820e-05
 -5.52193915e-02  1.00486580e-01 -5.16426326e-02 -1.07784330e-02
 -9.59926138e-03  1.74558728e-02 -2.51095650e-02  1.05300550e-02
 -1.98576508e-02  2.97059482e-02  3.30382293e-02 -1.69508338e-02
 -7.89076573e-03  6.59737420e-03 -5.22879447e-03  1.01655036e-02
 -6.50230113e-03  1.30721031e-02  1.78965154e-03  6.44385787e-03
  3.47190630e-03 -5.40240075e-02 -5.64378833e-02  1.27276078e-03
 -1.63933910e-02  2.04227083e-03  1.61287427e-03 -1.77736692e-02
  1.36675972e-02  8.05449243e-03 -1.94711434e-02 -2.04351943e-02
  5.07173378e-02 -1.21002846e-02 -1.13770631e-03  5.83152360e-03
 -3.96146235e-02  1.03868842e-02 -7.09748749e-02  1.28620939e-02
 -3.62389205e-02 -5.75696874e-03 -1.03547102e-02  5.99028972e-04
  3.83076547e-02 -6.13233362e-03 -1.35254405e-02 -7.59722374e-03
  5.46961443e-03  1.26095281e-02  1.12329474e-02 -3.73306104e-03
 -6.26580938e-03 -1.24983775e-02  2.66161234e-03 -9.84822613e-03
  4.40691148e-02  9.78495021e-03 -2.85138387e-02 -1.39601702e-02
  9.82764952e-01  6.19346727e-07  7.08298296e-01  5.79202826e-01]
Best fitness in last gen:
7.414282684221851e-06
GA calculation time:
10400.149198055267

Initial parameters
population size = 300
number of generations = 20000
Real number of generations = 20000
elitism = 2
crossover_rate = 0.95
mutation rate = 0.01
mutation range = [4.e-02 4.e-02 4.e-02 4.e-02 4.e-02 4.e-02 4.e-02 4.e-02 4.e-02 4.e-02
 4.e-02 4.e-02 4.e-02 4.e-02 4.e-02 4.e-02 4.e-02 4.e-02 4.e-02 4.e-02
 4.e-02 4.e-02 4.e-02 4.e-02 4.e-02 4.e-02 4.e-02 4.e-02 4.e-02 4.e-02
 4.e-02 4.e-02 4.e-02 4.e-02 4.e-02 4.e-02 4.e-02 4.e-02 4.e-02 4.e-02
 4.e-02 4.e-02 4.e-02 4.e-02 4.e-02 4.e-02 4.e-02 4.e-02 4.e-02 4.e-02
 4.e-02 4.e-02 4.e-02 4.e-02 4.e-02 4.e-02 4.e-02 4.e-02 4.e-02 4.e-02
 4.e-02 4.e-02 4.e-02 4.e-02 4.e-02 4.e-02 4.e-02 4.e-02 4.e-02 4.e-02
 4.e-02 4.e-02 4.e-02 4.e-02 4.e-02 4.e-02 4.e-02 4.e-02 4.e-02 4.e-02
 2.e-02 1.e-06 2.e-02 2.e-02]
order = 4
gene ranges = [(-0.1, 0.1), (-0.1, 0.1), (-0.1, 0.1), (-0.1, 0.1), (-0.1, 0.1), (-0.1, 0.1), (-0.1, 0.1), (-0.1, 0.1), (-0.1, 0.1), (-0.1, 0.1), (-0.1, 0.1), (-0.1, 0.1), (-0.1, 0.1), (-0.1, 0.1), (-0.1, 0.1), (-0.1, 0.1), (-0.1, 0.1), (-0.1, 0.1), (-0.1, 0.1), (-0.1, 0.1), (-0.1, 0.1), (-0.1, 0.1), (-0.1, 0.1), (-0.1, 0.1), (-0.1, 0.1), (-0.1, 0.1), (-0.1, 0.1), (-0.1, 0.1), (-0.1, 0.1), (-0.1, 0.1), (-0.1, 0.1), (-0.1, 0.1), (-0.1, 0.1), (-0.1, 0.1), (-0.1, 0.1), (-0.1, 0.1), (-0.1, 0.1), (-0.1, 0.1), (-0.1, 0.1), (-0.1, 0.1), (-0.1, 0.1), (-0.1, 0.1), (-0.1, 0.1), (-0.1, 0.1), (-0.1, 0.1), (-0.1, 0.1), (-0.1, 0.1), (-0.1, 0.1), (-0.1, 0.1), (-0.1, 0.1), (-0.1, 0.1), (-0.1, 0.1), (-0.1, 0.1), (-0.1, 0.1), (-0.1, 0.1), (-0.1, 0.1), (-0.1, 0.1), (-0.1, 0.1), (-0.1, 0.1), (-0.1, 0.1), (-0.1, 0.1), (-0.1, 0.1), (-0.1, 0.1), (-0.1, 0.1), (-0.1, 0.1), (-0.1, 0.1), (-0.1, 0.1), (-0.1, 0.1), (-0.1, 0.1), (-0.1, 0.1), (-0.1, 0.1), (-0.1, 0.1), (-0.1, 0.1), (-0.1, 0.1), (-0.1, 0.1), (-0.1, 0.1), (-0.1, 0.1), (-0.1, 0.1), (-0.1, 0.1), (-0.1, 0.1), (0.98, 1.02), (-1e-05, 1e-05), (0.71, 0.75), (0.55, 0.59)]
