Best in last gen:
[ 9.62246443e-03 -4.22605603e-03 -2.54431691e-02 -3.46740575e-02
  2.31371000e-02  8.39683523e-03  7.50264649e-03  3.51068562e-03
 -3.51138028e-03 -8.75827303e-03 -6.56946463e-03  1.71242576e-02
 -2.20149316e-02  1.69338768e-02 -1.23535888e-03  1.00629776e-02
 -7.77010903e-03  1.52575610e-04 -3.39336959e-03  2.07253592e-02
  1.30601373e-02 -8.96470298e-03 -3.76243641e-03 -7.16405005e-03
  4.15907901e-03  5.97413999e-03  5.37145715e-02  1.42155984e-02
 -1.41481762e-02  3.25524993e-02  5.69500825e-03 -8.22975987e-03
 -3.58031563e-03 -1.30249152e-02  2.20817506e-02 -7.53792805e-03
  9.73025225e-03  1.36113095e-02  4.67153445e-02  1.30529890e-02
  2.30593545e-02 -3.73854687e-02 -4.55117893e-03  1.68459002e-02
  5.73267957e-03  5.73267849e-02  2.11310950e-02  1.60318966e-02
  1.86984552e-02  5.72168540e-03  2.18456470e-02 -1.02322802e-02
 -1.25443204e-02  4.53163491e-03  1.18209412e-02 -9.66071908e-03
 -2.06202849e-03  1.15639686e-02 -2.58133470e-02 -4.19988186e-02
  1.13161728e-02 -4.23673208e-03  9.57607885e-03  6.50210296e-03
 -8.17469188e-03  2.67494884e-02 -8.80339024e-03  1.69650030e-02
 -5.36778418e-04  3.14672344e-02  1.09080993e-02  8.41382502e-03
 -3.46710813e-02  3.56788427e-02 -5.94986147e-02 -1.89239148e-03
 -1.26175200e-02 -3.83018933e-03  3.23190202e-03  1.01774565e-02
  1.62182907e-02 -1.18829686e-02 -2.41635998e-02 -3.30777905e-02
 -1.27100226e-02 -6.25480891e-03 -1.34316645e-03  1.44071803e-02
  3.04221395e-02 -3.20806808e-02 -2.45684542e-02  2.16218214e-03
 -3.00621991e-02  1.52493974e-03  1.07217728e-02 -1.77771558e-02
  3.72525986e-02  1.56239452e-02 -1.62905172e-02  1.09546728e-02
  3.49299210e-03 -2.07732022e-02 -6.03631562e-03 -1.21861072e-02
 -6.96282632e-03 -4.04040353e-03 -1.08455270e-02  1.25612790e-02
  4.33183755e-03 -2.80347679e-02 -1.14343753e-02 -6.91845439e-04
  9.16221129e-03 -2.72171334e-02 -3.21070844e-03 -7.46450770e-03
 -1.73605169e-02 -1.00344081e-02  6.93370101e-03 -4.93747323e-03
  1.01196660e+00 -9.87432474e-07  3.91207008e-01  1.76945655e-01]
Best fitness in last gen:
7.321542941420828e-06
GA calculation time:
1116.4405498504639

Initial parameters
population size = 50
number of generations = 10000
Real number of generations = 10000
elitism = 2
crossover_rate = 0.95
mutation rate = 0.01
mutation range = [3.e-02 3.e-02 3.e-02 3.e-02 3.e-02 3.e-02 3.e-02 3.e-02 3.e-02 3.e-02
 3.e-02 3.e-02 3.e-02 3.e-02 3.e-02 3.e-02 3.e-02 3.e-02 3.e-02 3.e-02
 3.e-02 3.e-02 3.e-02 3.e-02 3.e-02 3.e-02 3.e-02 3.e-02 3.e-02 3.e-02
 3.e-02 3.e-02 3.e-02 3.e-02 3.e-02 3.e-02 3.e-02 3.e-02 3.e-02 3.e-02
 3.e-02 3.e-02 3.e-02 3.e-02 3.e-02 3.e-02 3.e-02 3.e-02 3.e-02 3.e-02
 3.e-02 3.e-02 3.e-02 3.e-02 3.e-02 3.e-02 3.e-02 3.e-02 3.e-02 3.e-02
 3.e-02 3.e-02 3.e-02 3.e-02 3.e-02 3.e-02 3.e-02 3.e-02 3.e-02 3.e-02
 3.e-02 3.e-02 3.e-02 3.e-02 3.e-02 3.e-02 3.e-02 3.e-02 3.e-02 3.e-02
 3.e-02 3.e-02 3.e-02 3.e-02 3.e-02 3.e-02 3.e-02 3.e-02 3.e-02 3.e-02
 3.e-02 3.e-02 3.e-02 3.e-02 3.e-02 3.e-02 3.e-02 3.e-02 3.e-02 3.e-02
 3.e-02 3.e-02 3.e-02 3.e-02 3.e-02 3.e-02 3.e-02 3.e-02 3.e-02 3.e-02
 3.e-02 3.e-02 3.e-02 3.e-02 3.e-02 3.e-02 3.e-02 3.e-02 3.e-02 3.e-02
 2.e-02 1.e-06 3.e-02 3.e-02]
order = 5
gene ranges = [(-0.03, 0.03), (-0.03, 0.03), (-0.03, 0.03), (-0.03, 0.03), (-0.03, 0.03), (-0.03, 0.03), (-0.03, 0.03), (-0.03, 0.03), (-0.03, 0.03), (-0.03, 0.03), (-0.03, 0.03), (-0.03, 0.03), (-0.03, 0.03), (-0.03, 0.03), (-0.03, 0.03), (-0.03, 0.03), (-0.03, 0.03), (-0.03, 0.03), (-0.03, 0.03), (-0.03, 0.03), (-0.03, 0.03), (-0.03, 0.03), (-0.03, 0.03), (-0.03, 0.03), (-0.03, 0.03), (-0.03, 0.03), (-0.03, 0.03), (-0.03, 0.03), (-0.03, 0.03), (-0.03, 0.03), (-0.03, 0.03), (-0.03, 0.03), (-0.03, 0.03), (-0.03, 0.03), (-0.03, 0.03), (-0.03, 0.03), (-0.03, 0.03), (-0.03, 0.03), (-0.03, 0.03), (-0.03, 0.03), (-0.03, 0.03), (-0.03, 0.03), (-0.03, 0.03), (-0.03, 0.03), (-0.03, 0.03), (-0.03, 0.03), (-0.03, 0.03), (-0.03, 0.03), (-0.03, 0.03), (-0.03, 0.03), (-0.03, 0.03), (-0.03, 0.03), (-0.03, 0.03), (-0.03, 0.03), (-0.03, 0.03), (-0.03, 0.03), (-0.03, 0.03), (-0.03, 0.03), (-0.03, 0.03), (-0.03, 0.03), (-0.03, 0.03), (-0.03, 0.03), (-0.03, 0.03), (-0.03, 0.03), (-0.03, 0.03), (-0.03, 0.03), (-0.03, 0.03), (-0.03, 0.03), (-0.03, 0.03), (-0.03, 0.03), (-0.03, 0.03), (-0.03, 0.03), (-0.03, 0.03), (-0.03, 0.03), (-0.03, 0.03), (-0.03, 0.03), (-0.03, 0.03), (-0.03, 0.03), (-0.03, 0.03), (-0.03, 0.03), (-0.03, 0.03), (-0.03, 0.03), (-0.03, 0.03), (-0.03, 0.03), (-0.03, 0.03), (-0.03, 0.03), (-0.03, 0.03), (-0.03, 0.03), (-0.03, 0.03), (-0.03, 0.03), (-0.03, 0.03), (-0.03, 0.03), (-0.03, 0.03), (-0.03, 0.03), (-0.03, 0.03), (-0.03, 0.03), (-0.03, 0.03), (-0.03, 0.03), (-0.03, 0.03), (-0.03, 0.03), (-0.03, 0.03), (-0.03, 0.03), (-0.03, 0.03), (-0.03, 0.03), (-0.03, 0.03), (-0.03, 0.03), (-0.03, 0.03), (-0.03, 0.03), (-0.03, 0.03), (-0.03, 0.03), (-0.03, 0.03), (-0.03, 0.03), (-0.03, 0.03), (-0.03, 0.03), (-0.03, 0.03), (-0.03, 0.03), (-0.03, 0.03), (-0.03, 0.03), (-0.03, 0.03), (-0.03, 0.03), (0.98, 1.02), (-1e-05, 1e-05), (0.37, 0.41), (0.17, 0.21)]
