Best in last gen:
[-3.20869004e-02  2.74893580e-02  4.31321479e-03 -7.40002443e-03
 -1.87646847e-02  2.58805297e-03 -1.28399304e-02 -2.11867797e-02
  1.08261644e-02 -1.12750397e-05 -5.33217239e-02 -6.74285484e-03
  3.69675358e-02 -1.98409974e-02 -1.16165354e-02  1.05920169e-02
 -5.65856496e-03  1.47677070e-02  1.58772882e-02 -9.22759839e-03
  3.01363354e-03  2.72785247e-03 -2.67799937e-02  5.59644152e-03
 -2.37142378e-02 -1.32075087e-02  2.85490625e-02 -2.33158214e-02
  1.32648240e-02 -2.61074039e-03 -9.30484956e-03  2.17763502e-02
 -1.97464224e-02  9.49258032e-03  3.41198190e-02 -3.21769513e-03
 -6.42127358e-03  7.59947524e-04  2.17493023e-02  1.86244849e-02
  1.45615727e-02  8.02814245e-03 -2.92916549e-02 -2.72576000e-02
 -6.69765489e-03  2.74745954e-02  1.63958500e-02  7.07967211e-04
  9.93091729e-01  1.70570913e-06  6.26935779e-01  1.37573146e+00]
Best fitness in last gen:
1.5860273766375682e-05
GA calculation time:
1901.8425705432892

Initial parameters
population size = 300
number of generations = 5000
Real number of generations = 5000
elitism = 2
crossover_rate = 0.95
mutation rate = 0.01
mutation range = [4.e-02 4.e-02 4.e-02 4.e-02 4.e-02 4.e-02 4.e-02 4.e-02 4.e-02 4.e-02
 4.e-02 4.e-02 4.e-02 4.e-02 4.e-02 4.e-02 4.e-02 4.e-02 4.e-02 4.e-02
 4.e-02 4.e-02 4.e-02 4.e-02 4.e-02 4.e-02 4.e-02 4.e-02 4.e-02 4.e-02
 4.e-02 4.e-02 4.e-02 4.e-02 4.e-02 4.e-02 4.e-02 4.e-02 4.e-02 4.e-02
 4.e-02 4.e-02 4.e-02 4.e-02 4.e-02 4.e-02 4.e-02 4.e-02 2.e-02 1.e-06
 2.e-02 2.e-02]
order = 3
gene ranges = [(-0.1, 0.1), (-0.1, 0.1), (-0.1, 0.1), (-0.1, 0.1), (-0.1, 0.1), (-0.1, 0.1), (-0.1, 0.1), (-0.1, 0.1), (-0.1, 0.1), (-0.1, 0.1), (-0.1, 0.1), (-0.1, 0.1), (-0.1, 0.1), (-0.1, 0.1), (-0.1, 0.1), (-0.1, 0.1), (-0.1, 0.1), (-0.1, 0.1), (-0.1, 0.1), (-0.1, 0.1), (-0.1, 0.1), (-0.1, 0.1), (-0.1, 0.1), (-0.1, 0.1), (-0.1, 0.1), (-0.1, 0.1), (-0.1, 0.1), (-0.1, 0.1), (-0.1, 0.1), (-0.1, 0.1), (-0.1, 0.1), (-0.1, 0.1), (-0.1, 0.1), (-0.1, 0.1), (-0.1, 0.1), (-0.1, 0.1), (-0.1, 0.1), (-0.1, 0.1), (-0.1, 0.1), (-0.1, 0.1), (-0.1, 0.1), (-0.1, 0.1), (-0.1, 0.1), (-0.1, 0.1), (-0.1, 0.1), (-0.1, 0.1), (-0.1, 0.1), (-0.1, 0.1), (0.98, 1.02), (-1e-05, 1e-05), (0.58, 0.68), (1.31, 1.41)]
