Best in last gen:
[-7.89732556e-02 -5.33573442e-02 -6.96803033e-02  1.67621442e-02
  7.61035021e-03  3.01655810e-02  3.14476018e-02 -2.11880544e-02
 -8.16432857e-03  7.71843827e-02  2.19018753e-02 -4.09996108e-02
  2.18582486e-02 -9.50272021e-03  3.24639488e-02  1.33495721e-02
  5.29334787e-03  1.98278468e-02 -2.78832327e-02 -2.12270009e-03
 -8.50226182e-02 -1.81011053e-02 -6.75301378e-02 -7.82969139e-02
  2.23413863e-02 -6.18246281e-02 -5.90245622e-02  3.52532589e-02
  6.62991885e-02 -1.64060943e-02 -1.70504913e-02 -7.18079101e-02
 -5.61746718e-02  8.12348019e-02 -2.89656615e-02  3.38681294e-03
 -1.62936648e-03 -1.46395258e-02  4.31961727e-02 -1.98460085e-02
 -1.91202022e-02  3.63771242e-02 -1.79756175e-02 -5.37900535e-03
  1.12931226e-02  3.76996640e-02  3.52694839e-02  8.94092537e-03
  1.00113614e+00 -6.35485044e-06  8.00552790e-01  3.08332619e-01]
Best fitness in last gen:
0.0317312541817999
GA calculation time:
2.4905049800872803

Initial parameters
population size = 300
number of generations = 10
Real number of generations = 1
elitism = 2
crossover_rate = 0.95
mutation rate = 0.01
mutation range = [4.e-02 4.e-02 4.e-02 4.e-02 4.e-02 4.e-02 4.e-02 4.e-02 4.e-02 4.e-02
 4.e-02 4.e-02 4.e-02 4.e-02 4.e-02 4.e-02 4.e-02 4.e-02 4.e-02 4.e-02
 4.e-02 4.e-02 4.e-02 4.e-02 4.e-02 4.e-02 4.e-02 4.e-02 4.e-02 4.e-02
 4.e-02 4.e-02 4.e-02 4.e-02 4.e-02 4.e-02 4.e-02 4.e-02 4.e-02 4.e-02
 4.e-02 4.e-02 4.e-02 4.e-02 4.e-02 4.e-02 4.e-02 4.e-02 2.e-02 1.e-06
 2.e-02 2.e-02]
order = 3
gene ranges = [(-0.1, 0.1), (-0.1, 0.1), (-0.1, 0.1), (-0.1, 0.1), (-0.1, 0.1), (-0.1, 0.1), (-0.1, 0.1), (-0.1, 0.1), (-0.1, 0.1), (-0.1, 0.1), (-0.1, 0.1), (-0.1, 0.1), (-0.1, 0.1), (-0.1, 0.1), (-0.1, 0.1), (-0.1, 0.1), (-0.1, 0.1), (-0.1, 0.1), (-0.1, 0.1), (-0.1, 0.1), (-0.1, 0.1), (-0.1, 0.1), (-0.1, 0.1), (-0.1, 0.1), (-0.1, 0.1), (-0.1, 0.1), (-0.1, 0.1), (-0.1, 0.1), (-0.1, 0.1), (-0.1, 0.1), (-0.1, 0.1), (-0.1, 0.1), (-0.1, 0.1), (-0.1, 0.1), (-0.1, 0.1), (-0.1, 0.1), (-0.1, 0.1), (-0.1, 0.1), (-0.1, 0.1), (-0.1, 0.1), (-0.1, 0.1), (-0.1, 0.1), (-0.1, 0.1), (-0.1, 0.1), (-0.1, 0.1), (-0.1, 0.1), (-0.1, 0.1), (-0.1, 0.1), (0.98, 1.02), (-1e-05, 1e-05), (0.72, 0.82), (0.28, 0.38)]
