Best in last gen:
[-7.52547055e-03 -1.92173195e-03  1.17477095e-02 -1.34610533e-02
  7.30788137e-03  3.45283814e-02  2.85029963e-03  5.14452179e-02
 -3.18371136e-02 -3.93940892e-02  2.95095751e-02  1.56125601e-03
  2.32256244e-02  4.40997041e-02  1.63449138e-02 -3.79813428e-02
  4.61898407e-03  2.69609788e-02  4.14292455e-02  4.95207711e-02
 -7.30007928e-04 -1.98419151e-02 -3.54173457e-03 -5.96324401e-02
 -9.67223977e-03  4.02601392e-02 -5.70798108e-02  1.68700556e-02
 -3.65157350e-02 -1.52506312e-02 -7.76245840e-04  7.82846198e-03
 -6.83327733e-02 -4.38404381e-02 -2.96030298e-02  3.22497727e-02
  5.24307536e-02 -1.19818168e-02 -6.87495957e-04 -1.10019132e-02
  1.66152112e-02  2.71918791e-03  1.27764125e-02 -3.00147177e-02
  2.02828420e-02  3.69825643e-02 -1.41069538e-02  3.17447962e-02
  9.94077560e-01 -5.69153776e-07  6.05239383e-01  3.65774478e-01]
Best fitness in last gen:
2.5625894861123508e-05
GA calculation time:
3370.470595598221

Initial parameters
population size = 300
number of generations = 10000
Real number of generations = 10000
elitism = 2
crossover_rate = 0.95
mutation rate = 0.01
mutation range = [4.e-02 4.e-02 4.e-02 4.e-02 4.e-02 4.e-02 4.e-02 4.e-02 4.e-02 4.e-02
 4.e-02 4.e-02 4.e-02 4.e-02 4.e-02 4.e-02 4.e-02 4.e-02 4.e-02 4.e-02
 4.e-02 4.e-02 4.e-02 4.e-02 4.e-02 4.e-02 4.e-02 4.e-02 4.e-02 4.e-02
 4.e-02 4.e-02 4.e-02 4.e-02 4.e-02 4.e-02 4.e-02 4.e-02 4.e-02 4.e-02
 4.e-02 4.e-02 4.e-02 4.e-02 4.e-02 4.e-02 4.e-02 4.e-02 2.e-02 1.e-06
 2.e-02 2.e-02]
order = 3
gene ranges = [(-0.1, 0.1), (-0.1, 0.1), (-0.1, 0.1), (-0.1, 0.1), (-0.1, 0.1), (-0.1, 0.1), (-0.1, 0.1), (-0.1, 0.1), (-0.1, 0.1), (-0.1, 0.1), (-0.1, 0.1), (-0.1, 0.1), (-0.1, 0.1), (-0.1, 0.1), (-0.1, 0.1), (-0.1, 0.1), (-0.1, 0.1), (-0.1, 0.1), (-0.1, 0.1), (-0.1, 0.1), (-0.1, 0.1), (-0.1, 0.1), (-0.1, 0.1), (-0.1, 0.1), (-0.1, 0.1), (-0.1, 0.1), (-0.1, 0.1), (-0.1, 0.1), (-0.1, 0.1), (-0.1, 0.1), (-0.1, 0.1), (-0.1, 0.1), (-0.1, 0.1), (-0.1, 0.1), (-0.1, 0.1), (-0.1, 0.1), (-0.1, 0.1), (-0.1, 0.1), (-0.1, 0.1), (-0.1, 0.1), (-0.1, 0.1), (-0.1, 0.1), (-0.1, 0.1), (-0.1, 0.1), (-0.1, 0.1), (-0.1, 0.1), (-0.1, 0.1), (-0.1, 0.1), (0.98, 1.02), (-1e-05, 1e-05), (0.55, 0.65), (0.28, 0.38)]
