Best in last gen:
[-2.38830988e-02  2.34336332e-02 -2.36759772e-02 -4.27988136e-02
  2.42451915e-02 -1.38172158e-02 -2.13366046e-02 -3.01025236e-02
  6.62973648e-03  8.20021261e-03 -3.08631137e-02 -1.66175751e-02
  4.87607756e-02 -6.20208140e-03  1.18433112e-02  2.92100963e-03
  5.96784977e-03  6.21659373e-03 -3.76871218e-03  6.43925692e-03
  2.22959471e-03 -1.28195165e-02 -1.06113867e-02 -4.62373594e-03
 -7.13823883e-03 -2.92039906e-03  1.01553344e-02 -1.75429715e-02
  3.64911091e-02  1.36432851e-03  1.45694783e-02  4.46540382e-02
 -3.51469054e-02 -1.25470939e-02  1.88510226e-02  8.46878140e-03
 -8.85221944e-03 -2.22098905e-02 -3.32415146e-03  4.07995378e-04
 -1.16343090e-02 -9.01152206e-03 -2.62669719e-02 -4.38237680e-02
  3.57460521e-03  6.08255868e-02  6.10980401e-02 -5.30301469e-03
  1.00532809e+00  1.33503949e-07  6.18223948e-01  1.38566866e+00]
Best fitness in last gen:
4.553711917962797e-06
GA calculation time:
2588.5617933273315

Initial parameters
population size = 300
number of generations = 5000
Real number of generations = 5000
elitism = 2
crossover_rate = 0.95
mutation rate = 0.01
mutation range = [4.e-02 4.e-02 4.e-02 4.e-02 4.e-02 4.e-02 4.e-02 4.e-02 4.e-02 4.e-02
 4.e-02 4.e-02 4.e-02 4.e-02 4.e-02 4.e-02 4.e-02 4.e-02 4.e-02 4.e-02
 4.e-02 4.e-02 4.e-02 4.e-02 4.e-02 4.e-02 4.e-02 4.e-02 4.e-02 4.e-02
 4.e-02 4.e-02 4.e-02 4.e-02 4.e-02 4.e-02 4.e-02 4.e-02 4.e-02 4.e-02
 4.e-02 4.e-02 4.e-02 4.e-02 4.e-02 4.e-02 4.e-02 4.e-02 2.e-02 1.e-06
 2.e-02 2.e-02]
order = 3
gene ranges = [(-0.05, 0.05), (-0.05, 0.05), (-0.05, 0.05), (-0.05, 0.05), (-0.05, 0.05), (-0.05, 0.05), (-0.05, 0.05), (-0.05, 0.05), (-0.05, 0.05), (-0.05, 0.05), (-0.05, 0.05), (-0.05, 0.05), (-0.05, 0.05), (-0.05, 0.05), (-0.05, 0.05), (-0.05, 0.05), (-0.05, 0.05), (-0.05, 0.05), (-0.05, 0.05), (-0.05, 0.05), (-0.05, 0.05), (-0.05, 0.05), (-0.05, 0.05), (-0.05, 0.05), (-0.05, 0.05), (-0.05, 0.05), (-0.05, 0.05), (-0.05, 0.05), (-0.05, 0.05), (-0.05, 0.05), (-0.05, 0.05), (-0.05, 0.05), (-0.05, 0.05), (-0.05, 0.05), (-0.05, 0.05), (-0.05, 0.05), (-0.05, 0.05), (-0.05, 0.05), (-0.05, 0.05), (-0.05, 0.05), (-0.05, 0.05), (-0.05, 0.05), (-0.05, 0.05), (-0.05, 0.05), (-0.05, 0.05), (-0.05, 0.05), (-0.05, 0.05), (-0.05, 0.05), (0.98, 1.02), (-1e-05, 1e-05), (0.58, 0.68), (1.31, 1.41)]
