Best in last gen:
[ 1.73829228e-02 -1.57258471e-02  5.04831994e-03  1.66004349e-03
  2.88889174e-02  3.42259377e-03 -3.78377209e-03 -6.53783555e-03
 -6.12378313e-03 -1.04421192e-03 -1.06146645e-02  7.32493661e-03
  6.43672566e-03  2.46587158e-03 -1.95630064e-02 -1.32302836e-02
 -3.24984878e-02  8.36730157e-03 -1.29853911e-02  7.23489126e-03
 -4.72957608e-03 -1.54845634e-02  1.31140862e-02  2.21092582e-02
 -1.06361377e-02 -4.25795322e-03 -1.10453169e-02 -2.22297440e-02
 -1.23942740e-02  2.75599520e-02  3.87263329e-02 -5.75925566e-03
  1.43923622e-02  6.18655553e-03  3.32409211e-02 -5.32671693e-03
  1.27199893e-02  5.85553353e-03  6.36679907e-03 -1.04482322e-02
 -1.25449450e-04  8.67006860e-03 -1.33436504e-02  9.78238499e-03
  1.81012556e-03  3.49563549e-03  3.53813764e-03  4.09327603e-03
 -4.87891809e-03  1.29628497e-02 -1.02906088e-03  1.05352334e-02
  3.87260445e-03 -4.16235120e-03  1.35320427e-02 -1.11778733e-02
  6.03420064e-03 -4.68932728e-03  3.78343534e-03 -1.65527033e-02
  1.89691313e-02 -1.79337246e-02  3.94521284e-02 -5.12480974e-03
 -2.63979401e-03 -4.36042469e-03 -1.19539895e-02  1.66620412e-04
 -1.49172551e-02 -4.10970292e-04  9.03842737e-03 -9.71075212e-03
 -6.50548690e-03 -1.27988704e-02  1.42228083e-02 -2.08466007e-02
  8.04522735e-03 -2.13325544e-02 -3.49216374e-03 -2.52776620e-02
  4.43447906e-03 -1.95116511e-02  2.30457386e-02 -5.81006615e-02
  7.24516487e-03 -6.52219212e-03 -3.35202460e-03 -1.55150440e-03
 -1.45160151e-02 -7.22919004e-04  1.39989204e-02  6.80796290e-03
  3.02881629e-02  8.49436898e-03 -7.43800294e-04 -1.44956286e-02
  2.15816501e-02 -1.08845258e-02  1.00692047e-02  4.75512551e-04
  4.65442615e-03 -6.78217361e-03  1.14481210e-02  2.57982589e-03
 -1.30805339e-02 -8.28742257e-03  2.38019880e-02  6.13270944e-03
  3.06703901e-02  5.19252457e-03 -1.03084717e-02 -8.97892753e-04
 -3.56417150e-03 -1.07039232e-02  1.59985497e-02 -4.66381744e-03
  7.58352023e-03  1.33519713e-02  1.91422265e-02  3.33700062e-02
  1.00364296e+00  1.33208511e-06  2.88464006e-01  3.33828950e-01]
Best fitness in last gen:
2.89886988848522e-06
GA calculation time:
98.94596862792969

Initial parameters
population size = 50
number of generations = 1000
Real number of generations = 1000
elitism = 2
crossover_rate = 0.95
mutation rate = 0.01
mutation range = [4.e-02 4.e-02 4.e-02 4.e-02 4.e-02 4.e-02 4.e-02 4.e-02 4.e-02 4.e-02
 4.e-02 4.e-02 4.e-02 4.e-02 4.e-02 4.e-02 4.e-02 4.e-02 4.e-02 4.e-02
 4.e-02 4.e-02 4.e-02 4.e-02 4.e-02 4.e-02 4.e-02 4.e-02 4.e-02 4.e-02
 4.e-02 4.e-02 4.e-02 4.e-02 4.e-02 4.e-02 4.e-02 4.e-02 4.e-02 4.e-02
 4.e-02 4.e-02 4.e-02 4.e-02 4.e-02 4.e-02 4.e-02 4.e-02 4.e-02 4.e-02
 4.e-02 4.e-02 4.e-02 4.e-02 4.e-02 4.e-02 4.e-02 4.e-02 4.e-02 4.e-02
 4.e-02 4.e-02 4.e-02 4.e-02 4.e-02 4.e-02 4.e-02 4.e-02 4.e-02 4.e-02
 4.e-02 4.e-02 4.e-02 4.e-02 4.e-02 4.e-02 4.e-02 4.e-02 4.e-02 4.e-02
 4.e-02 4.e-02 4.e-02 4.e-02 4.e-02 4.e-02 4.e-02 4.e-02 4.e-02 4.e-02
 4.e-02 4.e-02 4.e-02 4.e-02 4.e-02 4.e-02 4.e-02 4.e-02 4.e-02 4.e-02
 4.e-02 4.e-02 4.e-02 4.e-02 4.e-02 4.e-02 4.e-02 4.e-02 4.e-02 4.e-02
 4.e-02 4.e-02 4.e-02 4.e-02 4.e-02 4.e-02 4.e-02 4.e-02 4.e-02 4.e-02
 2.e-02 1.e-06 2.e-02 2.e-02]
order = 5
gene ranges = [(-0.04, 0.04), (-0.04, 0.04), (-0.04, 0.04), (-0.04, 0.04), (-0.04, 0.04), (-0.04, 0.04), (-0.04, 0.04), (-0.04, 0.04), (-0.04, 0.04), (-0.04, 0.04), (-0.04, 0.04), (-0.04, 0.04), (-0.04, 0.04), (-0.04, 0.04), (-0.04, 0.04), (-0.04, 0.04), (-0.04, 0.04), (-0.04, 0.04), (-0.04, 0.04), (-0.04, 0.04), (-0.04, 0.04), (-0.04, 0.04), (-0.04, 0.04), (-0.04, 0.04), (-0.04, 0.04), (-0.04, 0.04), (-0.04, 0.04), (-0.04, 0.04), (-0.04, 0.04), (-0.04, 0.04), (-0.04, 0.04), (-0.04, 0.04), (-0.04, 0.04), (-0.04, 0.04), (-0.04, 0.04), (-0.04, 0.04), (-0.04, 0.04), (-0.04, 0.04), (-0.04, 0.04), (-0.04, 0.04), (-0.04, 0.04), (-0.04, 0.04), (-0.04, 0.04), (-0.04, 0.04), (-0.04, 0.04), (-0.04, 0.04), (-0.04, 0.04), (-0.04, 0.04), (-0.04, 0.04), (-0.04, 0.04), (-0.04, 0.04), (-0.04, 0.04), (-0.04, 0.04), (-0.04, 0.04), (-0.04, 0.04), (-0.04, 0.04), (-0.04, 0.04), (-0.04, 0.04), (-0.04, 0.04), (-0.04, 0.04), (-0.04, 0.04), (-0.04, 0.04), (-0.04, 0.04), (-0.04, 0.04), (-0.04, 0.04), (-0.04, 0.04), (-0.04, 0.04), (-0.04, 0.04), (-0.04, 0.04), (-0.04, 0.04), (-0.04, 0.04), (-0.04, 0.04), (-0.04, 0.04), (-0.04, 0.04), (-0.04, 0.04), (-0.04, 0.04), (-0.04, 0.04), (-0.04, 0.04), (-0.04, 0.04), (-0.04, 0.04), (-0.04, 0.04), (-0.04, 0.04), (-0.04, 0.04), (-0.04, 0.04), (-0.04, 0.04), (-0.04, 0.04), (-0.04, 0.04), (-0.04, 0.04), (-0.04, 0.04), (-0.04, 0.04), (-0.04, 0.04), (-0.04, 0.04), (-0.04, 0.04), (-0.04, 0.04), (-0.04, 0.04), (-0.04, 0.04), (-0.04, 0.04), (-0.04, 0.04), (-0.04, 0.04), (-0.04, 0.04), (-0.04, 0.04), (-0.04, 0.04), (-0.04, 0.04), (-0.04, 0.04), (-0.04, 0.04), (-0.04, 0.04), (-0.04, 0.04), (-0.04, 0.04), (-0.04, 0.04), (-0.04, 0.04), (-0.04, 0.04), (-0.04, 0.04), (-0.04, 0.04), (-0.04, 0.04), (-0.04, 0.04), (-0.04, 0.04), (-0.04, 0.04), (-0.04, 0.04), (-0.04, 0.04), (-0.04, 0.04), (0.98, 1.02), (-1e-05, 1e-05), (0.27, 0.31), (0.32, 0.36)]
