Best in last gen:
[-2.23861280e-02 -2.07020224e-02  3.80001889e-03  1.75526227e-02
 -1.03951554e-04  1.61089584e-02  1.45825593e-02 -8.54112194e-03
 -6.55695820e-03  2.20283193e-03  7.40732246e-04  2.77736792e-03
 -1.28206864e-02  1.29940640e-02  3.19716297e-02 -1.09528341e-02
 -9.84891881e-03 -3.74408616e-05  5.61528067e-03  3.66274097e-02
  2.05245398e-02  1.86054812e-02 -3.73421584e-03  2.44408183e-02
  1.13619328e-02 -2.13254313e-02  3.65374370e-02 -1.09245284e-02
  5.56039095e-03 -2.34924464e-02  1.33381423e-04 -3.28647577e-02
  3.92598858e-03 -4.16691729e-03 -2.25623280e-03  3.38804823e-03
 -2.73625227e-02  2.40489966e-02 -8.71302164e-03 -6.07561958e-03
  2.18168553e-03  5.71327806e-03  2.17609327e-02  3.31968835e-03
 -1.16215560e-03 -7.43874606e-04  1.35110290e-02 -1.20950330e-03
 -1.80480767e-02 -1.76181827e-02 -1.06644765e-02  1.10413241e-02
 -9.23141631e-03  1.25319836e-02 -1.90126569e-02  3.85746291e-02
 -1.08500557e-02  2.05426171e-02 -6.46322889e-03 -4.36498517e-03
 -2.36819726e-02 -4.18715973e-03 -4.77729991e-02  7.56285968e-03
 -5.49472501e-03 -1.11979586e-02 -2.26394831e-03 -8.08801531e-03
 -1.17285207e-02 -1.38696710e-02  8.71102827e-03 -8.90801183e-03
  9.73648970e-03  2.16458405e-02  4.74062907e-03  2.89922295e-02
 -2.23905127e-02 -1.02870173e-02  8.38826947e-03 -2.54414176e-03
  1.64226492e-03  1.34399668e-03 -1.06582666e-02  1.24064170e-04
  4.63274914e-03 -5.12717363e-02  8.43475169e-04  3.24563847e-02
 -9.25478474e-03  8.35092328e-03 -4.84580028e-03  1.50112144e-02
  3.29587251e-04 -8.97158144e-03  1.69378415e-02  2.35336470e-02
 -3.00674437e-03  6.45117270e-03  7.38922755e-03  4.20873699e-03
 -4.77019560e-02  6.57549597e-03 -1.11773346e-03  3.45075929e-03
  7.11215023e-03  2.17161488e-02  3.00284243e-02 -1.68474809e-02
  1.28727074e-02  4.15263947e-03 -3.37165624e-02 -5.73874098e-03
 -2.04878848e-02  1.23030941e-02  8.06942988e-03 -9.12500475e-03
  1.78921341e-02  8.80035309e-03 -1.09148064e-02  1.79527762e-02
  1.00915139e+00  1.05295717e-06  5.68072741e-01  2.39286428e-01]
Best fitness in last gen:
2.6753671777107543e-06
GA calculation time:
113.61610531806946

Initial parameters
population size = 50
number of generations = 1000
Real number of generations = 1000
elitism = 2
crossover_rate = 0.95
mutation rate = 0.01
mutation range = [4.e-02 4.e-02 4.e-02 4.e-02 4.e-02 4.e-02 4.e-02 4.e-02 4.e-02 4.e-02
 4.e-02 4.e-02 4.e-02 4.e-02 4.e-02 4.e-02 4.e-02 4.e-02 4.e-02 4.e-02
 4.e-02 4.e-02 4.e-02 4.e-02 4.e-02 4.e-02 4.e-02 4.e-02 4.e-02 4.e-02
 4.e-02 4.e-02 4.e-02 4.e-02 4.e-02 4.e-02 4.e-02 4.e-02 4.e-02 4.e-02
 4.e-02 4.e-02 4.e-02 4.e-02 4.e-02 4.e-02 4.e-02 4.e-02 4.e-02 4.e-02
 4.e-02 4.e-02 4.e-02 4.e-02 4.e-02 4.e-02 4.e-02 4.e-02 4.e-02 4.e-02
 4.e-02 4.e-02 4.e-02 4.e-02 4.e-02 4.e-02 4.e-02 4.e-02 4.e-02 4.e-02
 4.e-02 4.e-02 4.e-02 4.e-02 4.e-02 4.e-02 4.e-02 4.e-02 4.e-02 4.e-02
 4.e-02 4.e-02 4.e-02 4.e-02 4.e-02 4.e-02 4.e-02 4.e-02 4.e-02 4.e-02
 4.e-02 4.e-02 4.e-02 4.e-02 4.e-02 4.e-02 4.e-02 4.e-02 4.e-02 4.e-02
 4.e-02 4.e-02 4.e-02 4.e-02 4.e-02 4.e-02 4.e-02 4.e-02 4.e-02 4.e-02
 4.e-02 4.e-02 4.e-02 4.e-02 4.e-02 4.e-02 4.e-02 4.e-02 4.e-02 4.e-02
 2.e-02 1.e-06 2.e-02 2.e-02]
order = 5
gene ranges = [(-0.04, 0.04), (-0.04, 0.04), (-0.04, 0.04), (-0.04, 0.04), (-0.04, 0.04), (-0.04, 0.04), (-0.04, 0.04), (-0.04, 0.04), (-0.04, 0.04), (-0.04, 0.04), (-0.04, 0.04), (-0.04, 0.04), (-0.04, 0.04), (-0.04, 0.04), (-0.04, 0.04), (-0.04, 0.04), (-0.04, 0.04), (-0.04, 0.04), (-0.04, 0.04), (-0.04, 0.04), (-0.04, 0.04), (-0.04, 0.04), (-0.04, 0.04), (-0.04, 0.04), (-0.04, 0.04), (-0.04, 0.04), (-0.04, 0.04), (-0.04, 0.04), (-0.04, 0.04), (-0.04, 0.04), (-0.04, 0.04), (-0.04, 0.04), (-0.04, 0.04), (-0.04, 0.04), (-0.04, 0.04), (-0.04, 0.04), (-0.04, 0.04), (-0.04, 0.04), (-0.04, 0.04), (-0.04, 0.04), (-0.04, 0.04), (-0.04, 0.04), (-0.04, 0.04), (-0.04, 0.04), (-0.04, 0.04), (-0.04, 0.04), (-0.04, 0.04), (-0.04, 0.04), (-0.04, 0.04), (-0.04, 0.04), (-0.04, 0.04), (-0.04, 0.04), (-0.04, 0.04), (-0.04, 0.04), (-0.04, 0.04), (-0.04, 0.04), (-0.04, 0.04), (-0.04, 0.04), (-0.04, 0.04), (-0.04, 0.04), (-0.04, 0.04), (-0.04, 0.04), (-0.04, 0.04), (-0.04, 0.04), (-0.04, 0.04), (-0.04, 0.04), (-0.04, 0.04), (-0.04, 0.04), (-0.04, 0.04), (-0.04, 0.04), (-0.04, 0.04), (-0.04, 0.04), (-0.04, 0.04), (-0.04, 0.04), (-0.04, 0.04), (-0.04, 0.04), (-0.04, 0.04), (-0.04, 0.04), (-0.04, 0.04), (-0.04, 0.04), (-0.04, 0.04), (-0.04, 0.04), (-0.04, 0.04), (-0.04, 0.04), (-0.04, 0.04), (-0.04, 0.04), (-0.04, 0.04), (-0.04, 0.04), (-0.04, 0.04), (-0.04, 0.04), (-0.04, 0.04), (-0.04, 0.04), (-0.04, 0.04), (-0.04, 0.04), (-0.04, 0.04), (-0.04, 0.04), (-0.04, 0.04), (-0.04, 0.04), (-0.04, 0.04), (-0.04, 0.04), (-0.04, 0.04), (-0.04, 0.04), (-0.04, 0.04), (-0.04, 0.04), (-0.04, 0.04), (-0.04, 0.04), (-0.04, 0.04), (-0.04, 0.04), (-0.04, 0.04), (-0.04, 0.04), (-0.04, 0.04), (-0.04, 0.04), (-0.04, 0.04), (-0.04, 0.04), (-0.04, 0.04), (-0.04, 0.04), (-0.04, 0.04), (-0.04, 0.04), (-0.04, 0.04), (-0.04, 0.04), (0.98, 1.02), (-1e-05, 1e-05), (0.56, 0.6), (0.21, 0.25)]
