Best in last gen:
[ 2.23804136e-02  2.45793100e-03  4.15875202e-02 -1.70752566e-02
 -1.76930976e-02  1.02847003e-02 -2.12700241e-02  1.06738829e-02
 -1.63805078e-02 -6.21754285e-03  6.50321052e-02  5.32532756e-02
  1.17815924e-03  1.09104891e-02  3.81776801e-02  4.17018807e-03
 -3.98688308e-02 -8.25409584e-03  3.27933991e-02  1.91771301e-02
  4.85640474e-02 -5.02976182e-03  4.47483640e-02 -1.25882166e-02
 -1.90537573e-02 -5.79019685e-02  2.18875810e-02  1.62902526e-02
  1.21217980e-03 -2.47850483e-02  1.10633958e-02 -3.43092115e-03
 -4.16573493e-02 -7.42930890e-02  2.90807937e-02 -6.15341360e-02
  4.64200421e-03 -1.94067099e-02 -1.41063069e-02  8.09452185e-03
  2.37467416e-02  1.55979666e-02 -1.61653146e-02 -1.20956625e-02
  5.40294389e-03  1.76551221e-02  2.62854535e-02 -2.29263771e-02
  9.93818696e-01 -4.94188574e-08  5.53469309e-01  1.93508533e-01]
Best fitness in last gen:
8.719337066771576e-06
GA calculation time:
5719.281007528305

Initial parameters
population size = 250
number of generations = 20000
Real number of generations = 20000
elitism = 2
crossover_rate = 0.95
mutation rate = 0.01
mutation range = [4.e-02 4.e-02 4.e-02 4.e-02 4.e-02 4.e-02 4.e-02 4.e-02 4.e-02 4.e-02
 4.e-02 4.e-02 4.e-02 4.e-02 4.e-02 4.e-02 4.e-02 4.e-02 4.e-02 4.e-02
 4.e-02 4.e-02 4.e-02 4.e-02 4.e-02 4.e-02 4.e-02 4.e-02 4.e-02 4.e-02
 4.e-02 4.e-02 4.e-02 4.e-02 4.e-02 4.e-02 4.e-02 4.e-02 4.e-02 4.e-02
 4.e-02 4.e-02 4.e-02 4.e-02 4.e-02 4.e-02 4.e-02 4.e-02 2.e-02 1.e-06
 2.e-02 2.e-02]
order = 3
gene ranges = [(-0.04, 0.04), (-0.04, 0.04), (-0.04, 0.04), (-0.04, 0.04), (-0.04, 0.04), (-0.04, 0.04), (-0.04, 0.04), (-0.04, 0.04), (-0.04, 0.04), (-0.04, 0.04), (-0.04, 0.04), (-0.04, 0.04), (-0.04, 0.04), (-0.04, 0.04), (-0.04, 0.04), (-0.04, 0.04), (-0.04, 0.04), (-0.04, 0.04), (-0.04, 0.04), (-0.04, 0.04), (-0.04, 0.04), (-0.04, 0.04), (-0.04, 0.04), (-0.04, 0.04), (-0.04, 0.04), (-0.04, 0.04), (-0.04, 0.04), (-0.04, 0.04), (-0.04, 0.04), (-0.04, 0.04), (-0.04, 0.04), (-0.04, 0.04), (-0.04, 0.04), (-0.04, 0.04), (-0.04, 0.04), (-0.04, 0.04), (-0.04, 0.04), (-0.04, 0.04), (-0.04, 0.04), (-0.04, 0.04), (-0.04, 0.04), (-0.04, 0.04), (-0.04, 0.04), (-0.04, 0.04), (-0.04, 0.04), (-0.04, 0.04), (-0.04, 0.04), (-0.04, 0.04), (0.98, 1.02), (-1e-05, 1e-05), (0.53, 0.57), (0.17, 0.21)]