Best in last gen:
[-2.12774499e-02  1.11907261e-02 -3.04835790e-03 -3.27349987e-02
 -4.72003305e-02 -2.48868356e-02  1.04832607e-02  5.17574450e-02
 -6.34122966e-03 -4.72249186e-02 -4.48788282e-03  2.16808329e-02
  1.44125060e-02  1.94422215e-02 -1.10772078e-02  3.76874099e-02
 -2.55850588e-03 -2.38840826e-02 -3.37460699e-02 -1.49994606e-02
  1.57751006e-02 -3.79416169e-02 -1.08405735e-01  3.03141958e-02
  7.73049074e-02 -8.83094579e-03  4.11411345e-02  2.39426460e-02
  1.39587023e-02  1.36249558e-02 -1.89189388e-02  4.86764255e-02
  2.14806552e-02  7.10966306e-04 -3.18034809e-02 -1.40400854e-02
 -5.75642602e-03 -2.91585851e-02  1.45808645e-03 -2.96841024e-02
  3.00289241e-02 -1.12227186e-02 -1.02005603e-02  2.90984562e-02
  1.55506700e-03  6.77125387e-03 -1.86272369e-02 -4.00857770e-02
  9.83216570e-01  5.38160566e-01  2.94036266e+00  1.53825444e+00]
Best fitness in last gen:
1.3464149667097444e-06

Best in all:
[-2.12774499e-02  1.11907261e-02 -3.04835790e-03 -3.27349987e-02
 -4.72003305e-02 -2.48868356e-02  1.04832607e-02  5.17574450e-02
 -6.34122966e-03 -4.72249186e-02 -4.48788282e-03  2.16808329e-02
  1.44125060e-02  1.94422215e-02 -1.10772078e-02  3.76874099e-02
 -2.55850588e-03 -2.38840826e-02 -3.37460699e-02 -1.49994606e-02
  1.57751006e-02 -3.79416169e-02 -1.08405735e-01  3.03141958e-02
  7.73049074e-02 -8.83094579e-03  4.11411345e-02  2.39426460e-02
  1.39587023e-02  1.36249558e-02 -1.89189388e-02  4.86764255e-02
  2.14806552e-02  7.10966306e-04 -3.18034809e-02 -1.40400854e-02
 -5.75642602e-03 -2.91585851e-02  1.45808645e-03 -2.96841024e-02
  3.00289241e-02 -1.12227186e-02 -1.02005603e-02  2.90984562e-02
  1.55506700e-03  6.77125387e-03 -1.86272369e-02 -4.00857770e-02
  9.83216570e-01  5.38160566e-01  2.94036266e+00  1.53825444e+00]
Best fitness in all:
1.3464149667097444e-06
GA calculation time:
491.0141112804413

Initial parameters
population size = 25
number of generations = 10000
Real number of generations = 10000
elitism = 2
crossover_rate = 0.95
mutation rate = 0.007
mutation range = 0.1
order = 3
gene ranges = ((-0.1, 0.1), (0.98, 1.02), (-2, 2), (2.0, 3.5), (0.7, 2.0))
